66.000000 3.000000 -0.417819 -0.377779
179.000000 10.000000 -0.233946 -0.366021
94.000000 12.000000 -0.371650 -0.362603
482.000000 69.000000 0.257588 -0.271358
420.000000 110.000000 0.157965 -0.206423
449.000000 113.000000 0.205036 -0.201182
519.000000 127.000000 0.317922 -0.177550
388.000000 129.000000 0.106002 -0.176046
499.000000 141.000000 0.286037 -0.155232
516.000000 142.000000 0.313320 -0.153384
503.000000 143.000000 0.292486 -0.151944
561.000000 145.000000 0.385394 -0.148004
520.000000 147.000000 0.319794 -0.145253
601.000000 147.000000 0.449667 -0.144486
611.000000 149.000000 0.465848 -0.141226
614.000000 149.000000 0.470713 -0.141220
584.000000 150.000000 0.422313 -0.139741
624.000000 150.000000 0.486982 -0.139599
504.000000 151.000000 0.294197 -0.138993
559.000000 151.000000 0.382252 -0.138342
574.000000 151.000000 0.406276 -0.138204
630.000000 153.000000 0.496781 -0.134758
567.000000 154.000000 0.395087 -0.133424
583.000000 154.000000 0.420736 -0.133294
576.000000 158.000000 0.409538 -0.126891
631.000000 158.000000 0.498410 -0.126679
554.000000 161.000000 0.374353 -0.122244
436.000000 162.000000 0.184583 -0.121964
440.000000 162.000000 0.191079 -0.121922
442.000000 162.000000 0.194325 -0.121901
428.000000 163.000000 0.171585 -0.120415
576.000000 163.000000 0.409578 -0.118819
614.000000 164.000000 0.470745 -0.117000
631.000000 164.000000 0.498405 -0.116983
407.000000 165.000000 0.137363 -0.117343
585.000000 165.000000 0.424022 -0.115525
589.000000 165.000000 0.430443 -0.115499
411.000000 166.000000 0.143903 -0.115679
398.000000 167.000000 0.122663 -0.114148
595.000000 167.000000 0.440097 -0.112235
579.000000 171.000000 0.414444 -0.105878
600.000000 172.000000 0.448169 -0.104137
607.000000 174.000000 0.459460 -0.100877
298.000000 175.000000 -0.041768 -0.101313
598.000000 175.000000 0.444965 -0.099303
298.000000 177.000000 -0.041772 -0.098038
300.000000 177.000000 -0.038479 -0.098042
297.000000 180.000000 -0.043426 -0.093122
298.000000 183.000000 -0.041785 -0.088207
300.000000 183.000000 -0.038490 -0.088211
358.000000 183.000000 0.057084 -0.088179
607.000000 183.000000 0.459496 -0.086343
597.000000 184.000000 0.443402 -0.084773
299.000000 186.000000 -0.040143 -0.083291
599.000000 187.000000 0.446631 -0.079917
301.000000 188.000000 -0.036851 -0.080014
300.000000 190.000000 -0.038502 -0.076731
580.000000 191.000000 0.416177 -0.073557
300.000000 194.000000 -0.038508 -0.070166
595.000000 194.000000 0.440238 -0.068628
303.000000 195.000000 -0.033564 -0.068528
302.000000 197.000000 -0.035216 -0.065243
598.000000 199.000000 0.445079 -0.060535
301.000000 200.000000 -0.036868 -0.060314
600.000000 202.000000 0.448306 -0.055678
579.000000 203.000000 0.414644 -0.054161
303.000000 204.000000 -0.033575 -0.053743
301.000000 205.000000 -0.036874 -0.052097
301.000000 207.000000 -0.036877 -0.048810
303.000000 208.000000 -0.033579 -0.047168
591.000000 208.000000 0.433885 -0.046019
595.000000 208.000000 0.440301 -0.046002
586.000000 209.000000 0.425878 -0.044424
300.000000 210.000000 -0.038529 -0.043876
304.000000 211.000000 -0.031932 -0.042235
579.000000 212.000000 0.414688 -0.039603
584.000000 212.000000 0.422688 -0.039581
301.000000 214.000000 -0.036884 -0.037298
304.000000 217.000000 -0.031937 -0.032365
580.000000 217.000000 0.416308 -0.031510
596.000000 217.000000 0.441941 -0.031448
583.000000 218.000000 0.421113 -0.029880
302.000000 219.000000 -0.035238 -0.029073
594.000000 219.000000 0.438739 -0.028222
305.000000 223.000000 -0.030290 -0.022492
594.000000 223.000000 0.438753 -0.021754
302.000000 225.000000 -0.035242 -0.019198
590.000000 225.000000 0.432347 -0.018532
452.000000 227.000000 0.210991 -0.015728
304.000000 228.000000 -0.031943 -0.014260
598.000000 228.000000 0.445187 -0.013656
440.000000 229.000000 0.191514 -0.012483
459.000000 229.000000 0.222337 -0.012439
603.000000 229.000000 0.453223 -0.012024
302.000000 231.000000 -0.035244 -0.009320
445.000000 231.000000 0.199642 -0.009198
452.000000 231.000000 0.211001 -0.009184
464.000000 231.000000 0.230432 -0.009159
601.000000 231.000000 0.450015 -0.008796
607.000000 231.000000 0.459665 -0.008779
459.000000 232.000000 0.222344 -0.007534
449.000000 233.000000 0.206138 -0.005917
600.000000 233.000000 0.448414 -0.005565
304.000000 234.000000 -0.031945 -0.004381
596.000000 234.000000 0.441994 -0.003958
303.000000 237.000000 -0.033596 0.000559
305.000000 240.000000 -0.030296 0.005499
599.000000 240.000000 0.446825 0.005753
597.000000 242.000000 0.443619 0.008984
304.000000 243.000000 -0.031946 0.010440
331.000000 243.000000 0.012627 0.010440
354.000000 243.000000 0.050579 0.010440
420.000000 243.000000 0.158945 0.010445
594.000000 243.000000 0.438807 0.010595
321.000000 244.000000 -0.003883 0.012087
335.000000 244.000000 0.019231 0.012087
416.000000 244.000000 0.152411 0.012085
422.000000 245.000000 0.162210 0.013726
425.000000 245.000000 0.167104 0.013726
445.000000 245.000000 0.199655 0.013725
454.000000 245.000000 0.214257 0.013725
312.000000 246.000000 -0.018741 0.015381
447.000000 246.000000 0.202903 0.015362
601.000000 246.000000 0.450051 0.015462
582.000000 247.000000 0.419591 0.017046
304.000000 248.000000 -0.031946 0.018674
344.000000 248.000000 0.034084 0.018673
420.000000 248.000000 0.158944 0.018648
452.000000 248.000000 0.211014 0.018634
307.000000 249.000000 -0.026995 0.020321
589.000000 249.000000 0.430802 0.020293
598.000000 249.000000 0.445238 0.020309
417.000000 250.000000 0.154043 0.021932
303.000000 251.000000 -0.033596 0.023615
352.000000 251.000000 0.047280 0.023611
309.000000 252.000000 -0.023693 0.025262
435.000000 252.000000 0.183394 0.025197
447.000000 252.000000 0.202899 0.025185
603.000000 252.000000 0.453279 0.025171
304.000000 254.000000 -0.031945 0.028555
306.000000 254.000000 -0.028644 0.028555
345.000000 254.000000 0.035732 0.028553
419.000000 254.000000 0.157306 0.028493
435.000000 254.000000 0.183392 0.028474
594.000000 254.000000 0.438826 0.028391
315.000000 256.000000 -0.013788 0.031850
435.000000 256.000000 0.183389 0.031751
304.000000 257.000000 -0.031944 0.033495
352.000000 257.000000 0.047277 0.033489
345.000000 258.000000 0.035731 0.035139
598.000000 258.000000 0.445253 0.034868
305.000000 259.000000 -0.030293 0.036788
308.000000 259.000000 -0.025342 0.036789
428.000000 259.000000 0.171982 0.036680
143.000000 260.000000 -0.294547 0.038177
314.000000 260.000000 -0.015438 0.038437
353.000000 260.000000 0.048924 0.038426
418.000000 260.000000 0.155664 0.038338
332.000000 261.000000 0.014276 0.040082
587.000000 261.000000 0.427611 0.039711
598.000000 261.000000 0.445257 0.039721
353.000000 262.000000 0.048923 0.041718
419.000000 262.000000 0.157293 0.041617
431.000000 262.000000 0.176865 0.041591
120.000000 263.000000 -0.331430 0.043018
304.000000 263.000000 -0.031942 0.043372
310.000000 263.000000 -0.022040 0.043375
334.000000 263.000000 0.017577 0.043375
428.000000 264.000000 0.171972 0.044876
595.000000 264.000000 0.440442 0.044572
143.000000 266.000000 -0.294534 0.047951
305.000000 266.000000 -0.030290 0.048311
309.000000 266.000000 -0.023689 0.048313
354.000000 266.000000 0.050568 0.048299
420.000000 266.000000 0.158917 0.048175
428.000000 266.000000 0.171967 0.048154
338.000000 267.000000 0.024176 0.049957
356.000000 267.000000 0.053864 0.049942
304.000000 268.000000 -0.031939 0.051602
125.000000 269.000000 -0.323406 0.052785
331.000000 269.000000 0.012623 0.053251
333.000000 269.000000 0.015924 0.053251
336.000000 269.000000 0.020875 0.053249
587.000000 269.000000 0.427614 0.052659
590.000000 269.000000 0.432423 0.052660
593.000000 269.000000 0.437236 0.052661
598.000000 269.000000 0.445265 0.052664
123.000000 270.000000 -0.326608 0.054405
314.000000 270.000000 -0.015436 0.054897
305.000000 271.000000 -0.030287 0.056539
309.000000 271.000000 -0.023687 0.056541
429.000000 272.000000 0.173578 0.057983
588.000000 272.000000 0.429217 0.057515
123.000000 274.000000 -0.326596 0.060908
305.000000 274.000000 -0.030285 0.061474
126.000000 275.000000 -0.321785 0.062544
422.000000 275.000000 0.162153 0.062923
602.000000 275.000000 0.451703 0.062375
133.000000 276.000000 -0.310555 0.064197
306.000000 277.000000 -0.028633 0.066409
426.000000 277.000000 0.168669 0.066185
185.000000 278.000000 -0.226755 0.067683
603.000000 278.000000 0.453315 0.067230
308.000000 280.000000 -0.025332 0.071344
603.000000 281.000000 0.453318 0.072083
307.000000 283.000000 -0.026979 0.076275
562.000000 284.000000 0.387588 0.076983
610.000000 284.000000 0.464610 0.076946
309.000000 286.000000 -0.023678 0.081208
606.000000 287.000000 0.458159 0.081794
127.000000 289.000000 -0.320119 0.085308
577.000000 290.000000 0.411574 0.086663
593.000000 292.000000 0.437235 0.089880
310.000000 293.000000 -0.022023 0.092707
605.000000 293.000000 0.456553 0.091501
366.000000 294.000000 0.070280 0.094288
572.000000 294.000000 0.403558 0.093151
577.000000 295.000000 0.411563 0.094758
126.000000 296.000000 -0.321683 0.096677
122.000000 297.000000 -0.328090 0.098277
602.000000 297.000000 0.451719 0.097971
569.000000 299.000000 0.398740 0.101257
577.000000 300.000000 0.411550 0.102852
608.000000 300.000000 0.461405 0.102832
616.000000 300.000000 0.474354 0.102850
623.000000 300.000000 0.485723 0.102874
126.000000 302.000000 -0.321644 0.106422
567.000000 302.000000 0.395528 0.106122
120.000000 303.000000 -0.331259 0.108006
197.000000 303.000000 -0.207149 0.108584
201.000000 303.000000 -0.200654 0.108613
207.000000 303.000000 -0.190903 0.108657
307.000000 304.000000 -0.026958 0.110754
207.000000 305.000000 -0.190888 0.111923
311.000000 305.000000 -0.020364 0.112398
572.000000 305.000000 0.403524 0.110961
569.000000 306.000000 0.398715 0.112591
198.000000 308.000000 -0.205487 0.116750
207.000000 308.000000 -0.190866 0.116820
308.000000 308.000000 -0.025305 0.117312
113.000000 309.000000 -0.342439 0.117695
193.000000 309.000000 -0.213591 0.118340
542.000000 309.000000 0.355488 0.117589
548.000000 309.000000 0.365089 0.117552
207.000000 310.000000 -0.190850 0.120084
197.000000 311.000000 -0.207086 0.121634
519.000000 311.000000 0.318647 0.120999
135.000000 312.000000 -0.307126 0.122729
203.000000 312.000000 -0.197335 0.123315
304.000000 313.000000 -0.031889 0.125497
460.000000 313.000000 0.223657 0.124771
502.000000 313.000000 0.291356 0.124389
179.000000 314.000000 -0.236219 0.126366
207.000000 314.000000 -0.190818 0.126610
299.000000 314.000000 -0.040121 0.127125
516.000000 314.000000 0.313813 0.125892
519.000000 314.000000 0.318622 0.125867
174.000000 315.000000 -0.244292 0.127949
182.000000 315.000000 -0.231357 0.128021
522.000000 315.000000 0.323422 0.127464
289.000000 316.000000 -0.056577 0.130373
464.000000 316.000000 0.230099 0.129618
283.000000 317.000000 -0.066443 0.131990
355.000000 317.000000 0.052109 0.132009
466.000000 317.000000 0.233323 0.131227
170.000000 318.000000 -0.250725 0.132792
276.000000 318.000000 -0.077947 0.133598
146.000000 319.000000 -0.289387 0.134192
165.000000 319.000000 -0.258784 0.134371
167.000000 319.000000 -0.255557 0.134390
184.000000 319.000000 -0.228084 0.134552
213.000000 319.000000 -0.181015 0.134815
495.000000 320.000000 0.280041 0.135822
152.000000 321.000000 -0.279713 0.137497
178.000000 321.000000 -0.237771 0.137749
214.000000 322.000000 -0.179362 0.139714
493.000000 322.000000 0.276805 0.139089
494.000000 324.000000 0.278393 0.142326
240.000000 325.000000 -0.136922 0.144819
215.000000 326.000000 -0.177699 0.146241
164.000000 327.000000 -0.260318 0.147362
169.000000 327.000000 -0.252250 0.147414
158.000000 328.000000 -0.269980 0.148925
503.000000 328.000000 0.292819 0.148725
513.000000 328.000000 0.308874 0.148625
227.000000 329.000000 -0.158119 0.151235
229.000000 329.000000 -0.154856 0.151253
169.000000 331.000000 -0.252208 0.153912
184.000000 331.000000 -0.227964 0.154071
237.000000 331.000000 -0.141778 0.154578
181.000000 332.000000 -0.232807 0.155664
503.000000 332.000000 0.292778 0.155212
158.000000 333.000000 -0.269928 0.157041
164.000000 333.000000 -0.260255 0.157106
498.000000 333.000000 0.284731 0.156887
221.000000 334.000000 -0.167854 0.159324
221.000000 339.000000 -0.167807 0.167460
184.000000 340.000000 -0.227866 0.168691
499.000000 343.000000 0.286228 0.173083
217.000000 345.000000 -0.174259 0.177173
166.000000 346.000000 -0.256882 0.178218
215.000000 347.000000 -0.177492 0.180401
174.000000 348.000000 -0.243942 0.181555
175.000000 350.000000 -0.242303 0.184809
212.000000 351.000000 -0.182327 0.186862
186.000000 352.000000 -0.224490 0.188183
215.000000 352.000000 -0.177438 0.188518
167.000000 354.000000 -0.255173 0.191193
190.000000 354.000000 -0.217989 0.191473
531.000000 354.000000 0.337491 0.190540
158.000000 355.000000 -0.269677 0.192703
228.000000 355.000000 -0.156242 0.193523
549.000000 355.000000 0.366368 0.192002
559.000000 355.000000 0.382427 0.191935
192.000000 356.000000 -0.214726 0.194739
530.000000 356.000000 0.335867 0.193785
564.000000 356.000000 0.390457 0.193525
108.000000 357.000000 -0.350079 0.195406
210.000000 357.000000 -0.185510 0.196572
485.000000 357.000000 0.263526 0.195922
574.000000 357.000000 0.406546 0.195103
102.000000 358.000000 -0.359715 0.196975
157.000000 358.000000 -0.271252 0.197547
493.000000 358.000000 0.276397 0.197439
581.000000 358.000000 0.417829 0.196706
489.000000 359.000000 0.269944 0.199107
590.000000 359.000000 0.432370 0.198324
92.000000 360.000000 -0.375783 0.200142
483.000000 360.000000 0.260266 0.200802
169.000000 361.000000 -0.251858 0.202551
197.000000 362.000000 -0.206550 0.204519
158.000000 363.000000 -0.269579 0.205651
176.000000 363.000000 -0.240527 0.205876
178.000000 363.000000 -0.237294 0.205901
161.000000 364.000000 -0.264729 0.207305
164.000000 364.000000 -0.259890 0.207343
205.000000 364.000000 -0.193548 0.207855
422.000000 364.000000 0.161441 0.208039
624.000000 364.000000 0.487852 0.206661
635.000000 366.000000 0.506078 0.210092
52.000000 367.000000 -0.440408 0.211414
203.000000 367.000000 -0.196758 0.212688
446.000000 367.000000 0.200379 0.212606
622.000000 368.000000 0.484612 0.213139
486.000000 369.000000 0.264984 0.215317
631.000000 369.000000 0.499494 0.214906
34.000000 370.000000 -0.469825 0.216413
405.000000 370.000000 0.133684 0.217937
367.000000 371.000000 0.071563 0.219866
492.000000 371.000000 0.274623 0.218471
22.000000 372.000000 -0.489624 0.219829
570.000000 372.000000 0.400056 0.219386
634.000000 372.000000 0.504532 0.219852
17.000000 373.000000 -0.497933 0.221547
416.000000 373.000000 0.151575 0.222674
536.000000 373.000000 0.345342 0.221208
572.000000 373.000000 0.403280 0.221000
636.000000 373.000000 0.507882 0.221525
11.000000 374.000000 -0.507949 0.223302
494.000000 374.000000 0.277804 0.223293
425.000000 375.000000 0.166193 0.225805
544.000000 375.000000 0.358184 0.224375
635.000000 375.000000 0.506259 0.224767
406.000000 376.000000 0.135253 0.227634
489.000000 376.000000 0.269726 0.226588
548.000000 376.000000 0.364609 0.225962
551.000000 377.000000 0.369429 0.227559
490.000000 378.000000 0.271311 0.229805
494.000000 378.000000 0.277753 0.229753
558.000000 378.000000 0.380693 0.229138
430.000000 379.000000 0.174269 0.232209
452.000000 379.000000 0.209942 0.231927
454.000000 379.000000 0.213179 0.231900
485.000000 379.000000 0.263242 0.231485
492.000000 379.000000 0.274520 0.231394
535.000000 379.000000 0.343681 0.230913
539.000000 379.000000 0.350113 0.230879
543.000000 379.000000 0.356546 0.230847
467.000000 380.000000 0.234185 0.233341
621.000000 381.000000 0.483156 0.234283
414.000000 382.000000 0.148219 0.237244
424.000000 382.000000 0.164484 0.237128
482.000000 382.000000 0.258366 0.236368
547.000000 382.000000 0.362960 0.235668
553.000000 382.000000 0.372620 0.235632
560.000000 382.000000 0.383899 0.235599
400.000000 383.000000 0.125400 0.239008
407.000000 383.000000 0.136809 0.238936
420.000000 383.000000 0.157969 0.238790
491.000000 383.000000 0.272858 0.237865
550.000000 383.000000 0.367783 0.237266
562.000000 383.000000 0.387120 0.237209
574.000000 383.000000 0.406498 0.237187
469.000000 384.000000 0.237361 0.239771
476.000000 384.000000 0.248661 0.239677
483.000000 384.000000 0.259952 0.239583
539.000000 384.000000 0.350073 0.238958
493.000000 385.000000 0.276054 0.241067
509.000000 386.000000 0.301798 0.242485
512.000000 386.000000 0.306625 0.242451
531.000000 386.000000 0.337187 0.242257
534.000000 386.000000 0.342013 0.242230
536.000000 386.000000 0.345230 0.242214
436.000000 387.000000 0.183908 0.245051
553.000000 387.000000 0.372594 0.243717
609.000000 387.000000 0.463490 0.243877
615.000000 387.000000 0.473356 0.243961
429.000000 388.000000 0.172534 0.246753
547.000000 388.000000 0.362922 0.245367
436.000000 389.000000 0.183883 0.248278
492.000000 389.000000 0.274392 0.247535
512.000000 389.000000 0.306591 0.247293
562.000000 389.000000 0.387102 0.246918
489.000000 390.000000 0.269545 0.249186
379.000000 391.000000 0.091053 0.252110
444.000000 391.000000 0.196827 0.251400
433.000000 392.000000 0.178977 0.253155
439.000000 392.000000 0.188710 0.253078
450.000000 392.000000 0.206531 0.252933
495.000000 392.000000 0.279187 0.252337
543.000000 392.000000 0.356455 0.251857
552.000000 392.000000 0.370958 0.251807
367.000000 393.000000 0.071428 0.255421
372.000000 393.000000 0.079601 0.255388
443.000000 393.000000 0.195180 0.254638
453.000000 393.000000 0.211374 0.254505
529.000000 393.000000 0.333906 0.253580
544.000000 394.000000 0.358053 0.255084
369.000000 395.000000 0.074684 0.258633
457.000000 395.000000 0.217819 0.257676
477.000000 395.000000 0.250128 0.257408
558.000000 395.000000 0.380628 0.256638
219.000000 396.000000 -0.170427 0.259725
225.000000 397.000000 -0.160664 0.261406
504.000000 398.000000 0.293610 0.261907
506.000000 398.000000 0.296831 0.261884
524.000000 398.000000 0.325813 0.261699
508.000000 399.000000 0.300041 0.263475
541.000000 399.000000 0.353188 0.263184
331.000000 400.000000 0.012497 0.266844
333.000000 400.000000 0.015770 0.266841
366.000000 400.000000 0.069749 0.266710
357.000000 401.000000 0.055032 0.268371
364.000000 401.000000 0.066475 0.268333
537.000000 401.000000 0.346729 0.266441
355.000000 403.000000 0.051752 0.271602
362.000000 403.000000 0.063194 0.271565
393.000000 403.000000 0.113794 0.271328
558.000000 403.000000 0.380610 0.269587
468.000000 404.000000 0.235478 0.272032
540.000000 404.000000 0.351547 0.271271
392.000000 405.000000 0.112145 0.274557
547.000000 405.000000 0.362836 0.272854
549.000000 405.000000 0.366065 0.272847
386.000000 406.000000 0.102354 0.276221
391.000000 407.000000 0.110497 0.277785
466.000000 407.000000 0.232208 0.276890
547.000000 407.000000 0.362828 0.276089
560.000000 408.000000 0.383842 0.277683
541.000000 409.000000 0.353134 0.279349
480.000000 411.000000 0.254763 0.283153
563.000000 411.000000 0.388703 0.282547
354.000000 412.000000 0.050075 0.286086
535.000000 412.000000 0.343436 0.284230
568.000000 412.000000 0.396815 0.284181
352.000000 414.000000 0.046799 0.289310
356.000000 414.000000 0.053333 0.289292
359.000000 414.000000 0.058233 0.289276
348.000000 415.000000 0.040259 0.290934
438.000000 415.000000 0.186795 0.290128
442.000000 415.000000 0.193276 0.290078
445.000000 415.000000 0.198135 0.290039
483.000000 415.000000 0.259555 0.289559
518.000000 415.000000 0.315997 0.289194
485.000000 416.000000 0.262771 0.291146
549.000000 416.000000 0.366036 0.290650
405.000000 417.000000 0.133192 0.293727
356.000000 418.000000 0.053313 0.295719
353.000000 420.000000 0.048406 0.298945
474.000000 420.000000 0.244966 0.297719
299.000000 421.000000 -0.039813 0.300587
394.000000 421.000000 0.115253 0.300262
397.000000 421.000000 0.120136 0.300234
478.000000 421.000000 0.251413 0.299281
328.000000 422.000000 0.007565 0.302224
272.000000 423.000000 -0.083872 0.303666
275.000000 423.000000 -0.078979 0.303685
352.000000 423.000000 0.046760 0.303765
296.000000 424.000000 -0.044702 0.305393
470.000000 424.000000 0.238456 0.304205
404.000000 425.000000 0.131484 0.306588
472.000000 425.000000 0.241676 0.305791
617.000000 425.000000 0.477544 0.306178
324.000000 426.000000 0.001029 0.308646
396.000000 426.000000 0.118462 0.308272
322.000000 427.000000 -0.002238 0.310251
342.000000 427.000000 0.030420 0.310220
417.000000 427.000000 0.152585 0.309662
421.000000 427.000000 0.159079 0.309617
488.000000 427.000000 0.267489 0.308831
626.000000 427.000000 0.492724 0.309796
327.000000 428.000000 0.005927 0.311853
408.000000 429.000000 0.137945 0.312969
622.000000 429.000000 0.486066 0.312943
624.000000 429.000000 0.489432 0.313020
494.000000 430.000000 0.277144 0.313605
416.000000 431.000000 0.150918 0.316095
453.000000 431.000000 0.210887 0.315668
495.000000 432.000000 0.278740 0.316819
243.000000 433.000000 -0.131019 0.319484
410.000000 433.000000 0.141153 0.319368
425.000000 433.000000 0.165502 0.319207
452.000000 433.000000 0.209245 0.318894
369.000000 435.000000 0.074423 0.322923
373.000000 435.000000 0.080940 0.322897
496.000000 435.000000 0.280328 0.321647
501.000000 435.000000 0.288402 0.321606
507.000000 435.000000 0.298092 0.321560
345.000000 436.000000 0.035288 0.324642
347.000000 436.000000 0.038550 0.324635
367.000000 436.000000 0.071158 0.324539
491.000000 436.000000 0.272245 0.323304
498.000000 436.000000 0.283549 0.323243
252.000000 437.000000 -0.116345 0.325980
377.000000 437.000000 0.087442 0.326076
507.000000 437.000000 0.298078 0.324789
496.000000 438.000000 0.280303 0.326485
346.000000 439.000000 0.036909 0.329446
361.000000 439.000000 0.061363 0.329381
366.000000 439.000000 0.069511 0.329353
374.000000 439.000000 0.082542 0.329302
502.000000 439.000000 0.289987 0.328052
344.000000 440.000000 0.033644 0.331054
354.000000 440.000000 0.049949 0.331017
357.000000 440.000000 0.054839 0.331003
445.000000 440.000000 0.197835 0.330224
273.000000 441.000000 -0.082129 0.332544
371.000000 441.000000 0.077643 0.332527
447.000000 441.000000 0.201062 0.331808
464.000000 441.000000 0.228566 0.331623
473.000000 441.000000 0.243116 0.331530
513.000000 441.000000 0.307751 0.331215
582.000000 441.000000 0.419970 0.331560
239.000000 442.000000 -0.137439 0.333887
305.000000 442.000000 -0.029966 0.334277
341.000000 442.000000 0.028746 0.334267
344.000000 442.000000 0.033638 0.334258
349.000000 442.000000 0.041790 0.334241
362.000000 442.000000 0.062977 0.334182
366.000000 442.000000 0.069493 0.334160
441.000000 442.000000 0.191335 0.333481
585.000000 442.000000 0.424926 0.333256
372.000000 443.000000 0.079259 0.335725
476.000000 443.000000 0.247945 0.334721
496.000000 443.000000 0.280264 0.334550
502.000000 443.000000 0.289960 0.334508
582.000000 443.000000 0.420008 0.334834
338.000000 444.000000 0.023850 0.337477
341.000000 444.000000 0.028741 0.337470
352.000000 444.000000 0.046672 0.337433
354.000000 444.000000 0.049931 0.337424
466.000000 444.000000 0.231769 0.336429
578.000000 444.000000 0.413451 0.336397
588.000000 444.000000 0.429916 0.336602
265.000000 445.000000 -0.095129 0.338903
267.000000 445.000000 -0.091874 0.338916
272.000000 445.000000 -0.083733 0.338947
304.000000 445.000000 -0.031590 0.339080
345.000000 445.000000 0.035259 0.339060
365.000000 445.000000 0.067847 0.338972
349.000000 446.000000 0.041775 0.340647
363.000000 446.000000 0.064585 0.340584
401.000000 446.000000 0.126406 0.340307
607.000000 446.000000 0.461541 0.340461
301.000000 447.000000 -0.036476 0.342275
397.000000 447.000000 0.119898 0.341945
572.000000 447.000000 0.403656 0.341204
577.000000 447.000000 0.411863 0.341291
581.000000 447.000000 0.418442 0.341370
604.000000 447.000000 0.456562 0.342006
609.000000 447.000000 0.464928 0.342191
272.000000 448.000000 -0.083715 0.343754
361.000000 448.000000 0.061317 0.343798
449.000000 448.000000 0.204225 0.343035
468.000000 448.000000 0.234964 0.342846
591.000000 448.000000 0.434977 0.343251
619.000000 448.000000 0.481814 0.344283
280.000000 449.000000 -0.070684 0.345399
333.000000 449.000000 0.015689 0.345493
355.000000 449.000000 0.051539 0.345427
393.000000 449.000000 0.113380 0.345184
400.000000 449.000000 0.124755 0.345125
442.000000 449.000000 0.192881 0.344714
600.000000 449.000000 0.449958 0.345171
613.000000 449.000000 0.471731 0.345670
616.000000 449.000000 0.476790 0.345804
621.000000 449.000000 0.485252 0.346045
448.000000 450.000000 0.202586 0.346260
471.000000 450.000000 0.239797 0.346038
582.000000 450.000000 0.420155 0.346314
571.000000 451.000000 0.402083 0.347734
586.000000 451.000000 0.426783 0.348054
590.000000 451.000000 0.433403 0.348161
604.000000 451.000000 0.456708 0.348619
626.000000 451.000000 0.493869 0.349649
628.000000 451.000000 0.497288 0.349764
633.000000 451.000000 0.505870 0.350071
366.000000 452.000000 0.069437 0.350177
438.000000 452.000000 0.186371 0.349573
465.000000 452.000000 0.230075 0.349312
567.000000 452.000000 0.395540 0.349304
600.000000 452.000000 0.450061 0.350127
607.000000 452.000000 0.461773 0.350393
609.000000 452.000000 0.465131 0.350476
635.000000 452.000000 0.509384 0.351881
363.000000 453.000000 0.064548 0.351794
398.000000 453.000000 0.121471 0.351553
469.000000 453.000000 0.236536 0.350886
595.000000 453.000000 0.441764 0.351609
612.000000 453.000000 0.470224 0.352268
630.000000 453.000000 0.500838 0.353234
302.000000 454.000000 -0.034829 0.353485
465.000000 454.000000 0.230057 0.352531
606.000000 454.000000 0.460176 0.353668
619.000000 454.000000 0.482114 0.354275
325.000000 455.000000 0.002646 0.355105
595.000000 455.000000 0.441830 0.354912
625.000000 455.000000 0.492392 0.356280
629.000000 455.000000 0.499246 0.356525
372.000000 456.000000 0.079178 0.356547
566.000000 456.000000 0.393966 0.355835
583.000000 456.000000 0.421953 0.356202
586.000000 456.000000 0.426917 0.356284
618.000000 456.000000 0.480522 0.357559
632.000000 456.000000 0.504475 0.358401
634.000000 456.000000 0.507929 0.358538
472.000000 457.000000 0.241356 0.357304
546.000000 457.000000 0.361293 0.357214
636.000000 457.000000 0.511465 0.360366
595.000000 458.000000 0.441934 0.359873
602.000000 458.000000 0.453633 0.360140
308.000000 459.000000 -0.025047 0.361498
631.000000 459.000000 0.502954 0.363380
313.000000 460.000000 -0.016902 0.363105
435.000000 460.000000 0.181435 0.362451
560.000000 460.000000 0.384199 0.362287
574.000000 460.000000 0.407197 0.362560
607.000000 460.000000 0.462119 0.363681
614.000000 460.000000 0.473946 0.364026
618.000000 460.000000 0.480740 0.364244
635.000000 460.000000 0.509951 0.365355
308.000000 461.000000 -0.025044 0.364699
437.000000 461.000000 0.184666 0.364039
463.000000 461.000000 0.226763 0.363818
580.000000 461.000000 0.417126 0.364357
592.000000 461.000000 0.437040 0.364731
477.000000 462.000000 0.249410 0.365330
480.000000 462.000000 0.254265 0.365311
577.000000 462.000000 0.412195 0.365925
585.000000 462.000000 0.425437 0.366153
620.000000 462.000000 0.484265 0.367710
627.000000 462.000000 0.496264 0.368157
307.000000 463.000000 -0.026669 0.367898
309.000000 463.000000 -0.023413 0.367901
388.000000 463.000000 0.105147 0.367655
441.000000 463.000000 0.191129 0.367218
605.000000 463.000000 0.458890 0.368583
459.000000 464.000000 0.220266 0.368680
553.000000 464.000000 0.372801 0.368728
555.000000 464.000000 0.376074 0.368758
580.000000 464.000000 0.417210 0.369305
592.000000 464.000000 0.437148 0.369700
598.000000 464.000000 0.447178 0.369937
612.000000 464.000000 0.470768 0.370604
302.000000 465.000000 -0.034806 0.371090
304.000000 465.000000 -0.031550 0.371094
386.000000 465.000000 0.101884 0.370873
486.000000 465.000000 0.263960 0.370124
587.000000 465.000000 0.428856 0.371178
618.000000 465.000000 0.481032 0.372623
633.000000 465.000000 0.506858 0.373658
306.000000 466.000000 -0.028292 0.372698
398.000000 466.000000 0.121369 0.372390
490.000000 466.000000 0.270431 0.371725
551.000000 466.000000 0.369559 0.371973
575.000000 466.000000 0.408997 0.372464
605.000000 466.000000 0.459034 0.373585
611.000000 466.000000 0.469180 0.373896
624.000000 466.000000 0.491374 0.374691
492.000000 467.000000 0.273667 0.373335
581.000000 467.000000 0.418958 0.374290
588.000000 467.000000 0.430591 0.374526
592.000000 467.000000 0.437263 0.374677
394.000000 468.000000 0.114859 0.375625
498.000000 468.000000 0.283384 0.374940
548.000000 468.000000 0.364681 0.375204
486.000000 469.000000 0.263944 0.376590
504.000000 469.000000 0.293108 0.376556
563.000000 469.000000 0.389291 0.377111
567.000000 469.000000 0.395875 0.377203
593.000000 469.000000 0.439015 0.378040
605.000000 469.000000 0.459184 0.378596
613.000000 469.000000 0.472748 0.379038
618.000000 469.000000 0.481281 0.379346
625.000000 469.000000 0.493307 0.379824
496.000000 470.000000 0.280140 0.378183
515.000000 470.000000 0.310956 0.378196
600.000000 470.000000 0.450804 0.380018
406.000000 471.000000 0.134318 0.380349
511.000000 471.000000 0.304465 0.379810
513.000000 471.000000 0.307712 0.379816
523.000000 471.000000 0.323959 0.379859
544.000000 471.000000 0.358185 0.380059
571.000000 471.000000 0.402525 0.380603
606.000000 471.000000 0.460980 0.381995
631.000000 471.000000 0.503858 0.383676
578.000000 472.000000 0.414141 0.382465
594.000000 472.000000 0.440817 0.383076
613.000000 472.000000 0.472930 0.384079
625.000000 472.000000 0.493528 0.384901
416.000000 473.000000 0.150526 0.383485
584.000000 473.000000 0.424149 0.384332
421.000000 474.000000 0.158627 0.385054
589.000000 474.000000 0.432532 0.386192
619.000000 474.000000 0.483332 0.387848
627.000000 474.000000 0.497147 0.388449
633.000000 474.000000 0.507604 0.388954
424.000000 475.000000 0.163484 0.386639
595.000000 475.000000 0.442633 0.388127
633.000000 476.000000 0.507782 0.392370
