601.000000 28.000000 0.450359 -0.337149
629.000000 64.000000 0.496088 -0.279042
619.000000 65.000000 0.479411 -0.277194
602.000000 66.000000 0.451368 -0.275332
632.000000 84.000000 0.500663 -0.246528
617.000000 86.000000 0.475809 -0.243068
599.000000 88.000000 0.446334 -0.239718
267.000000 99.000000 -0.092234 -0.224618
269.000000 100.000000 -0.088974 -0.223023
603.000000 103.000000 0.452818 -0.215496
631.000000 103.000000 0.498722 -0.215665
218.000000 104.000000 -0.172105 -0.216025
610.000000 104.000000 0.464221 -0.213895
620.000000 104.000000 0.480587 -0.213945
600.000000 105.000000 0.447941 -0.212265
583.000000 106.000000 0.420426 -0.210697
621.000000 106.000000 0.482215 -0.210715
624.000000 106.000000 0.487145 -0.210737
610.000000 110.000000 0.464206 -0.204200
634.000000 112.000000 0.503586 -0.201110
273.000000 119.000000 -0.082572 -0.192374
427.000000 120.000000 0.169468 -0.190188
217.000000 121.000000 -0.173951 -0.188578
548.000000 121.000000 0.364309 -0.186840
623.000000 122.000000 0.485409 -0.184846
629.000000 122.000000 0.495256 -0.184877
519.000000 123.000000 0.317865 -0.183999
526.000000 123.000000 0.329084 -0.183901
636.000000 123.000000 0.506789 -0.183310
632.000000 124.000000 0.500181 -0.181660
568.000000 125.000000 0.396424 -0.180185
617.000000 126.000000 0.475590 -0.178364
634.000000 126.000000 0.503464 -0.178437
546.000000 127.000000 0.361175 -0.177196
218.000000 128.000000 -0.172413 -0.177268
519.000000 129.000000 0.317950 -0.174325
633.000000 129.000000 0.501796 -0.173576
219.000000 130.000000 -0.170811 -0.174042
635.000000 130.000000 0.505085 -0.171970
62.000000 131.000000 -0.423672 -0.170473
75.000000 131.000000 -0.402745 -0.170566
277.000000 131.000000 -0.076097 -0.172956
430.000000 131.000000 0.174481 -0.172357
80.000000 132.000000 -0.394718 -0.168997
93.000000 132.000000 -0.373852 -0.169125
113.000000 132.000000 -0.341781 -0.169360
256.000000 132.000000 -0.110489 -0.171182
270.000000 132.000000 -0.087574 -0.171289
285.000000 132.000000 -0.062984 -0.171377
410.000000 133.000000 0.141958 -0.169349
116.000000 134.000000 -0.336996 -0.166171
259.000000 134.000000 -0.105598 -0.167962
263.000000 137.000000 -0.099073 -0.163122
629.000000 139.000000 0.495177 -0.157384
255.000000 140.000000 -0.112190 -0.158187
255.000000 145.000000 -0.112230 -0.150060
309.000000 145.000000 -0.023607 -0.150321
344.000000 145.000000 0.033943 -0.150302
264.000000 146.000000 -0.097499 -0.148499
328.000000 146.000000 0.007638 -0.148701
337.000000 146.000000 0.022438 -0.148689
278.000000 147.000000 -0.074547 -0.146957
281.000000 147.000000 -0.069622 -0.146972
323.000000 147.000000 -0.000585 -0.147074
278.000000 150.000000 -0.074562 -0.142071
251.000000 151.000000 -0.118823 -0.140266
275.000000 151.000000 -0.079491 -0.140426
329.000000 152.000000 0.009287 -0.138923
631.000000 154.000000 0.498417 -0.133144
349.000000 156.000000 0.042195 -0.132360
274.000000 157.000000 -0.081165 -0.130640
329.000000 157.000000 0.009291 -0.130766
630.000000 157.000000 0.496776 -0.128294
319.000000 158.000000 -0.007168 -0.129136
286.000000 160.000000 -0.061466 -0.125799
351.000000 161.000000 0.045499 -0.124192
633.000000 162.000000 0.501679 -0.120217
635.000000 162.000000 0.504956 -0.120221
292.000000 163.000000 -0.051610 -0.120921
328.000000 163.000000 0.007649 -0.120968
331.000000 163.000000 0.012589 -0.120965
278.000000 166.000000 -0.074639 -0.115967
319.000000 166.000000 -0.007171 -0.116065
323.000000 166.000000 -0.000583 -0.116066
303.000000 168.000000 -0.033521 -0.112777
298.000000 169.000000 -0.041754 -0.111131
634.000000 169.000000 0.503309 -0.108906
276.000000 170.000000 -0.077943 -0.109420
295.000000 172.000000 -0.046700 -0.106216
633.000000 172.000000 0.501671 -0.104057
279.000000 177.000000 -0.073040 -0.097981
634.000000 179.000000 0.503306 -0.092746
293.000000 182.000000 -0.050018 -0.089835
304.000000 182.000000 -0.031898 -0.089857
633.000000 182.000000 0.501672 -0.087898
636.000000 182.000000 0.506578 -0.087897
295.000000 186.000000 -0.046733 -0.083283
276.000000 189.000000 -0.078017 -0.078311
280.000000 189.000000 -0.071437 -0.078324
290.000000 192.000000 -0.054982 -0.073429
633.000000 192.000000 0.501680 -0.071739
636.000000 192.000000 0.506582 -0.071736
280.000000 193.000000 -0.071449 -0.071763
634.000000 197.000000 0.503319 -0.063658
294.000000 199.000000 -0.048406 -0.061946
636.000000 199.000000 0.506589 -0.060423
279.000000 202.000000 -0.073118 -0.056987
295.000000 202.000000 -0.046763 -0.057019
636.000000 202.000000 0.506592 -0.055575
289.000000 205.000000 -0.056656 -0.052080
280.000000 209.000000 -0.071488 -0.045489
290.000000 209.000000 -0.055015 -0.045507
634.000000 211.000000 0.503342 -0.041032
274.000000 212.000000 -0.081370 -0.040547
278.000000 212.000000 -0.074787 -0.040555
635.000000 218.000000 0.504988 -0.029716
277.000000 219.000000 -0.076445 -0.029045
282.000000 219.000000 -0.068211 -0.029052
291.000000 219.000000 -0.053379 -0.029063
117.000000 221.000000 -0.336186 -0.025248
136.000000 221.000000 -0.305741 -0.025326
636.000000 221.000000 0.506628 -0.024865
131.000000 222.000000 -0.313763 -0.023679
116.000000 224.000000 -0.337798 -0.020371
141.000000 224.000000 -0.297727 -0.020461
143.000000 224.000000 -0.294516 -0.020469
124.000000 225.000000 -0.324992 -0.018774
288.000000 225.000000 -0.058331 -0.019188
131.000000 226.000000 -0.313778 -0.017172
139.000000 226.000000 -0.300945 -0.017198
635.000000 226.000000 0.505007 -0.016784
127.000000 227.000000 -0.320193 -0.015532
143.000000 227.000000 -0.294526 -0.015583
137.000000 228.000000 -0.304161 -0.013936
281.000000 229.000000 -0.069869 -0.012600
138.000000 231.000000 -0.302564 -0.009055
292.000000 231.000000 -0.051740 -0.009316
636.000000 231.000000 0.506653 -0.008698
121.000000 233.000000 -0.329821 -0.005759
138.000000 233.000000 -0.302569 -0.005799
295.000000 235.000000 -0.046794 -0.002732
300.000000 235.000000 -0.038546 -0.002733
118.000000 236.000000 -0.334630 -0.000876
134.000000 236.000000 -0.308993 -0.000906
141.000000 236.000000 -0.297759 -0.000919
143.000000 236.000000 -0.294548 -0.000923
636.000000 236.000000 0.506667 -0.000614
89.000000 237.000000 -0.381019 0.000807
119.000000 238.000000 -0.333033 0.002373
139.000000 238.000000 -0.300974 0.002341
290.000000 238.000000 -0.055041 0.002209
117.000000 240.000000 -0.336238 0.005628
131.000000 240.000000 -0.313810 0.005608
137.000000 240.000000 -0.304186 0.005601
634.000000 240.000000 0.503415 0.005847
120.000000 241.000000 -0.331436 0.007249
276.000000 241.000000 -0.078111 0.007150
126.000000 242.000000 -0.321827 0.008868
137.000000 242.000000 -0.304188 0.008857
140.000000 242.000000 -0.299373 0.008855
293.000000 242.000000 -0.050095 0.008794
143.000000 243.000000 -0.294556 0.010481
112.000000 245.000000 -0.344246 0.013758
121.000000 245.000000 -0.329839 0.013752
126.000000 245.000000 -0.321829 0.013748
129.000000 245.000000 -0.317021 0.013747
133.000000 245.000000 -0.310608 0.013744
137.000000 245.000000 -0.304191 0.013742
292.000000 245.000000 -0.051744 0.013733
636.000000 245.000000 0.506694 0.013939
118.000000 246.000000 -0.334643 0.015379
131.000000 247.000000 -0.313816 0.017000
141.000000 247.000000 -0.297770 0.016998
118.000000 248.000000 -0.334644 0.018631
121.000000 248.000000 -0.329840 0.018630
124.000000 248.000000 -0.325035 0.018629
138.000000 248.000000 -0.302586 0.018627
145.000000 248.000000 -0.291345 0.018627
287.000000 248.000000 -0.059987 0.018672
636.000000 248.000000 0.506705 0.018790
132.000000 249.000000 -0.312212 0.020255
135.000000 250.000000 -0.307400 0.021883
126.000000 251.000000 -0.321831 0.023509
138.000000 251.000000 -0.302586 0.023513
144.000000 251.000000 -0.292951 0.023515
275.000000 251.000000 -0.079756 0.023605
294.000000 251.000000 -0.048444 0.023612
101.000000 252.000000 -0.361846 0.025132
108.000000 252.000000 -0.350649 0.025132
117.000000 252.000000 -0.336245 0.025133
142.000000 252.000000 -0.296163 0.025143
278.000000 252.000000 -0.074816 0.025252
133.000000 253.000000 -0.310607 0.026766
146.000000 253.000000 -0.289736 0.026776
108.000000 254.000000 -0.350648 0.028380
139.000000 254.000000 -0.300979 0.028399
277.000000 254.000000 -0.076461 0.028543
115.000000 255.000000 -0.339446 0.030008
126.000000 255.000000 -0.321828 0.030016
135.000000 255.000000 -0.307397 0.030024
292.000000 255.000000 -0.051741 0.030197
121.000000 256.000000 -0.329838 0.031638
138.000000 256.000000 -0.302582 0.031655
142.000000 256.000000 -0.296159 0.031660
104.000000 257.000000 -0.357046 0.033250
123.000000 257.000000 -0.326633 0.033266
135.000000 257.000000 -0.307395 0.033280
126.000000 258.000000 -0.321825 0.034896
132.000000 258.000000 -0.312206 0.034903
146.000000 258.000000 -0.289730 0.034924
296.000000 258.000000 -0.045143 0.035138
100.000000 259.000000 -0.363443 0.036495
112.000000 259.000000 -0.344244 0.036505
114.000000 259.000000 -0.341043 0.036507
140.000000 259.000000 -0.299367 0.036543
128.000000 260.000000 -0.318617 0.038152
142.000000 260.000000 -0.296154 0.038175
105.000000 261.000000 -0.355443 0.039746
118.000000 261.000000 -0.334637 0.039763
123.000000 262.000000 -0.326627 0.041397
128.000000 262.000000 -0.318614 0.041406
131.000000 262.000000 -0.313804 0.041411
135.000000 262.000000 -0.307387 0.041419
99.000000 264.000000 -0.365038 0.044609
114.000000 264.000000 -0.341036 0.044632
119.000000 264.000000 -0.333030 0.044641
130.000000 264.000000 -0.315403 0.044664
122.000000 265.000000 -0.328223 0.046273
280.000000 265.000000 -0.071510 0.046643
291.000000 265.000000 -0.053383 0.046655
636.000000 265.000000 0.506769 0.046289
112.000000 266.000000 -0.344234 0.047878
119.000000 266.000000 -0.333026 0.047892
129.000000 266.000000 -0.317002 0.047915
278.000000 267.000000 -0.074802 0.049930
98.000000 268.000000 -0.366632 0.051099
129.000000 268.000000 -0.316997 0.051169
135.000000 268.000000 -0.307373 0.051185
290.000000 268.000000 -0.055029 0.051590
104.000000 269.000000 -0.357030 0.052734
107.000000 269.000000 -0.352230 0.052740
125.000000 269.000000 -0.323406 0.052785
97.000000 271.000000 -0.368226 0.055966
126.000000 271.000000 -0.321798 0.056040
131.000000 271.000000 -0.313781 0.056055
135.000000 271.000000 -0.307364 0.056068
279.000000 271.000000 -0.073149 0.056510
286.000000 271.000000 -0.061618 0.056520
124.000000 273.000000 -0.324997 0.059286
129.000000 273.000000 -0.316982 0.059302
94.000000 274.000000 -0.373019 0.060827
86.000000 276.000000 -0.385817 0.064053
132.000000 276.000000 -0.312160 0.064193
282.000000 277.000000 -0.068198 0.066379
291.000000 278.000000 -0.053368 0.068037
90.000000 279.000000 -0.379408 0.068927
44.000000 280.000000 -0.453231 0.070506
280.000000 281.000000 -0.071484 0.072949
293.000000 284.000000 -0.050063 0.077902
284.000000 287.000000 -0.064885 0.082814
289.000000 288.000000 -0.056647 0.084466
284.000000 290.000000 -0.064878 0.087740
295.000000 291.000000 -0.046755 0.089404
253.000000 294.000000 -0.115817 0.094199
301.000000 294.000000 -0.036861 0.094339
616.000000 294.000000 0.474337 0.093140
620.000000 295.000000 0.480828 0.094770
285.000000 297.000000 -0.063214 0.099231
295.000000 298.000000 -0.046742 0.100894
297.000000 298.000000 -0.043447 0.100898
3.000000 299.000000 -0.520149 0.101453
258.000000 299.000000 -0.107592 0.102415
3.000000 301.000000 -0.520167 0.104697
268.000000 301.000000 -0.091163 0.105734
286.000000 301.000000 -0.061557 0.105794
262.000000 304.000000 -0.101004 0.110623
280.000000 304.000000 -0.071422 0.110694
295.000000 304.000000 -0.046730 0.110734
258.000000 306.000000 -0.107560 0.113880
268.000000 307.000000 -0.091138 0.115563
292.000000 308.000000 -0.051661 0.117283
279.000000 310.000000 -0.073047 0.120519
287.000000 310.000000 -0.059886 0.120545
258.000000 311.000000 -0.107534 0.122062
291.000000 311.000000 -0.053300 0.122194
294.000000 311.000000 -0.048361 0.122202
268.000000 312.000000 -0.091116 0.123748
292.000000 313.000000 -0.051648 0.125472
298.000000 313.000000 -0.041770 0.125486
307.000000 313.000000 -0.026947 0.125502
313.000000 313.000000 -0.017062 0.125508
257.000000 314.000000 -0.109158 0.126964
633.000000 315.000000 0.502144 0.127227
261.000000 316.000000 -0.102587 0.130255
620.000000 316.000000 0.480910 0.128767
622.000000 317.000000 0.484173 0.130397
631.000000 317.000000 0.498880 0.130453
261.000000 318.000000 -0.102576 0.133525
266.000000 318.000000 -0.094371 0.133551
617.000000 318.000000 0.476039 0.131993
258.000000 320.000000 -0.107484 0.136776
554.000000 320.000000 0.374626 0.135332
581.000000 320.000000 0.417914 0.135211
565.000000 321.000000 0.392242 0.136890
572.000000 321.000000 0.403465 0.136859
575.000000 321.000000 0.408278 0.136848
586.000000 321.000000 0.425948 0.136818
595.000000 321.000000 0.440440 0.136809
609.000000 321.000000 0.463065 0.136824
227.000000 322.000000 -0.158177 0.139824
579.000000 322.000000 0.414696 0.138453
591.000000 322.000000 0.433994 0.138429
601.000000 322.000000 0.450123 0.138429
604.000000 322.000000 0.454972 0.138433
612.000000 322.000000 0.467932 0.138452
208.000000 323.000000 -0.189113 0.141290
353.000000 323.000000 0.048801 0.141827
597.000000 323.000000 0.443665 0.140045
189.000000 324.000000 -0.219939 0.142738
377.000000 324.000000 0.088234 0.143358
623.000000 325.000000 0.485850 0.143363
443.000000 326.000000 0.195982 0.146100
188.000000 327.000000 -0.221529 0.147608
426.000000 327.000000 0.168334 0.147890
619.000000 327.000000 0.479337 0.146580
624.000000 327.000000 0.487496 0.146610
202.000000 328.000000 -0.198815 0.149375
344.000000 328.000000 0.033980 0.150021
615.000000 328.000000 0.472829 0.148180
207.000000 329.000000 -0.190683 0.151052
143.000000 331.000000 -0.294095 0.153639
508.000000 333.000000 0.300798 0.156781
514.000000 333.000000 0.310429 0.156719
154.000000 334.000000 -0.276361 0.158621
512.000000 334.000000 0.307209 0.158360
568.000000 334.000000 0.396991 0.157914
209.000000 335.000000 -0.187373 0.160834
211.000000 335.000000 -0.184121 0.160854
514.000000 335.000000 0.310408 0.159959
565.000000 335.000000 0.392171 0.159547
572.000000 335.000000 0.403408 0.159514
345.000000 336.000000 0.035605 0.163075
352.000000 336.000000 0.047114 0.163055
512.000000 336.000000 0.307188 0.161600
361.000000 337.000000 0.061899 0.164650
570.000000 337.000000 0.400188 0.162759
513.000000 338.000000 0.308772 0.164830
346.000000 339.000000 0.037241 0.167964
512.000000 340.000000 0.307146 0.168080
349.000000 341.000000 0.042167 0.171215
357.000000 341.000000 0.055312 0.171186
371.000000 341.000000 0.078295 0.171118
383.000000 341.000000 0.097969 0.171044
509.000000 341.000000 0.302318 0.169732
413.000000 342.000000 0.147007 0.172427
477.000000 342.000000 0.250814 0.171720
483.000000 342.000000 0.260487 0.171649
503.000000 342.000000 0.292669 0.171418
349.000000 343.000000 0.042160 0.174473
353.000000 343.000000 0.048733 0.174459
355.000000 343.000000 0.052018 0.174452
422.000000 343.000000 0.161666 0.173964
428.000000 343.000000 0.171432 0.173903
509.000000 343.000000 0.302297 0.172971
344.000000 344.000000 0.033940 0.176116
369.000000 344.000000 0.074997 0.176014
376.000000 344.000000 0.086477 0.175973
380.000000 344.000000 0.093033 0.175948
441.000000 344.000000 0.192546 0.175386
501.000000 344.000000 0.289432 0.174680
196.000000 345.000000 -0.208371 0.176944
392.000000 345.000000 0.112675 0.177488
394.000000 345.000000 0.115946 0.177472
453.000000 345.000000 0.211990 0.176871
461.000000 345.000000 0.224937 0.176776
463.000000 345.000000 0.228171 0.176753
473.000000 345.000000 0.244325 0.176632
361.000000 346.000000 0.061858 0.179310
424.000000 346.000000 0.164891 0.178819
488.000000 346.000000 0.268494 0.178073
490.000000 346.000000 0.271714 0.178049
498.000000 347.000000 0.284574 0.179574
505.000000 347.000000 0.295826 0.179493
343.000000 348.000000 0.032286 0.182630
345.000000 348.000000 0.035573 0.182625
468.000000 348.000000 0.236215 0.181557
510.000000 348.000000 0.303847 0.181055
353.000000 349.000000 0.048711 0.184225
359.000000 349.000000 0.058562 0.184200
361.000000 349.000000 0.061844 0.184191
372.000000 349.000000 0.079889 0.184132
381.000000 349.000000 0.094638 0.184074
388.000000 349.000000 0.106099 0.184023
425.000000 349.000000 0.166487 0.183680
434.000000 349.000000 0.181122 0.183582
441.000000 349.000000 0.192489 0.183502
375.000000 350.000000 0.084801 0.185740
403.000000 350.000000 0.130612 0.185523
407.000000 350.000000 0.137142 0.185486
446.000000 350.000000 0.200588 0.185066
482.000000 350.000000 0.258779 0.184625
180.000000 351.000000 -0.234209 0.186490
343.000000 351.000000 0.032278 0.187511
477.000000 351.000000 0.250705 0.186307
512.000000 351.000000 0.307026 0.185887
390.000000 352.000000 0.109348 0.188883
400.000000 352.000000 0.125694 0.188798
445.000000 352.000000 0.198942 0.188321
348.000000 353.000000 0.040485 0.190748
406.000000 353.000000 0.135482 0.190367
438.000000 353.000000 0.187573 0.190025
463.000000 353.000000 0.228074 0.189722
488.000000 353.000000 0.268409 0.189409
497.000000 353.000000 0.282894 0.189299
508.000000 353.000000 0.300578 0.189169
355.000000 354.000000 0.051974 0.192347
361.000000 354.000000 0.061820 0.192320
372.000000 354.000000 0.079859 0.192260
468.000000 354.000000 0.236141 0.191279
510.000000 354.000000 0.303779 0.190764
375.000000 355.000000 0.084769 0.193865
435.000000 355.000000 0.182678 0.193304
442.000000 355.000000 0.194041 0.193221
480.000000 355.000000 0.255493 0.192747
389.000000 356.000000 0.107680 0.195387
487.000000 356.000000 0.266761 0.194278
500.000000 356.000000 0.287683 0.194118
460.000000 357.000000 0.223173 0.196240
510.000000 357.000000 0.303745 0.195617
346.000000 358.000000 0.037185 0.198879
387.000000 358.000000 0.104393 0.198649
394.000000 358.000000 0.115838 0.198591
397.000000 358.000000 0.120740 0.198565
399.000000 358.000000 0.124007 0.198547
403.000000 358.000000 0.130538 0.198510
454.000000 358.000000 0.213451 0.197935
456.000000 358.000000 0.216688 0.197910
351.000000 359.000000 0.045389 0.200485
353.000000 359.000000 0.048672 0.200477
358.000000 359.000000 0.056875 0.200456
371.000000 360.000000 0.078183 0.202008
375.000000 360.000000 0.084736 0.201983
400.000000 360.000000 0.125622 0.201782
463.000000 360.000000 0.227985 0.201059
472.000000 360.000000 0.242523 0.200943
478.000000 360.000000 0.252204 0.200866
353.000000 361.000000 0.048663 0.203724
388.000000 361.000000 0.106004 0.203509
391.000000 361.000000 0.110909 0.203484
407.000000 361.000000 0.137036 0.203336
400.000000 362.000000 0.125603 0.205025
403.000000 362.000000 0.130500 0.204997
405.000000 362.000000 0.133763 0.204977
462.000000 362.000000 0.226343 0.204309
510.000000 362.000000 0.303687 0.203703
343.000000 364.000000 0.032243 0.208626
347.000000 364.000000 0.038807 0.208614
383.000000 364.000000 0.097802 0.208413
484.000000 364.000000 0.261826 0.207259
486.000000 364.000000 0.265049 0.207233
493.000000 364.000000 0.276322 0.207144
359.000000 365.000000 0.058487 0.210186
366.000000 365.000000 0.069960 0.210149
371.000000 365.000000 0.078152 0.210119
374.000000 365.000000 0.083065 0.210099
403.000000 365.000000 0.130471 0.209859
410.000000 365.000000 0.141887 0.209788
455.000000 365.000000 0.214981 0.209255
467.000000 365.000000 0.234384 0.209098
496.000000 365.000000 0.281138 0.208723
395.000000 366.000000 0.117402 0.211554
398.000000 366.000000 0.122301 0.211527
408.000000 366.000000 0.138616 0.211429
463.000000 366.000000 0.227907 0.210768
347.000000 367.000000 0.038797 0.213479
406.000000 367.000000 0.135345 0.213069
466.000000 367.000000 0.232742 0.212346
417.000000 368.000000 0.153258 0.214572
454.000000 368.000000 0.213324 0.214121
481.000000 368.000000 0.256938 0.213766
347.000000 369.000000 0.038791 0.216720
352.000000 369.000000 0.046991 0.216702
411.000000 369.000000 0.143475 0.216256
356.000000 370.000000 0.053545 0.218304
360.000000 370.000000 0.060101 0.218285
371.000000 370.000000 0.078120 0.218221
406.000000 370.000000 0.135315 0.217926
467.000000 370.000000 0.234318 0.217184
471.000000 370.000000 0.240778 0.217131
509.000000 370.000000 0.301986 0.216645
342.000000 371.000000 0.030583 0.219976
374.000000 371.000000 0.083024 0.219821
417.000000 371.000000 0.153225 0.219427
453.000000 371.000000 0.211666 0.218986
455.000000 371.000000 0.214903 0.218959
457.000000 371.000000 0.218139 0.218933
476.000000 371.000000 0.248835 0.218681
480.000000 371.000000 0.255286 0.218628
413.000000 372.000000 0.146701 0.221089
459.000000 372.000000 0.221361 0.220523
247.000000 373.000000 -0.125075 0.222879
408.000000 373.000000 0.138544 0.222761
235.000000 374.000000 -0.144639 0.224379
244.000000 374.000000 -0.129962 0.224469
346.000000 374.000000 0.037134 0.224822
352.000000 374.000000 0.046970 0.224800
415.000000 374.000000 0.149936 0.224303
451.000000 374.000000 0.208389 0.223861
470.000000 374.000000 0.239110 0.223609
218.000000 375.000000 -0.172300 0.225809
250.000000 375.000000 -0.120159 0.226143
360.000000 375.000000 0.060075 0.226381
366.000000 375.000000 0.069902 0.226347
370.000000 375.000000 0.076450 0.226323
454.000000 375.000000 0.213232 0.225438
487.000000 375.000000 0.266517 0.224999
224.000000 376.000000 -0.162530 0.227495
260.000000 376.000000 -0.103814 0.227846
291.000000 376.000000 -0.053069 0.228036
374.000000 376.000000 0.082990 0.227914
417.000000 376.000000 0.153169 0.227514
492.000000 376.000000 0.274558 0.226549
499.000000 376.000000 0.285828 0.226460
214.000000 377.000000 -0.178777 0.228995
273.000000 377.000000 -0.082544 0.229557
442.000000 377.000000 0.193767 0.228827
505.000000 377.000000 0.295469 0.228001
381.000000 378.000000 0.094423 0.231097
418.000000 378.000000 0.154774 0.230736
463.000000 378.000000 0.227748 0.230165
345.000000 379.000000 0.035478 0.232916
378.000000 379.000000 0.089511 0.232737
386.000000 379.000000 0.102586 0.232673
447.000000 379.000000 0.201845 0.231993
472.000000 379.000000 0.242273 0.231659
519.000000 379.000000 0.317960 0.231070
301.000000 380.000000 -0.036665 0.234542
355.000000 380.000000 0.051860 0.234494
413.000000 380.000000 0.146613 0.234024
370.000000 381.000000 0.076411 0.236026
374.000000 381.000000 0.082955 0.235999
447.000000 381.000000 0.201819 0.235223
497.000000 381.000000 0.282546 0.234559
171.000000 382.000000 -0.248361 0.236526
436.000000 382.000000 0.183972 0.236980
444.000000 382.000000 0.196945 0.236877
306.000000 383.000000 -0.028462 0.239404
314.000000 383.000000 -0.015349 0.239417
381.000000 383.000000 0.094384 0.239179
414.000000 383.000000 0.148208 0.238859
421.000000 383.000000 0.159595 0.238779
470.000000 383.000000 0.238990 0.238143
344.000000 384.000000 0.033823 0.241002
386.000000 384.000000 0.102544 0.240753
417.000000 384.000000 0.153078 0.240440
483.000000 384.000000 0.259952 0.239583
517.000000 384.000000 0.314690 0.239166
346.000000 385.000000 0.037097 0.242611
351.000000 385.000000 0.045286 0.242592
439.000000 385.000000 0.188800 0.241785
487.000000 385.000000 0.266386 0.241145
529.000000 385.000000 0.333979 0.240660
359.000000 386.000000 0.058380 0.244170
365.000000 386.000000 0.068199 0.244136
370.000000 386.000000 0.076379 0.244104
385.000000 386.000000 0.100894 0.243991
389.000000 386.000000 0.107425 0.243957
423.000000 386.000000 0.162811 0.243598
432.000000 386.000000 0.177430 0.243488
463.000000 386.000000 0.227641 0.243080
374.000000 387.000000 0.082912 0.245692
402.000000 387.000000 0.128620 0.245446
405.000000 387.000000 0.133509 0.245415
411.000000 387.000000 0.143280 0.245351
435.000000 387.000000 0.182286 0.245064
470.000000 387.000000 0.238936 0.244599
308.000000 388.000000 -0.025174 0.247485
317.000000 388.000000 -0.010428 0.247497
416.000000 388.000000 0.151405 0.246908
627.000000 388.000000 0.493229 0.245815
630.000000 388.000000 0.498221 0.245883
319.000000 389.000000 -0.007150 0.249112
381.000000 389.000000 0.094336 0.248867
445.000000 389.000000 0.198473 0.248161
471.000000 389.000000 0.240524 0.247812
517.000000 389.000000 0.314636 0.247239
345.000000 390.000000 0.035442 0.250687
348.000000 390.000000 0.040354 0.250677
448.000000 390.000000 0.203320 0.249734
454.000000 390.000000 0.213032 0.249654
467.000000 390.000000 0.234050 0.249479
477.000000 390.000000 0.250195 0.249344
527.000000 390.000000 0.330715 0.248753
628.000000 390.000000 0.494937 0.249105
87.000000 391.000000 -0.383707 0.250282
100.000000 391.000000 -0.362714 0.250332
319.000000 391.000000 -0.007149 0.252340
356.000000 391.000000 0.053445 0.252256
359.000000 391.000000 0.058354 0.252241
386.000000 391.000000 0.102484 0.252052
392.000000 391.000000 0.112275 0.251999
402.000000 391.000000 0.128579 0.251901
487.000000 391.000000 0.266308 0.250825
632.000000 391.000000 0.501632 0.250838
321.000000 392.000000 -0.003873 0.253954
325.000000 392.000000 0.002680 0.253953
349.000000 392.000000 0.041984 0.253900
370.000000 392.000000 0.076339 0.253788
373.000000 392.000000 0.081242 0.253768
405.000000 392.000000 0.133456 0.253482
408.000000 392.000000 0.138341 0.253450
434.000000 392.000000 0.180600 0.253142
472.000000 392.000000 0.242098 0.252637
507.000000 392.000000 0.298510 0.252192
351.000000 393.000000 0.045253 0.255505
391.000000 393.000000 0.110625 0.255234
410.000000 393.000000 0.141586 0.255041
436.000000 393.000000 0.183832 0.254729
442.000000 393.000000 0.193560 0.254651
476.000000 393.000000 0.248541 0.254196
481.000000 393.000000 0.256608 0.254130
116.000000 394.000000 -0.336894 0.255288
321.000000 394.000000 -0.003873 0.257180
412.000000 394.000000 0.144830 0.256631
453.000000 394.000000 0.211361 0.256118
323.000000 395.000000 -0.000597 0.258792
326.000000 395.000000 0.004316 0.258791
344.000000 395.000000 0.033788 0.258756
446.000000 395.000000 0.200014 0.257823
459.000000 395.000000 0.221053 0.257649
532.000000 395.000000 0.338719 0.256785
257.000000 396.000000 -0.108548 0.260118
356.000000 396.000000 0.053421 0.260320
416.000000 396.000000 0.151313 0.259809
444.000000 396.000000 0.196761 0.259461
456.000000 396.000000 0.216188 0.259302
469.000000 396.000000 0.237200 0.259127
536.000000 396.000000 0.345152 0.258369
106.000000 397.000000 -0.353000 0.260068
169.000000 397.000000 -0.251398 0.260705
359.000000 397.000000 0.058323 0.261916
365.000000 397.000000 0.068133 0.261882
370.000000 397.000000 0.076305 0.261850
447.000000 397.000000 0.201608 0.261033
458.000000 397.000000 0.219409 0.260886
481.000000 397.000000 0.256555 0.260580
487.000000 397.000000 0.266231 0.260502
636.000000 397.000000 0.508505 0.260781
219.000000 398.000000 -0.170404 0.262948
332.000000 398.000000 0.014137 0.263621
340.000000 398.000000 0.027232 0.263604
373.000000 398.000000 0.081200 0.263441
410.000000 398.000000 0.141531 0.263100
431.000000 398.000000 0.175656 0.262851
449.000000 398.000000 0.204833 0.262618
490.000000 398.000000 0.271055 0.262076
496.000000 398.000000 0.280724 0.262002
500.000000 398.000000 0.287168 0.261954
238.000000 399.000000 -0.139491 0.264772
447.000000 399.000000 0.201581 0.264256
471.000000 399.000000 0.240390 0.263936
475.000000 399.000000 0.246848 0.263882
507.000000 399.000000 0.298430 0.263486
61.000000 400.000000 -0.425928 0.264933
241.000000 400.000000 -0.134595 0.266414
344.000000 400.000000 0.033772 0.266814
482.000000 400.000000 0.258130 0.265403
510.000000 400.000000 0.303251 0.265066
76.000000 401.000000 -0.401524 0.266484
170.000000 401.000000 -0.249733 0.267166
226.000000 401.000000 -0.158993 0.267863
463.000000 401.000000 0.227439 0.267265
496.000000 401.000000 0.280688 0.266840
87.000000 402.000000 -0.383690 0.268096
219.000000 402.000000 -0.170357 0.269393
222.000000 402.000000 -0.165483 0.269428
308.000000 402.000000 -0.025147 0.270059
359.000000 402.000000 0.058296 0.269971
368.000000 402.000000 0.073004 0.269918
469.000000 402.000000 0.237120 0.268796
483.000000 402.000000 0.259717 0.268613
526.000000 402.000000 0.328999 0.268140
529.000000 402.000000 0.333831 0.268115
531.000000 402.000000 0.337053 0.268099
551.000000 402.000000 0.369304 0.267986
624.000000 402.000000 0.488567 0.268636
234.000000 403.000000 -0.145959 0.271173
370.000000 403.000000 0.076265 0.271515
373.000000 403.000000 0.081164 0.271494
414.000000 403.000000 0.147981 0.271109
480.000000 403.000000 0.254864 0.270264
496.000000 403.000000 0.280664 0.270064
508.000000 403.000000 0.299997 0.269928
534.000000 403.000000 0.341880 0.269693
538.000000 403.000000 0.348328 0.269667
540.000000 403.000000 0.351552 0.269655
556.000000 403.000000 0.377378 0.269591
610.000000 403.000000 0.465381 0.269965
626.000000 403.000000 0.491929 0.270327
170.000000 404.000000 -0.249695 0.272002
243.000000 404.000000 -0.131298 0.272876
333.000000 404.000000 0.015764 0.273283
434.000000 404.000000 0.180448 0.272478
441.000000 404.000000 0.191796 0.272388
462.000000 404.000000 0.225783 0.272111
487.000000 404.000000 0.266143 0.271786
518.000000 404.000000 0.316095 0.271440
614.000000 404.000000 0.472010 0.271676
220.000000 405.000000 -0.168697 0.274236
339.000000 405.000000 0.025578 0.274880
445.000000 405.000000 0.198264 0.273946
453.000000 405.000000 0.211214 0.273841
458.000000 405.000000 0.219303 0.273775
495.000000 405.000000 0.279028 0.273301
620.000000 405.000000 0.481985 0.273447
87.000000 406.000000 -0.383689 0.274577
258.000000 406.000000 -0.106832 0.276234
343.000000 406.000000 0.032117 0.276478
455.000000 406.000000 0.214437 0.275425
535.000000 406.000000 0.343472 0.274534
540.000000 406.000000 0.351536 0.274504
615.000000 406.000000 0.473708 0.274967
169.000000 407.000000 -0.251274 0.276825
353.000000 407.000000 0.048464 0.278049
358.000000 407.000000 0.056636 0.278025
470.000000 407.000000 0.238670 0.276838
542.000000 407.000000 0.354757 0.276111
629.000000 407.000000 0.497065 0.276975
62.000000 408.000000 -0.424361 0.277932
229.000000 408.000000 -0.154037 0.279168
364.000000 408.000000 0.066433 0.279600
369.000000 408.000000 0.074598 0.279569
441.000000 408.000000 0.191745 0.278827
485.000000 408.000000 0.262868 0.278257
535.000000 408.000000 0.343460 0.277765
246.000000 409.000000 -0.126363 0.280953
372.000000 409.000000 0.079489 0.281157
379.000000 409.000000 0.090912 0.281105
451.000000 409.000000 0.207926 0.280307
488.000000 409.000000 0.267694 0.279832
537.000000 409.000000 0.346680 0.279370
90.000000 410.000000 -0.378828 0.281060
232.000000 410.000000 -0.149138 0.282419
463.000000 410.000000 0.227321 0.281760
157.000000 411.000000 -0.270605 0.283130
168.000000 411.000000 -0.252841 0.283258
220.000000 411.000000 -0.168628 0.283893
234.000000 411.000000 -0.145874 0.284049
342.000000 411.000000 0.030467 0.284524
470.000000 411.000000 0.238618 0.283279
225.000000 412.000000 -0.160494 0.285559
347.000000 412.000000 0.038637 0.286115
477.000000 412.000000 0.249908 0.284801
491.000000 412.000000 0.272497 0.284630
538.000000 412.000000 0.348278 0.284214
158.000000 413.000000 -0.268968 0.286365
168.000000 413.000000 -0.252817 0.286480
239.000000 413.000000 -0.137719 0.287318
255.000000 413.000000 -0.111664 0.287469
356.000000 413.000000 0.053338 0.287684
364.000000 413.000000 0.066403 0.287641
368.000000 413.000000 0.072933 0.287616
376.000000 413.000000 0.085988 0.287560
469.000000 413.000000 0.236977 0.286512
486.000000 413.000000 0.264420 0.286301
636.000000 413.000000 0.509063 0.287091
188.000000 414.000000 -0.220466 0.288334
232.000000 414.000000 -0.149095 0.288853
234.000000 414.000000 -0.145843 0.288874
331.000000 414.000000 0.012477 0.289371
342.000000 414.000000 0.030458 0.289347
372.000000 414.000000 0.079454 0.289196
383.000000 414.000000 0.097395 0.289113
385.000000 414.000000 0.100656 0.289096
387.000000 414.000000 0.103915 0.289079
434.000000 414.000000 0.180323 0.288570
475.000000 414.000000 0.246654 0.288047
481.000000 414.000000 0.256340 0.287972
500.000000 414.000000 0.286987 0.287753
236.000000 415.000000 -0.142579 0.290503
351.000000 415.000000 0.045161 0.290922
395.000000 415.000000 0.116938 0.290613
400.000000 415.000000 0.125078 0.290564
488.000000 415.000000 0.267623 0.289499
542.000000 415.000000 0.354724 0.289049
233.000000 416.000000 -0.147448 0.292079
246.000000 416.000000 -0.126296 0.292210
353.000000 416.000000 0.048423 0.292520
486.000000 416.000000 0.264384 0.291134
229.000000 417.000000 -0.153939 0.293644
343.000000 417.000000 0.032083 0.294164
381.000000 417.000000 0.094111 0.293950
479.000000 417.000000 0.253075 0.292828
493.000000 417.000000 0.275665 0.292665
502.000000 417.000000 0.290180 0.292569
548.000000 417.000000 0.364417 0.292270
608.000000 417.000000 0.462359 0.292807
349.000000 418.000000 0.041882 0.295749
384.000000 418.000000 0.098992 0.295532
483.000000 418.000000 0.259520 0.294391
498.000000 418.000000 0.283719 0.294223
500.000000 418.000000 0.286945 0.294202
611.000000 418.000000 0.467355 0.294516
368.000000 419.000000 0.072895 0.297257
387.000000 419.000000 0.103872 0.297113
471.000000 419.000000 0.240133 0.296146
487.000000 419.000000 0.265963 0.295955
503.000000 419.000000 0.291773 0.295784
344.000000 420.000000 0.033707 0.298979
371.000000 420.000000 0.077782 0.298843
485.000000 420.000000 0.262724 0.297589
209.000000 421.000000 -0.186362 0.299849
234.000000 421.000000 -0.145769 0.300126
387.000000 421.000000 0.103855 0.300325
433.000000 421.000000 0.178616 0.299837
495.000000 421.000000 0.278849 0.299090
503.000000 421.000000 0.291754 0.299009
550.000000 421.000000 0.367650 0.298747
623.000000 421.000000 0.487458 0.299793
97.000000 422.000000 -0.367483 0.300508
390.000000 422.000000 0.108732 0.301905
437.000000 422.000000 0.185088 0.301395
470.000000 422.000000 0.238480 0.300987
475.000000 422.000000 0.246557 0.300926
619.000000 422.000000 0.480793 0.301307
241.000000 423.000000 -0.134366 0.303410
387.000000 423.000000 0.103838 0.303537
477.000000 423.000000 0.249775 0.302513
492.000000 423.000000 0.273987 0.302344
256.000000 424.000000 -0.109941 0.305152
390.000000 424.000000 0.108714 0.305116
474.000000 424.000000 0.244918 0.304158
500.000000 424.000000 0.286885 0.303875
505.000000 424.000000 0.294952 0.303828
560.000000 424.000000 0.383868 0.303628
384.000000 425.000000 0.098934 0.306773
488.000000 425.000000 0.267511 0.305609
492.000000 425.000000 0.273966 0.305567
510.000000 425.000000 0.303011 0.305399
111.000000 426.000000 -0.344797 0.307001
373.000000 426.000000 0.081002 0.308461
394.000000 426.000000 0.115207 0.308291
399.000000 426.000000 0.123342 0.308243
468.000000 426.000000 0.235201 0.307448
480.000000 426.000000 0.254585 0.307308
101.000000 427.000000 -0.360999 0.308612
103.000000 427.000000 -0.357756 0.308611
115.000000 427.000000 -0.338319 0.308630
392.000000 427.000000 0.111943 0.309914
402.000000 427.000000 0.128212 0.309819
470.000000 427.000000 0.238421 0.309033
493.000000 427.000000 0.275560 0.308780
562.000000 427.000000 0.387130 0.308508
203.000000 428.000000 -0.196008 0.311033
207.000000 428.000000 -0.189524 0.311078
379.000000 428.000000 0.090765 0.311627
398.000000 428.000000 0.121696 0.311463
219.000000 429.000000 -0.170049 0.312819
268.000000 429.000000 -0.090352 0.313269
404.000000 429.000000 0.131443 0.313010
406.000000 429.000000 0.134694 0.312990
469.000000 429.000000 0.236782 0.312263
490.000000 429.000000 0.270697 0.312033
622.000000 429.000000 0.486066 0.312943
176.000000 430.000000 -0.239693 0.313946
179.000000 430.000000 -0.234841 0.313979
256.000000 430.000000 -0.109892 0.314783
408.000000 430.000000 0.137934 0.314574
411.000000 430.000000 0.142809 0.314543
479.000000 430.000000 0.252925 0.313759
497.000000 430.000000 0.281987 0.313577
501.000000 430.000000 0.288444 0.313541
545.000000 430.000000 0.359552 0.313332
550.000000 430.000000 0.367657 0.313338
566.000000 430.000000 0.393657 0.313410
607.000000 430.000000 0.461027 0.314098
611.000000 430.000000 0.467685 0.314215
182.000000 431.000000 -0.229976 0.315621
377.000000 431.000000 0.087485 0.316455
398.000000 431.000000 0.121668 0.316278
413.000000 431.000000 0.146047 0.316127
469.000000 431.000000 0.236759 0.315481
495.000000 431.000000 0.278749 0.315207
216.000000 432.000000 -0.174884 0.317605
286.000000 432.000000 -0.060988 0.318186
339.000000 432.000000 0.025510 0.318247
483.000000 432.000000 0.259364 0.316937
504.000000 432.000000 0.293270 0.316742
569.000000 432.000000 0.398563 0.316690
257.000000 433.000000 -0.108240 0.319604
388.000000 433.000000 0.105381 0.319576
392.000000 433.000000 0.111890 0.319541
468.000000 433.000000 0.235120 0.318710
490.000000 433.000000 0.270658 0.318478
492.000000 433.000000 0.273887 0.318459
571.000000 433.000000 0.401836 0.318338
158.000000 434.000000 -0.268755 0.320210
241.000000 434.000000 -0.134261 0.321070
283.000000 434.000000 -0.065870 0.321378
329.000000 434.000000 0.009186 0.321471
398.000000 434.000000 0.121640 0.321091
401.000000 434.000000 0.126518 0.321063
405.000000 434.000000 0.133019 0.321024
431.000000 434.000000 0.175221 0.320745
479.000000 434.000000 0.252883 0.320200
508.000000 434.000000 0.299714 0.319939
549.000000 434.000000 0.366044 0.319826
603.000000 434.000000 0.454493 0.320560
186.000000 435.000000 -0.223460 0.322099
218.000000 435.000000 -0.171607 0.322445
416.000000 435.000000 0.150875 0.322515
486.000000 435.000000 0.264179 0.321739
511.000000 435.000000 0.304553 0.321534
209.000000 436.000000 -0.186193 0.323955
271.000000 436.000000 -0.085417 0.324516
376.000000 436.000000 0.085820 0.324480
432.000000 436.000000 0.176819 0.323945
493.000000 436.000000 0.275475 0.323286
496.000000 436.000000 0.280320 0.323260
548.000000 436.000000 0.364426 0.323069
600.000000 436.000000 0.449569 0.323764
138.000000 437.000000 -0.301068 0.324901
203.000000 437.000000 -0.195908 0.325498
331.000000 437.000000 0.012446 0.326277
387.000000 437.000000 0.103720 0.325999
436.000000 437.000000 0.183291 0.325506
469.000000 437.000000 0.236692 0.325135
503.000000 437.000000 0.291617 0.324817
586.000000 437.000000 0.426473 0.325087
240.000000 438.000000 -0.135850 0.327479
476.000000 438.000000 0.247995 0.326671
509.000000 438.000000 0.301303 0.326391
207.000000 439.000000 -0.189404 0.328754
227.000000 439.000000 -0.156959 0.328959
330.000000 439.000000 0.010811 0.329482
338.000000 439.000000 0.023861 0.329468
402.000000 439.000000 0.128095 0.329073
408.000000 439.000000 0.137844 0.329015
478.000000 439.000000 0.251216 0.328260
534.000000 439.000000 0.341732 0.327919
582.000000 439.000000 0.419933 0.328286
589.000000 439.000000 0.431455 0.328424
203.000000 440.000000 -0.195876 0.330319
217.000000 440.000000 -0.173178 0.330464
251.000000 440.000000 -0.117947 0.330783
342.000000 440.000000 0.030383 0.331060
346.000000 440.000000 0.036905 0.331048
374.000000 440.000000 0.082535 0.330905
414.000000 440.000000 0.147577 0.330559
420.000000 440.000000 0.157315 0.330497
219.000000 441.000000 -0.169923 0.332090
352.000000 441.000000 0.046684 0.332627
371.000000 441.000000 0.077643 0.332527
384.000000 441.000000 0.098807 0.332435
427.000000 441.000000 0.168658 0.332027
433.000000 441.000000 0.178385 0.331962
538.000000 441.000000 0.348215 0.331163
585.000000 441.000000 0.424905 0.331618
135.000000 442.000000 -0.305897 0.332966
397.000000 442.000000 0.119941 0.333930
587.000000 442.000000 0.428222 0.333299
602.000000 442.000000 0.453063 0.333692
221.000000 443.000000 -0.166658 0.335321
223.000000 443.000000 -0.163412 0.335340
230.000000 443.000000 -0.152049 0.335408
250.000000 443.000000 -0.119549 0.335585
253.000000 443.000000 -0.114669 0.335610
370.000000 443.000000 0.076002 0.335738
399.000000 443.000000 0.123183 0.335515
441.000000 443.000000 0.191324 0.335087
448.000000 443.000000 0.202659 0.335011
466.000000 443.000000 0.231779 0.334820
470.000000 443.000000 0.238246 0.334779
477.000000 443.000000 0.249561 0.334711
591.000000 443.000000 0.434848 0.335032
189.000000 444.000000 -0.218512 0.336606
381.000000 444.000000 0.093902 0.337266
412.000000 444.000000 0.144290 0.336996
414.000000 444.000000 0.147537 0.336976
418.000000 444.000000 0.154028 0.336936
452.000000 444.000000 0.209122 0.336575
459.000000 444.000000 0.220448 0.336501
554.000000 444.000000 0.374219 0.336102
195.000000 445.000000 -0.208786 0.338273
385.000000 445.000000 0.100403 0.338838
425.000000 445.000000 0.165373 0.338468
464.000000 445.000000 0.228525 0.338058
483.000000 445.000000 0.259240 0.337879
594.000000 445.000000 0.439865 0.338397
213.000000 446.000000 -0.179605 0.340059
218.000000 446.000000 -0.171496 0.340107
333.000000 446.000000 0.015694 0.340689
430.000000 446.000000 0.173469 0.340021
505.000000 446.000000 0.294792 0.339335
32.000000 447.000000 -0.475043 0.342651
34.000000 447.000000 -0.471669 0.342564
412.000000 447.000000 0.144261 0.341807
434.000000 447.000000 0.179941 0.341585
441.000000 447.000000 0.191282 0.341512
473.000000 447.000000 0.243058 0.341190
476.000000 447.000000 0.247908 0.341162
480.000000 447.000000 0.254374 0.341127
511.000000 447.000000 0.304490 0.340923
580.000000 447.000000 0.416796 0.341349
333.000000 448.000000 0.015691 0.343892
415.000000 448.000000 0.149120 0.343382
446.000000 448.000000 0.199368 0.343066
456.000000 448.000000 0.215553 0.342964
32.000000 449.000000 -0.475133 0.345973
148.000000 449.000000 -0.284822 0.344339
195.000000 449.000000 -0.208747 0.344705
461.000000 449.000000 0.223633 0.344522
519.000000 449.000000 0.317430 0.344135
545.000000 449.000000 0.359607 0.344180
226.000000 450.000000 -0.158477 0.346603
469.000000 450.000000 0.236563 0.346056
32.000000 452.000000 -0.475275 0.350963
607.000000 452.000000 0.461773 0.350393
150.000000 453.000000 -0.281565 0.350811
193.000000 453.000000 -0.211950 0.351119
469.000000 453.000000 0.236536 0.350886
501.000000 453.000000 0.288288 0.350665
98.000000 454.000000 -0.366008 0.352514
109.000000 454.000000 -0.348082 0.352430
198.000000 454.000000 -0.203842 0.352771
337.000000 454.000000 0.022198 0.353489
475.000000 454.000000 0.246232 0.352447
503.000000 454.000000 0.291519 0.352273
506.000000 454.000000 0.296374 0.352262
345.000000 455.000000 0.035228 0.355069
336.000000 456.000000 0.020565 0.356692
495.000000 456.000000 0.278567 0.355541
509.000000 456.000000 0.301224 0.355489
511.000000 456.000000 0.304463 0.355485
151.000000 457.000000 -0.279929 0.357280
201.000000 457.000000 -0.198955 0.357621
205.000000 457.000000 -0.192472 0.357655
290.000000 457.000000 -0.054365 0.358252
305.000000 457.000000 -0.029936 0.358293
503.000000 457.000000 0.291508 0.357124
520.000000 457.000000 0.319045 0.357099
195.000000 458.000000 -0.208668 0.359179
297.000000 458.000000 -0.042963 0.359875
343.000000 458.000000 0.031962 0.359876
354.000000 458.000000 0.049873 0.359839
367.000000 458.000000 0.071032 0.359778
98.000000 459.000000 -0.366060 0.360674
309.000000 459.000000 -0.023418 0.361500
365.000000 459.000000 0.067772 0.361390
380.000000 459.000000 0.092171 0.361301
283.000000 460.000000 -0.065749 0.363027
333.000000 460.000000 0.015672 0.363098
343.000000 460.000000 0.031957 0.363077
376.000000 460.000000 0.085660 0.362929
289.000000 461.000000 -0.055979 0.364651
312.000000 461.000000 -0.018530 0.364704
388.000000 462.000000 0.105154 0.366052
398.000000 462.000000 0.121399 0.365978
411.000000 462.000000 0.142502 0.365873
518.000000 462.000000 0.315807 0.365209
532.000000 462.000000 0.338542 0.365258
344.000000 463.000000 0.033577 0.367875
415.000000 463.000000 0.148984 0.367443
520.000000 463.000000 0.319053 0.366837
598.000000 463.000000 0.447136 0.368276
310.000000 464.000000 -0.021783 0.369503
334.000000 464.000000 0.017294 0.369497
373.000000 464.000000 0.080758 0.369352
419.000000 464.000000 0.155463 0.369014
423.000000 464.000000 0.161950 0.368980
606.000000 464.000000 0.460623 0.370297
138.000000 465.000000 -0.300992 0.370212
140.000000 465.000000 -0.297746 0.370211
339.000000 465.000000 0.025432 0.371088
368.000000 465.000000 0.072622 0.370980
35.000000 466.000000 -0.470916 0.374183
335.000000 466.000000 0.018919 0.372696
343.000000 466.000000 0.031941 0.372679
435.000000 466.000000 0.181383 0.372091
440.000000 466.000000 0.189484 0.372049
492.000000 466.000000 0.273670 0.371718
495.000000 466.000000 0.278528 0.371709
43.000000 467.000000 -0.457410 0.375430
354.000000 467.000000 0.049839 0.374245
357.000000 467.000000 0.054719 0.374233
375.000000 467.000000 0.083993 0.374145
379.000000 467.000000 0.090495 0.374121
397.000000 467.000000 0.119738 0.374001
443.000000 467.000000 0.194335 0.373633
447.000000 467.000000 0.200814 0.373602
452.000000 467.000000 0.208910 0.373563
520.000000 467.000000 0.319065 0.373336
523.000000 467.000000 0.323938 0.373348
610.000000 467.000000 0.467539 0.375515
138.000000 468.000000 -0.300996 0.375080
365.000000 468.000000 0.067728 0.375799
368.000000 468.000000 0.072606 0.375784
391.000000 468.000000 0.109986 0.375646
409.000000 468.000000 0.139209 0.375514
423.000000 468.000000 0.161916 0.375402
431.000000 468.000000 0.174885 0.375337
455.000000 468.000000 0.213761 0.375151
460.000000 468.000000 0.221856 0.375116
604.000000 468.000000 0.457446 0.376874
134.000000 469.000000 -0.307495 0.376714
335.000000 469.000000 0.018914 0.377497
345.000000 469.000000 0.035188 0.377475
380.000000 469.000000 0.092108 0.377319
403.000000 469.000000 0.129464 0.377163
421.000000 469.000000 0.158665 0.377024
473.000000 469.000000 0.242895 0.376648
378.000000 470.000000 0.088852 0.378933
410.000000 470.000000 0.140816 0.378715
415.000000 470.000000 0.148927 0.378676
427.000000 470.000000 0.168385 0.378583
468.000000 470.000000 0.234795 0.378290
478.000000 470.000000 0.250986 0.378238
485.000000 470.000000 0.262321 0.378210
610.000000 470.000000 0.467706 0.380541
130.000000 471.000000 -0.314005 0.379981
169.000000 471.000000 -0.250711 0.379975
291.000000 471.000000 -0.052692 0.380667
346.000000 471.000000 0.036809 0.380674
357.000000 471.000000 0.054704 0.380637
363.000000 471.000000 0.064461 0.380612
390.000000 471.000000 0.108342 0.380461
392.000000 471.000000 0.111590 0.380448
434.000000 471.000000 0.179723 0.380136
456.000000 471.000000 0.215359 0.379976
481.000000 471.000000 0.255839 0.379842
490.000000 471.000000 0.270417 0.379814
553.000000 471.000000 0.372914 0.380200
157.000000 472.000000 -0.270164 0.381564
172.000000 472.000000 -0.245845 0.381602
369.000000 472.000000 0.074212 0.382185
401.000000 472.000000 0.126196 0.381989
404.000000 472.000000 0.131065 0.381968
428.000000 472.000000 0.169991 0.381789
446.000000 472.000000 0.199157 0.381655
462.000000 472.000000 0.225068 0.381550
556.000000 472.000000 0.377853 0.381898
605.000000 472.000000 0.459342 0.383616
132.000000 473.000000 -0.310762 0.383226
153.000000 473.000000 -0.276652 0.383181
159.000000 473.000000 -0.266919 0.383186
174.000000 473.000000 -0.242599 0.383225
336.000000 473.000000 0.020534 0.383898
357.000000 473.000000 0.054696 0.383839
376.000000 473.000000 0.085585 0.383750
435.000000 473.000000 0.181328 0.383344
458.000000 473.000000 0.218585 0.383187
469.000000 473.000000 0.236398 0.383126
498.000000 473.000000 0.283379 0.383043
544.000000 473.000000 0.358213 0.383334
563.000000 473.000000 0.389382 0.383695
577.000000 473.000000 0.412515 0.384088
26.000000 474.000000 -0.486854 0.388245
33.000000 474.000000 -0.474818 0.387755
66.000000 474.000000 -0.419143 0.386091
348.000000 474.000000 0.040054 0.385470
387.000000 474.000000 0.103450 0.385289
412.000000 474.000000 0.144031 0.385120
415.000000 474.000000 0.148897 0.385098
465.000000 474.000000 0.229915 0.384760
474.000000 474.000000 0.244491 0.384718
495.000000 474.000000 0.278515 0.384666
35.000000 475.000000 -0.471461 0.389310
365.000000 475.000000 0.067695 0.387009
370.000000 475.000000 0.075823 0.386985
377.000000 475.000000 0.087199 0.386950
382.000000 475.000000 0.095323 0.386922
393.000000 475.000000 0.113188 0.386855
417.000000 475.000000 0.152134 0.386690
429.000000 475.000000 0.171590 0.386603
454.000000 475.000000 0.212095 0.386435
617.000000 475.000000 0.479967 0.389398
30.000000 476.000000 -0.480105 0.391340
67.000000 476.000000 -0.417551 0.389376
350.000000 476.000000 0.043301 0.388667
358.000000 476.000000 0.056311 0.388639
401.000000 476.000000 0.126168 0.388406
406.000000 476.000000 0.134282 0.388373
425.000000 476.000000 0.165098 0.388239
442.000000 476.000000 0.192649 0.388122
466.000000 476.000000 0.231525 0.387983
478.000000 476.000000 0.250963 0.387936
487.000000 476.000000 0.265546 0.387915
