334.000000 87.000000 0.017402 -0.244144
326.000000 109.000000 0.004328 -0.208714
336.000000 110.000000 0.020724 -0.207085
343.000000 110.000000 0.032198 -0.207067
352.000000 110.000000 0.046945 -0.207032
354.000000 110.000000 0.050221 -0.207023
327.000000 111.000000 0.005969 -0.205483
288.000000 116.000000 -0.057987 -0.197316
513.000000 126.000000 0.308288 -0.179249
505.000000 127.000000 0.295469 -0.177752
509.000000 127.000000 0.301887 -0.177694
621.000000 128.000000 0.482116 -0.175140
614.000000 129.000000 0.470699 -0.173515
340.000000 130.000000 0.027333 -0.174694
265.000000 131.000000 -0.095755 -0.172876
627.000000 133.000000 0.491920 -0.167077
286.000000 134.000000 -0.061353 -0.168135
617.000000 134.000000 0.475581 -0.165441
621.000000 134.000000 0.482104 -0.165445
613.000000 135.000000 0.469073 -0.163826
515.000000 138.000000 0.311663 -0.159857
286.000000 140.000000 -0.061381 -0.158385
493.000000 140.000000 0.276385 -0.156932
288.000000 142.000000 -0.058106 -0.155141
331.000000 143.000000 0.012568 -0.153582
338.000000 143.000000 0.024076 -0.153571
353.000000 143.000000 0.048724 -0.153527
4.000000 144.000000 -0.518250 -0.149464
334.000000 144.000000 0.017502 -0.151951
346.000000 144.000000 0.037227 -0.151924
141.000000 146.000000 -0.297043 -0.147112
151.000000 146.000000 -0.280973 -0.147243
157.000000 146.000000 -0.271320 -0.147323
189.000000 146.000000 -0.219678 -0.147740
138.000000 147.000000 -0.301874 -0.145455
337.000000 148.000000 0.022441 -0.145432
329.000000 151.000000 0.009287 -0.140553
347.000000 154.000000 0.038900 -0.135628
385.000000 155.000000 0.101293 -0.133811
414.000000 155.000000 0.148702 -0.133573
420.000000 155.000000 0.158482 -0.133515
329.000000 156.000000 0.009291 -0.132398
405.000000 156.000000 0.134021 -0.132026
338.000000 157.000000 0.024102 -0.130754
399.000000 157.000000 0.124223 -0.130448
349.000000 158.000000 0.042201 -0.129096
355.000000 158.000000 0.052066 -0.129076
3.000000 159.000000 -0.519819 -0.125182
79.000000 160.000000 -0.396571 -0.123792
393.000000 160.000000 0.114429 -0.125604
423.000000 160.000000 0.163417 -0.125348
325.000000 162.000000 0.002709 -0.122603
349.000000 162.000000 0.042212 -0.122565
353.000000 165.000000 0.048801 -0.117651
406.000000 167.000000 0.135745 -0.114088
348.000000 168.000000 0.040583 -0.112762
396.000000 168.000000 0.119397 -0.112530
362.000000 170.000000 0.063620 -0.109446
429.000000 171.000000 0.173287 -0.107371
368.000000 173.000000 0.073495 -0.104516
404.000000 173.000000 0.132520 -0.104309
408.000000 173.000000 0.139058 -0.104280
355.000000 174.000000 0.052120 -0.102927
363.000000 174.000000 0.065280 -0.102900
396.000000 174.000000 0.119437 -0.102730
351.000000 177.000000 0.045545 -0.098027
394.000000 177.000000 0.116180 -0.097839
354.000000 178.000000 0.050486 -0.096381
373.000000 180.000000 0.081741 -0.093039
349.000000 181.000000 0.042261 -0.091480
370.000000 183.000000 0.076823 -0.088138
353.000000 184.000000 0.048855 -0.086553
363.000000 187.000000 0.065324 -0.081607
354.000000 188.000000 0.050512 -0.079992
364.000000 190.000000 0.066979 -0.076685
379.000000 193.000000 0.091652 -0.071714
355.000000 194.000000 0.052172 -0.070146
352.000000 195.000000 0.047233 -0.068511
370.000000 197.000000 0.076871 -0.065183
354.000000 198.000000 0.050534 -0.063582
350.000000 202.000000 0.043949 -0.057019
354.000000 204.000000 0.050545 -0.053726
365.000000 204.000000 0.068662 -0.053704
369.000000 210.000000 0.075259 -0.043837
354.000000 214.000000 0.050560 -0.037287
370.000000 214.000000 0.076913 -0.037261
362.000000 217.000000 0.063746 -0.032342
365.000000 217.000000 0.068687 -0.032338
355.000000 221.000000 0.052217 -0.025772
365.000000 221.000000 0.068693 -0.025760
350.000000 224.000000 0.043975 -0.020840
353.000000 224.000000 0.048922 -0.020837
350.000000 231.000000 0.043980 -0.009318
352.000000 231.000000 0.047278 -0.009317
366.000000 231.000000 0.070351 -0.009308
329.000000 232.000000 0.009325 -0.007677
193.000000 234.000000 -0.213854 -0.004274
211.000000 234.000000 -0.184599 -0.004301
354.000000 234.000000 0.050577 -0.004377
361.000000 234.000000 0.062116 -0.004374
3.000000 235.000000 -0.519797 -0.002209
203.000000 235.000000 -0.197617 -0.002651
350.000000 235.000000 0.043981 -0.002732
218.000000 236.000000 -0.173195 -0.001031
193.000000 237.000000 -0.213858 0.000636
216.000000 237.000000 -0.176457 0.000611
350.000000 237.000000 0.043982 0.000561
6.000000 238.000000 -0.514875 0.002637
352.000000 238.000000 0.047281 0.002207
363.000000 238.000000 0.065413 0.002210
205.000000 239.000000 -0.194369 0.003899
215.000000 239.000000 -0.178088 0.003891
9.000000 240.000000 -0.509961 0.005864
22.000000 240.000000 -0.488748 0.005824
61.000000 240.000000 -0.425846 0.005727
69.000000 240.000000 -0.413026 0.005710
72.000000 240.000000 -0.408222 0.005704
212.000000 240.000000 -0.182977 0.005532
4.000000 241.000000 -0.518171 0.007498
19.000000 244.000000 -0.493641 0.012304
23.000000 244.000000 -0.487134 0.012293
213.000000 244.000000 -0.181349 0.012089
217.000000 244.000000 -0.174830 0.012089
368.000000 244.000000 0.073649 0.012086
11.000000 245.000000 -0.506702 0.013948
62.000000 245.000000 -0.424253 0.013821
351.000000 245.000000 0.045632 0.013733
197.000000 246.000000 -0.207372 0.015366
214.000000 246.000000 -0.179720 0.015368
217.000000 246.000000 -0.174830 0.015368
22.000000 247.000000 -0.488768 0.017149
350.000000 247.000000 0.043982 0.017026
376.000000 247.000000 0.086815 0.017021
56.000000 248.000000 -0.433885 0.018689
65.000000 248.000000 -0.419448 0.018674
352.000000 248.000000 0.047281 0.018672
194.000000 249.000000 -0.212240 0.020276
209.000000 249.000000 -0.187862 0.020284
11.000000 250.000000 -0.506719 0.022039
66.000000 251.000000 -0.417849 0.023532
23.000000 252.000000 -0.487158 0.025236
213.000000 252.000000 -0.181346 0.025204
29.000000 253.000000 -0.477424 0.026837
193.000000 253.000000 -0.213859 0.026822
195.000000 253.000000 -0.210614 0.026824
207.000000 253.000000 -0.191114 0.026837
24.000000 254.000000 -0.485539 0.028469
65.000000 254.000000 -0.419455 0.028392
357.000000 254.000000 0.055523 0.028548
366.000000 254.000000 0.070352 0.028543
369.000000 254.000000 0.075292 0.028541
202.000000 255.000000 -0.199243 0.030107
213.000000 255.000000 -0.181343 0.030121
216.000000 255.000000 -0.176454 0.030125
66.000000 256.000000 -0.417854 0.031631
218.000000 257.000000 -0.173190 0.033407
351.000000 257.000000 0.045628 0.033489
197.000000 258.000000 -0.207360 0.035011
202.000000 258.000000 -0.199238 0.035020
208.000000 258.000000 -0.189480 0.035030
212.000000 258.000000 -0.182967 0.035037
353.000000 258.000000 0.048926 0.035134
365.000000 258.000000 0.068702 0.035125
367.000000 258.000000 0.071996 0.035123
3.000000 259.000000 -0.519888 0.036640
15.000000 259.000000 -0.500213 0.036590
205.000000 259.000000 -0.194358 0.036663
218.000000 259.000000 -0.173187 0.036687
20.000000 260.000000 -0.492063 0.038191
197.000000 260.000000 -0.207357 0.038285
211.000000 260.000000 -0.184592 0.038313
216.000000 260.000000 -0.176446 0.038323
10.000000 261.000000 -0.508399 0.039847
193.000000 261.000000 -0.213846 0.039913
206.000000 261.000000 -0.192728 0.039941
213.000000 261.000000 -0.181333 0.039956
362.000000 261.000000 0.063757 0.040064
195.000000 262.000000 -0.210599 0.041554
210.000000 262.000000 -0.186216 0.041588
11.000000 263.000000 -0.506770 0.043081
27.000000 263.000000 -0.480694 0.043025
35.000000 263.000000 -0.467736 0.043005
64.000000 263.000000 -0.421065 0.042970
56.000000 264.000000 -0.433904 0.044593
67.000000 264.000000 -0.416255 0.044589
220.000000 264.000000 -0.169914 0.044889
352.000000 264.000000 0.047272 0.045010
370.000000 264.000000 0.076928 0.044990
23.000000 265.000000 -0.487197 0.046274
49.000000 265.000000 -0.445159 0.046219
60.000000 265.000000 -0.427482 0.046210
185.000000 265.000000 -0.226803 0.046435
216.000000 265.000000 -0.176435 0.046518
218.000000 265.000000 -0.173174 0.046523
63.000000 266.000000 -0.422669 0.047829
195.000000 266.000000 -0.210588 0.048099
209.000000 266.000000 -0.187834 0.048138
221.000000 266.000000 -0.168278 0.048171
185.000000 267.000000 -0.226797 0.049705
190.000000 267.000000 -0.218696 0.049720
11.000000 268.000000 -0.506791 0.051175
202.000000 268.000000 -0.199214 0.051393
205.000000 268.000000 -0.194336 0.051402
354.000000 268.000000 0.050566 0.051589
367.000000 268.000000 0.071984 0.051573
46.000000 269.000000 -0.449994 0.052697
61.000000 269.000000 -0.425879 0.052688
196.000000 269.000000 -0.208956 0.053011
200.000000 269.000000 -0.202461 0.053024
66.000000 270.000000 -0.417858 0.054308
180.000000 270.000000 -0.234880 0.054592
12.000000 271.000000 -0.505167 0.056028
42.000000 271.000000 -0.456446 0.055940
208.000000 271.000000 -0.189446 0.056324
220.000000 271.000000 -0.169895 0.056364
371.000000 271.000000 0.078563 0.056499
27.000000 272.000000 -0.480719 0.057591
32.000000 272.000000 -0.472611 0.057578
45.000000 272.000000 -0.451609 0.057555
63.000000 272.000000 -0.422669 0.057546
67.000000 272.000000 -0.416254 0.057548
177.000000 272.000000 -0.239725 0.057848
186.000000 272.000000 -0.225161 0.057882
190.000000 272.000000 -0.218679 0.057897
24.000000 273.000000 -0.485597 0.059219
56.000000 273.000000 -0.433909 0.059166
203.000000 273.000000 -0.197571 0.059581
18.000000 274.000000 -0.495373 0.060860
35.000000 274.000000 -0.467760 0.060808
182.000000 274.000000 -0.231629 0.061135
194.000000 274.000000 -0.212184 0.061183
199.000000 274.000000 -0.204067 0.061202
12.000000 275.000000 -0.505186 0.062505
203.000000 275.000000 -0.197564 0.062854
210.000000 275.000000 -0.186177 0.062882
353.000000 275.000000 0.048909 0.063104
359.000000 275.000000 0.058797 0.063095
38.000000 276.000000 -0.462912 0.064040
44.000000 276.000000 -0.453226 0.064031
72.000000 276.000000 -0.408236 0.064032
5.000000 277.000000 -0.516691 0.065782
69.000000 277.000000 -0.413043 0.065649
176.000000 277.000000 -0.241321 0.066009
189.000000 277.000000 -0.220280 0.066067
198.000000 277.000000 -0.205679 0.066106
204.000000 277.000000 -0.195930 0.066131
8.000000 278.000000 -0.511763 0.067384
196.000000 278.000000 -0.208921 0.067733
366.000000 278.000000 0.070320 0.068014
4.000000 279.000000 -0.518350 0.069028
179.000000 279.000000 -0.236461 0.069289
181.000000 279.000000 -0.233226 0.069298
189.000000 279.000000 -0.220270 0.069336
194.000000 279.000000 -0.212163 0.069359
171.000000 281.000000 -0.249380 0.072514
175.000000 281.000000 -0.242919 0.072534
181.000000 281.000000 -0.233216 0.072564
183.000000 281.000000 -0.229979 0.072574
199.000000 281.000000 -0.204037 0.072653
353.000000 281.000000 0.048900 0.072968
365.000000 281.000000 0.068667 0.072946
4.000000 282.000000 -0.518369 0.073889
176.000000 283.000000 -0.241292 0.075804
172.000000 284.000000 -0.247750 0.077414
184.000000 284.000000 -0.228345 0.077479
213.000000 284.000000 -0.181252 0.077629
353.000000 284.000000 0.048895 0.077898
355.000000 285.000000 0.052189 0.079538
362.000000 285.000000 0.063719 0.079524
200.000000 286.000000 -0.202387 0.080833
205.000000 286.000000 -0.194261 0.080860
205.000000 288.000000 -0.194250 0.084131
207.000000 288.000000 -0.190998 0.084142
214.000000 288.000000 -0.179603 0.084180
352.000000 288.000000 0.047240 0.084471
162.000000 290.000000 -0.263851 0.087140
211.000000 291.000000 -0.184472 0.089071
213.000000 291.000000 -0.181216 0.089082
356.000000 291.000000 0.053824 0.089390
366.000000 291.000000 0.070289 0.089365
166.000000 292.000000 -0.257388 0.090424
122.000000 293.000000 -0.328114 0.091780
354.000000 295.000000 0.050521 0.095960
360.000000 295.000000 0.060402 0.095946
369.000000 298.000000 0.075203 0.100840
359.000000 301.000000 0.058740 0.105790
365.000000 302.000000 0.068610 0.107411
361.000000 305.000000 0.062019 0.112341
370.000000 305.000000 0.076822 0.112310
327.000000 308.000000 0.006009 0.117319
360.000000 308.000000 0.060364 0.117259
377.000000 309.000000 0.088308 0.118831
358.000000 311.000000 0.057064 0.122179
373.000000 312.000000 0.081724 0.123759
81.000000 313.000000 -0.393707 0.123998
343.000000 315.000000 0.032362 0.128766
367.000000 315.000000 0.071851 0.128694
4.000000 318.000000 -0.518683 0.132273
359.000000 318.000000 0.058686 0.133631
369.000000 318.000000 0.075126 0.133592
354.000000 319.000000 0.050458 0.135283
332.000000 320.000000 0.014238 0.136964
335.000000 322.000000 0.019176 0.140231
358.000000 322.000000 0.057028 0.140175
368.000000 324.000000 0.073456 0.143403
332.000000 325.000000 0.014233 0.145139
350.000000 325.000000 0.043859 0.145104
354.000000 325.000000 0.050439 0.145092
342.000000 326.000000 0.030693 0.146758
344.000000 327.000000 0.033982 0.148387
368.000000 328.000000 0.073437 0.149936
375.000000 328.000000 0.084930 0.149900
383.000000 328.000000 0.098053 0.149854
390.000000 328.000000 0.109524 0.149809
4.000000 333.000000 -0.518874 0.156642
336.000000 333.000000 0.020807 0.158200
341.000000 333.000000 0.029033 0.158190
333.000000 334.000000 0.015869 0.159836
294.000000 337.000000 -0.048288 0.164693
312.000000 337.000000 -0.018685 0.164731
259.000000 338.000000 -0.105732 0.166148
211.000000 339.000000 -0.184080 0.167359
426.000000 339.000000 0.168218 0.167421
258.000000 341.000000 -0.107350 0.171027
423.000000 341.000000 0.163314 0.170703
274.000000 342.000000 -0.081115 0.172755
277.000000 342.000000 -0.076192 0.172771
451.000000 342.000000 0.208785 0.172025
280.000000 343.000000 -0.071263 0.174414
215.000000 344.000000 -0.177523 0.175527
510.000000 344.000000 0.303892 0.174579
527.000000 344.000000 0.331172 0.174401
424.000000 345.000000 0.164902 0.177194
422.000000 346.000000 0.161635 0.178839
507.000000 347.000000 0.299040 0.179470
249.000000 349.000000 -0.122018 0.183973
424.000000 351.000000 0.164838 0.186938
594.000000 352.000000 0.438835 0.186992
603.000000 352.000000 0.453426 0.187015
609.000000 352.000000 0.463183 0.187043
424.000000 353.000000 0.164817 0.190183
431.000000 354.000000 0.176190 0.191728
442.000000 354.000000 0.194053 0.191600
606.000000 354.000000 0.458311 0.190269
424.000000 356.000000 0.164784 0.195050
428.000000 358.000000 0.171268 0.198248
437.000000 358.000000 0.185891 0.198143
451.000000 358.000000 0.208593 0.197972
453.000000 359.000000 0.211820 0.199567
465.000000 359.000000 0.231230 0.199415
431.000000 360.000000 0.176121 0.201455
435.000000 360.000000 0.182619 0.201408
484.000000 360.000000 0.261877 0.200789
608.000000 360.000000 0.461602 0.200010
437.000000 361.000000 0.185855 0.203004
443.000000 361.000000 0.195590 0.202931
449.000000 361.000000 0.205316 0.202856
487.000000 361.000000 0.266698 0.202368
501.000000 361.000000 0.289231 0.202193
605.000000 361.000000 0.456721 0.201614
457.000000 362.000000 0.218256 0.204374
462.000000 362.000000 0.226343 0.204309
515.000000 362.000000 0.311720 0.203645
577.000000 362.000000 0.411369 0.203187
475.000000 363.000000 0.247326 0.205758
478.000000 363.000000 0.252166 0.205719
529.000000 363.000000 0.334193 0.205112
531.000000 363.000000 0.337404 0.205093
600.000000 363.000000 0.448597 0.204831
605.000000 363.000000 0.456732 0.204857
448.000000 364.000000 0.203658 0.207726
539.000000 364.000000 0.350240 0.206635
550.000000 364.000000 0.367908 0.206548
553.000000 364.000000 0.372729 0.206527
595.000000 364.000000 0.440481 0.206434
252.000000 365.000000 -0.116980 0.209967
510.000000 365.000000 0.303652 0.208553
565.000000 365.000000 0.392024 0.208079
568.000000 365.000000 0.396855 0.208067
422.000000 366.000000 0.161418 0.211278
431.000000 366.000000 0.176051 0.211173
582.000000 366.000000 0.419437 0.209656
585.000000 366.000000 0.424287 0.209656
441.000000 367.000000 0.192272 0.212669
443.000000 367.000000 0.195516 0.212644
598.000000 367.000000 0.445364 0.211308
422.000000 368.000000 0.161396 0.214516
453.000000 368.000000 0.211705 0.214134
457.000000 368.000000 0.218178 0.214082
474.000000 368.000000 0.245647 0.213858
476.000000 368.000000 0.248874 0.213832
511.000000 368.000000 0.305224 0.213390
606.000000 368.000000 0.458395 0.212976
487.000000 369.000000 0.266595 0.215304
493.000000 369.000000 0.276258 0.215227
521.000000 369.000000 0.321282 0.214893
530.000000 369.000000 0.335739 0.214800
536.000000 369.000000 0.345377 0.214744
473.000000 370.000000 0.244007 0.217104
576.000000 370.000000 0.409742 0.216137
427.000000 371.000000 0.169491 0.219312
464.000000 371.000000 0.229458 0.218840
483.000000 371.000000 0.260123 0.218588
556.000000 371.000000 0.377510 0.217828
609.000000 371.000000 0.463319 0.217870
436.000000 372.000000 0.184097 0.220820
442.000000 372.000000 0.193831 0.220745
453.000000 373.000000 0.211640 0.222219
457.000000 373.000000 0.218113 0.222166
527.000000 373.000000 0.330880 0.221294
558.000000 373.000000 0.380718 0.221051
592.000000 373.000000 0.435642 0.221011
555.000000 374.000000 0.375884 0.222685
605.000000 374.000000 0.456809 0.222707
422.000000 375.000000 0.161315 0.225840
522.000000 375.000000 0.322825 0.224577
532.000000 375.000000 0.338895 0.224477
562.000000 375.000000 0.387150 0.224267
426.000000 376.000000 0.167807 0.227409
477.000000 376.000000 0.250382 0.226746
581.000000 376.000000 0.417821 0.225850
431.000000 377.000000 0.175918 0.228965
433.000000 377.000000 0.179165 0.228940
466.000000 377.000000 0.232610 0.228509
470.000000 377.000000 0.239070 0.228455
483.000000 377.000000 0.260044 0.228282
489.000000 377.000000 0.269713 0.228203
548.000000 377.000000 0.364603 0.227579
595.000000 377.000000 0.440533 0.227510
439.000000 378.000000 0.188889 0.230481
449.000000 378.000000 0.205097 0.230351
480.000000 378.000000 0.255194 0.229937
607.000000 378.000000 0.460113 0.229221
433.000000 379.000000 0.179141 0.232172
453.000000 379.000000 0.211561 0.231913
457.000000 379.000000 0.218033 0.231860
546.000000 379.000000 0.361371 0.230825
492.000000 380.000000 0.274507 0.233008
561.000000 380.000000 0.385519 0.232360
564.000000 380.000000 0.390356 0.232349
484.000000 381.000000 0.261603 0.234727
555.000000 381.000000 0.375846 0.234004
572.000000 381.000000 0.403267 0.233950
422.000000 382.000000 0.161233 0.237152
426.000000 382.000000 0.167735 0.237104
428.000000 382.000000 0.170984 0.237080
480.000000 382.000000 0.255141 0.236395
439.000000 383.000000 0.188826 0.238556
441.000000 383.000000 0.192069 0.238530
482.000000 383.000000 0.258353 0.237983
606.000000 383.000000 0.458526 0.237337
452.000000 384.000000 0.209876 0.240000
457.000000 384.000000 0.217966 0.239933
469.000000 384.000000 0.237361 0.239771
434.000000 385.000000 0.180689 0.241849
488.000000 385.000000 0.267998 0.241132
578.000000 385.000000 0.412972 0.240428
483.000000 386.000000 0.259925 0.242811
493.000000 386.000000 0.276041 0.242681
545.000000 386.000000 0.359714 0.242147
549.000000 386.000000 0.366155 0.242122
551.000000 386.000000 0.369377 0.242110
590.000000 386.000000 0.432447 0.242086
424.000000 387.000000 0.164424 0.245200
490.000000 387.000000 0.271195 0.244333
435.000000 388.000000 0.182273 0.246677
554.000000 388.000000 0.374201 0.245329
558.000000 388.000000 0.380651 0.245313
564.000000 388.000000 0.390334 0.245295
287.000000 389.000000 -0.059562 0.249028
308.000000 389.000000 -0.025172 0.249099
312.000000 389.000000 -0.018619 0.249106
421.000000 389.000000 0.159524 0.248463
441.000000 389.000000 0.191991 0.248213
448.000000 389.000000 0.203333 0.248121
490.000000 389.000000 0.271169 0.247560
569.000000 389.000000 0.398411 0.246906
297.000000 390.000000 -0.043186 0.250684
319.000000 390.000000 -0.007150 0.250726
452.000000 390.000000 0.209796 0.249681
456.000000 390.000000 0.216268 0.249627
501.000000 390.000000 0.288874 0.249036
517.000000 390.000000 0.314625 0.248853
522.000000 390.000000 0.322670 0.248802
575.000000 390.000000 0.408119 0.248526
291.000000 391.000000 -0.053006 0.252274
323.000000 391.000000 -0.000596 0.252340
558.000000 391.000000 0.380640 0.250166
602.000000 391.000000 0.452063 0.250302
285.000000 392.000000 -0.062820 0.253859
332.000000 392.000000 0.014146 0.253946
472.000000 392.000000 0.242098 0.252637
494.000000 392.000000 0.277576 0.252349
544.000000 392.000000 0.358065 0.251851
562.000000 392.000000 0.387095 0.251773
564.000000 392.000000 0.390326 0.251769
573.000000 392.000000 0.404882 0.251765
606.000000 392.000000 0.458630 0.251976
343.000000 393.000000 0.032157 0.255534
425.000000 393.000000 0.165976 0.254866
432.000000 393.000000 0.177342 0.254780
434.000000 393.000000 0.180587 0.254754
235.000000 394.000000 -0.144428 0.256681
441.000000 394.000000 0.191926 0.256276
494.000000 394.000000 0.277551 0.255575
501.000000 394.000000 0.288826 0.255489
244.000000 395.000000 -0.129758 0.258386
448.000000 395.000000 0.203253 0.257796
452.000000 395.000000 0.209729 0.257743
546.000000 395.000000 0.361270 0.256689
240.000000 396.000000 -0.136265 0.259958
456.000000 396.000000 0.216188 0.259302
541.000000 396.000000 0.353207 0.258335
543.000000 396.000000 0.356430 0.258323
562.000000 396.000000 0.387087 0.258248
235.000000 397.000000 -0.144396 0.261517
421.000000 397.000000 0.159430 0.261362
497.000000 397.000000 0.282347 0.260377
504.000000 397.000000 0.293622 0.260294
582.000000 397.000000 0.419495 0.259896
425.000000 398.000000 0.165916 0.262926
462.000000 398.000000 0.225863 0.262444
587.000000 398.000000 0.427635 0.261547
434.000000 399.000000 0.180511 0.264425
499.000000 399.000000 0.285545 0.263578
505.000000 399.000000 0.295209 0.263509
532.000000 399.000000 0.338687 0.263246
550.000000 399.000000 0.367702 0.263137
552.000000 399.000000 0.370929 0.263130
601.000000 399.000000 0.450518 0.263307
384.000000 400.000000 0.099143 0.266577
387.000000 400.000000 0.104038 0.266552
555.000000 400.000000 0.375769 0.264738
452.000000 401.000000 0.209649 0.267412
456.000000 401.000000 0.216121 0.267359
469.000000 401.000000 0.237133 0.267185
536.000000 401.000000 0.345117 0.266448
563.000000 401.000000 0.388699 0.266343
499.000000 402.000000 0.285510 0.268416
532.000000 402.000000 0.338665 0.268092
160.000000 403.000000 -0.265856 0.270268
387.000000 403.000000 0.104011 0.271383
462.000000 403.000000 0.225796 0.270500
490.000000 403.000000 0.270992 0.270137
523.000000 403.000000 0.324158 0.269780
538.000000 403.000000 0.348328 0.269667
170.000000 404.000000 -0.249695 0.272002
173.000000 404.000000 -0.244848 0.272040
380.000000 404.000000 0.092583 0.273051
424.000000 404.000000 0.164219 0.272601
429.000000 404.000000 0.172336 0.272540
459.000000 404.000000 0.220933 0.272151
525.000000 404.000000 0.327371 0.271377
433.000000 405.000000 0.178814 0.274100
439.000000 405.000000 0.188542 0.274024
470.000000 405.000000 0.238696 0.273616
504.000000 405.000000 0.293532 0.273197
508.000000 405.000000 0.299976 0.273154
189.000000 406.000000 -0.218948 0.275464
391.000000 406.000000 0.110506 0.276176
448.000000 406.000000 0.203109 0.275517
468.000000 406.000000 0.235452 0.275253
452.000000 407.000000 0.209570 0.277074
456.000000 407.000000 0.216042 0.277022
475.000000 407.000000 0.246743 0.276773
519.000000 407.000000 0.317678 0.276273
578.000000 407.000000 0.413041 0.276108
581.000000 407.000000 0.417924 0.276127
615.000000 407.000000 0.473731 0.276602
617.000000 407.000000 0.477049 0.276648
621.000000 407.000000 0.483699 0.276747
624.000000 407.000000 0.488701 0.276828
183.000000 408.000000 -0.228631 0.278610
486.000000 408.000000 0.264481 0.278245
490.000000 408.000000 0.270931 0.278196
509.000000 408.000000 0.301556 0.277983
511.000000 408.000000 0.304778 0.277962
396.000000 409.000000 0.118624 0.280955
420.000000 409.000000 0.157663 0.280696
424.000000 409.000000 0.164159 0.280649
463.000000 409.000000 0.227334 0.280150
498.000000 409.000000 0.283817 0.279714
502.000000 409.000000 0.290265 0.279670
522.000000 409.000000 0.322495 0.279475
526.000000 409.000000 0.328942 0.279443
554.000000 409.000000 0.374134 0.279308
558.000000 409.000000 0.380604 0.279304
178.000000 410.000000 -0.236692 0.281769
399.000000 410.000000 0.123500 0.282534
562.000000 410.000000 0.387081 0.280925
438.000000 411.000000 0.186845 0.283693
440.000000 411.000000 0.190086 0.283668
556.000000 411.000000 0.377367 0.282544
135.000000 412.000000 -0.306100 0.284518
327.000000 412.000000 0.005940 0.286160
430.000000 412.000000 0.173860 0.285402
446.000000 412.000000 0.199793 0.285200
452.000000 412.000000 0.209505 0.285123
470.000000 412.000000 0.238605 0.284890
535.000000 412.000000 0.343436 0.284230
538.000000 412.000000 0.348278 0.284214
563.000000 412.000000 0.388704 0.284168
614.000000 412.000000 0.472188 0.284761
150.000000 413.000000 -0.281883 0.286278
324.000000 413.000000 0.001034 0.287770
331.000000 413.000000 0.012479 0.287763
432.000000 413.000000 0.177092 0.286986
456.000000 413.000000 0.215963 0.286680
490.000000 413.000000 0.270872 0.286254
547.000000 413.000000 0.362809 0.285798
559.000000 413.000000 0.382224 0.285785
571.000000 413.000000 0.401691 0.285815
616.000000 413.000000 0.475534 0.286448
623.000000 413.000000 0.487203 0.286642
158.000000 414.000000 -0.268957 0.287977
243.000000 414.000000 -0.131199 0.288966
293.000000 414.000000 -0.049639 0.289320
315.000000 414.000000 -0.013681 0.289375
493.000000 414.000000 0.275699 0.287830
555.000000 414.000000 0.375747 0.287405
582.000000 414.000000 0.419608 0.287514
522.000000 415.000000 0.322447 0.289162
525.000000 415.000000 0.327286 0.289140
563.000000 415.000000 0.388710 0.289033
571.000000 415.000000 0.401701 0.289063
602.000000 415.000000 0.452408 0.289413
463.000000 416.000000 0.227243 0.291418
531.000000 416.000000 0.336959 0.290717
534.000000 416.000000 0.341801 0.290701
574.000000 416.000000 0.406586 0.290704
607.000000 416.000000 0.460683 0.291148
243.000000 417.000000 -0.131170 0.293789
301.000000 417.000000 -0.036557 0.294169
315.000000 417.000000 -0.013678 0.294195
422.000000 417.000000 0.160817 0.293538
437.000000 417.000000 0.185149 0.293357
439.000000 417.000000 0.188390 0.293332
543.000000 417.000000 0.356333 0.292282
290.000000 418.000000 -0.054523 0.295735
292.000000 418.000000 -0.051257 0.295744
419.000000 418.000000 0.155934 0.295180
447.000000 418.000000 0.201335 0.294839
451.000000 418.000000 0.207810 0.294789
504.000000 418.000000 0.293395 0.294161
551.000000 418.000000 0.369270 0.293887
308.000000 419.000000 -0.025115 0.297398
456.000000 419.000000 0.215887 0.296334
537.000000 419.000000 0.346632 0.295538
561.000000 419.000000 0.385476 0.295517
625.000000 419.000000 0.490746 0.296570
627.000000 419.000000 0.494106 0.296640
633.000000 419.000000 0.504226 0.296869
134.000000 420.000000 -0.307648 0.297423
136.000000 420.000000 -0.304418 0.297439
234.000000 420.000000 -0.145780 0.298519
242.000000 420.000000 -0.132768 0.298600
381.000000 420.000000 0.094087 0.298769
563.000000 420.000000 0.388725 0.297146
300.000000 421.000000 -0.038179 0.300590
424.000000 421.000000 0.164017 0.299944
462.000000 421.000000 0.225564 0.299476
523.000000 421.000000 0.324018 0.298845
539.000000 421.000000 0.349856 0.298766
581.000000 421.000000 0.418043 0.298897
584.000000 421.000000 0.422948 0.298930
294.000000 422.000000 -0.047975 0.302175
433.000000 422.000000 0.178604 0.301444
550.000000 422.000000 0.367650 0.300368
577.000000 422.000000 0.411522 0.300485
591.000000 422.000000 0.434433 0.300657
596.000000 422.000000 0.442653 0.300741
163.000000 423.000000 -0.260783 0.302534
165.000000 423.000000 -0.257551 0.302555
332.000000 423.000000 0.014098 0.303824
440.000000 423.000000 0.189936 0.302966
563.000000 423.000000 0.388736 0.302016
567.000000 423.000000 0.395239 0.302036
588.000000 423.000000 0.429526 0.302244
603.000000 423.000000 0.454221 0.302518
607.000000 423.000000 0.460844 0.302611
447.000000 424.000000 0.201260 0.304487
451.000000 424.000000 0.207735 0.304438
456.000000 424.000000 0.215824 0.304376
524.000000 424.000000 0.325614 0.303685
554.000000 424.000000 0.374133 0.303613
576.000000 424.000000 0.409909 0.303731
230.000000 425.000000 -0.152229 0.306511
240.000000 425.000000 -0.135973 0.306613
303.000000 425.000000 -0.033269 0.307019
318.000000 425.000000 -0.008771 0.307041
573.000000 425.000000 0.405024 0.305331
592.000000 425.000000 0.436125 0.305573
622.000000 425.000000 0.485919 0.306347
222.000000 426.000000 -0.165212 0.308032
321.000000 426.000000 -0.003871 0.308647
420.000000 426.000000 0.157467 0.308022
562.000000 426.000000 0.387125 0.306884
626.000000 426.000000 0.492685 0.308145
231.000000 427.000000 -0.150583 0.309734
241.000000 427.000000 -0.134327 0.309834
313.000000 427.000000 -0.016935 0.310246
367.000000 427.000000 0.071213 0.310105
426.000000 427.000000 0.167192 0.309560
430.000000 427.000000 0.173680 0.309513
521.000000 427.000000 0.320752 0.308550
554.000000 427.000000 0.374139 0.308479
575.000000 427.000000 0.408306 0.308605
605.000000 427.000000 0.457627 0.309121
630.000000 427.000000 0.499482 0.309962
435.000000 428.000000 0.181774 0.311061
439.000000 428.000000 0.188256 0.311013
524.000000 428.000000 0.325592 0.310149
526.000000 428.000000 0.328822 0.310139
532.000000 428.000000 0.338519 0.310115
536.000000 428.000000 0.344986 0.310103
582.000000 428.000000 0.419763 0.310317
589.000000 428.000000 0.431245 0.310423
616.000000 428.000000 0.475970 0.311083
626.000000 428.000000 0.492764 0.311448
635.000000 428.000000 0.508017 0.311845
261.000000 429.000000 -0.101757 0.313218
447.000000 429.000000 0.201200 0.312524
544.000000 429.000000 0.357932 0.311711
591.000000 429.000000 0.434551 0.312093
451.000000 430.000000 0.207662 0.314084
455.000000 430.000000 0.214134 0.314036
636.000000 430.000000 0.509819 0.315212
125.000000 431.000000 -0.322125 0.315138
311.000000 431.000000 -0.020196 0.316659
463.000000 431.000000 0.227060 0.315550
563.000000 431.000000 0.388780 0.315015
631.000000 431.000000 0.501356 0.316629
242.000000 432.000000 -0.132654 0.317870
309.000000 432.000000 -0.023459 0.318260
423.000000 432.000000 0.162269 0.317623
531.000000 432.000000 0.336889 0.316590
240.000000 433.000000 -0.135896 0.319456
429.000000 433.000000 0.171989 0.319162
541.000000 433.000000 0.353073 0.318194
579.000000 433.000000 0.414918 0.318435
170.000000 434.000000 -0.249354 0.320324
304.000000 434.000000 -0.031615 0.321456
321.000000 434.000000 -0.003871 0.321476
411.000000 434.000000 0.142767 0.320963
437.000000 434.000000 0.184945 0.320676
439.000000 434.000000 0.188185 0.320653
523.000000 434.000000 0.323947 0.319853
552.000000 434.000000 0.370913 0.319835
556.000000 434.000000 0.377412 0.319852
632.000000 434.000000 0.503200 0.321654
160.000000 435.000000 -0.265513 0.321839
421.000000 435.000000 0.158991 0.322462
446.000000 435.000000 0.199510 0.322179
450.000000 435.000000 0.205985 0.322132
460.000000 435.000000 0.222163 0.322018
455.000000 436.000000 0.214064 0.323682
466.000000 436.000000 0.231854 0.323559
562.000000 436.000000 0.387187 0.323142
579.000000 437.000000 0.414976 0.324967
629.000000 437.000000 0.498243 0.326488
634.000000 437.000000 0.506766 0.326744
208.000000 438.000000 -0.187793 0.327158
282.000000 438.000000 -0.067480 0.327785
308.000000 438.000000 -0.025080 0.327875
422.000000 438.000000 0.160581 0.327266
486.000000 438.000000 0.264150 0.326573
522.000000 438.000000 0.322315 0.326326
525.000000 438.000000 0.327167 0.326316
430.000000 439.000000 0.173544 0.328784
461.000000 439.000000 0.223736 0.328439
466.000000 439.000000 0.231821 0.328385
562.000000 439.000000 0.387212 0.328026
573.000000 439.000000 0.405176 0.328147
597.000000 439.000000 0.444676 0.328614
168.000000 440.000000 -0.252532 0.329968
176.000000 440.000000 -0.239591 0.330043
187.000000 440.000000 -0.221790 0.330152
437.000000 440.000000 0.184877 0.330312
468.000000 440.000000 0.235044 0.329972
165.000000 441.000000 -0.257375 0.331553
178.000000 441.000000 -0.236345 0.331672
316.000000 441.000000 -0.012027 0.332690
423.000000 441.000000 0.162171 0.332070
425.000000 441.000000 0.165415 0.332049
427.000000 441.000000 0.168658 0.332027
446.000000 441.000000 0.199443 0.331819
451.000000 441.000000 0.207536 0.331764
461.000000 441.000000 0.223715 0.331655
470.000000 441.000000 0.238267 0.331561
580.000000 441.000000 0.416683 0.331523
431.000000 442.000000 0.175132 0.333589
455.000000 442.000000 0.213998 0.333328
569.000000 442.000000 0.398672 0.332991
587.000000 442.000000 0.428222 0.333299
595.000000 442.000000 0.441442 0.333491
472.000000 443.000000 0.241480 0.334760
579.000000 443.000000 0.415076 0.334778
276.000000 444.000000 -0.077225 0.337368
279.000000 444.000000 -0.072338 0.337385
563.000000 444.000000 0.388892 0.336184
294.000000 445.000000 -0.047891 0.339052
471.000000 445.000000 0.239844 0.337989
477.000000 445.000000 0.249543 0.337932
522.000000 445.000000 0.322295 0.337653
580.000000 445.000000 0.416757 0.338072
598.000000 445.000000 0.446503 0.338511
253.000000 446.000000 -0.114646 0.340419
256.000000 446.000000 -0.109766 0.340442
337.000000 446.000000 0.022215 0.340682
527.000000 446.000000 0.330390 0.339266
588.000000 446.000000 0.429964 0.339886
591.000000 446.000000 0.434924 0.339961
342.000000 447.000000 0.030363 0.342271
469.000000 447.000000 0.236591 0.341227
572.000000 447.000000 0.403656 0.341204
600.000000 447.000000 0.449892 0.341870
607.000000 447.000000 0.461578 0.342115
291.000000 448.000000 -0.052769 0.343845
461.000000 448.000000 0.223643 0.342914
561.000000 448.000000 0.385670 0.342686
288.000000 449.000000 -0.057653 0.345435
479.000000 449.000000 0.252741 0.344358
566.000000 449.000000 0.393858 0.344383
568.000000 449.000000 0.397132 0.344413
353.000000 450.000000 0.048277 0.347037
461.000000 450.000000 0.223623 0.346131
482.000000 450.000000 0.257583 0.345945
487.000000 450.000000 0.265666 0.345907
526.000000 450.000000 0.328769 0.345750
333.000000 451.000000 0.015686 0.348694
362.000000 451.000000 0.062930 0.348597
463.000000 451.000000 0.226849 0.347721
477.000000 451.000000 0.249490 0.347597
484.000000 451.000000 0.260808 0.347542
489.000000 451.000000 0.268893 0.347506
589.000000 451.000000 0.431746 0.348133
608.000000 451.000000 0.463410 0.348776
212.000000 452.000000 -0.181169 0.349685
293.000000 452.000000 -0.049497 0.350257
460.000000 452.000000 0.221986 0.349358
523.000000 452.000000 0.323907 0.348992
275.000000 453.000000 -0.078804 0.351780
277.000000 453.000000 -0.075548 0.351790
283.000000 453.000000 -0.065780 0.351819
357.000000 453.000000 0.054779 0.351823
418.000000 453.000000 0.153940 0.351374
487.000000 453.000000 0.265645 0.350746
491.000000 453.000000 0.272114 0.350720
563.000000 453.000000 0.389005 0.350879
587.000000 453.000000 0.428490 0.351371
302.000000 454.000000 -0.034829 0.353485
421.000000 454.000000 0.158797 0.352950
459.000000 454.000000 0.220350 0.352585
500.000000 454.000000 0.286665 0.352286
265.000000 455.000000 -0.095065 0.354925
346.000000 455.000000 0.036857 0.355066
409.000000 455.000000 0.139317 0.354664
466.000000 455.000000 0.231666 0.354132
468.000000 455.000000 0.234902 0.354115
489.000000 455.000000 0.268867 0.353960
522.000000 455.000000 0.322287 0.353856
585.000000 455.000000 0.425234 0.354609
278.000000 456.000000 -0.073905 0.356599
315.000000 456.000000 -0.013647 0.356705
476.000000 456.000000 0.247834 0.355662
575.000000 456.000000 0.408754 0.356010
593.000000 456.000000 0.438535 0.356498
598.000000 456.000000 0.446866 0.356671
22.000000 457.000000 -0.492586 0.359866
288.000000 457.000000 -0.057622 0.358244
502.000000 457.000000 0.289890 0.357128
527.000000 457.000000 0.330400 0.357109
562.000000 457.000000 0.387427 0.357407
25.000000 458.000000 -0.487508 0.361360
34.000000 458.000000 -0.472184 0.360861
303.000000 458.000000 -0.033192 0.359889
412.000000 458.000000 0.144159 0.359449
489.000000 458.000000 0.268849 0.358803
492.000000 458.000000 0.273703 0.358787
602.000000 458.000000 0.453633 0.360140
326.000000 459.000000 0.004272 0.361506
460.000000 459.000000 0.221924 0.360622
521.000000 459.000000 0.320669 0.360345
562.000000 459.000000 0.387459 0.360682
110.000000 460.000000 -0.346492 0.362192
295.000000 460.000000 -0.046214 0.363070
410.000000 460.000000 0.140896 0.362674
462.000000 460.000000 0.225153 0.362216
504.000000 460.000000 0.293119 0.361976
572.000000 460.000000 0.403903 0.362515
599.000000 460.000000 0.448689 0.363337
264.000000 461.000000 -0.096655 0.364531
287.000000 461.000000 -0.059235 0.364644
300.000000 461.000000 -0.038071 0.364684
314.000000 461.000000 -0.015272 0.364706
321.000000 461.000000 -0.003872 0.364708
417.000000 461.000000 0.152245 0.364217
472.000000 461.000000 0.241326 0.363751
521.000000 461.000000 0.320672 0.363591
581.000000 461.000000 0.418780 0.364385
607.000000 461.000000 0.462166 0.365346
290.000000 462.000000 -0.054348 0.366256
422.000000 462.000000 0.160345 0.365778
480.000000 462.000000 0.254265 0.365311
526.000000 462.000000 0.328791 0.365230
587.000000 462.000000 0.428757 0.366216
57.000000 463.000000 -0.433746 0.368178
287.000000 463.000000 -0.059227 0.367846
427.000000 463.000000 0.168443 0.367340
489.000000 463.000000 0.268824 0.366879
563.000000 463.000000 0.389170 0.367256
223.000000 464.000000 -0.163226 0.369049
294.000000 464.000000 -0.047831 0.369470
308.000000 464.000000 -0.025039 0.369500
434.000000 464.000000 0.179779 0.368886
436.000000 464.000000 0.183020 0.368869
454.000000 464.000000 0.212172 0.368719
458.000000 464.000000 0.218647 0.368687
495.000000 464.000000 0.278534 0.368473
606.000000 464.000000 0.460623 0.370297
608.000000 464.000000 0.463998 0.370396
64.000000 465.000000 -0.422160 0.371249
271.000000 465.000000 -0.085249 0.370977
337.000000 465.000000 0.022177 0.371092
467.000000 465.000000 0.233207 0.370233
469.000000 465.000000 0.236444 0.370220
502.000000 465.000000 0.289869 0.370075
508.000000 465.000000 0.299593 0.370070
633.000000 465.000000 0.506858 0.373658
332.000000 466.000000 0.014035 0.372701
453.000000 466.000000 0.210537 0.371946
516.000000 466.000000 0.312569 0.371700
630.000000 466.000000 0.501729 0.375121
483.000000 467.000000 0.259094 0.373369
485.000000 467.000000 0.262332 0.373361
523.000000 467.000000 0.323938 0.373348
346.000000 468.000000 0.036818 0.375872
465.000000 468.000000 0.229950 0.375082
470.000000 468.000000 0.238044 0.375051
532.000000 468.000000 0.338582 0.375031
635.000000 468.000000 0.510585 0.378909
307.000000 469.000000 -0.026660 0.377501
340.000000 469.000000 0.027051 0.377488
502.000000 469.000000 0.289865 0.376557
538.000000 469.000000 0.348366 0.376717
563.000000 469.000000 0.389291 0.377111
414.000000 470.000000 0.147305 0.378684
513.000000 470.000000 0.307709 0.378191
572.000000 470.000000 0.404150 0.378980
172.000000 471.000000 -0.245849 0.379986
520.000000 471.000000 0.319082 0.379843
551.000000 471.000000 0.369637 0.380165
554.000000 471.000000 0.374553 0.380218
557.000000 471.000000 0.379475 0.380274
562.000000 471.000000 0.387691 0.380379
577.000000 471.000000 0.412452 0.380779
607.000000 471.000000 0.462674 0.382049
227.000000 472.000000 -0.156678 0.381926
273.000000 472.000000 -0.081963 0.382200
498.000000 472.000000 0.283380 0.381422
524.000000 472.000000 0.325591 0.381494
566.000000 472.000000 0.394301 0.382121
179.000000 473.000000 -0.234495 0.383245
225.000000 473.000000 -0.159917 0.383519
504.000000 473.000000 0.293110 0.383046
531.000000 473.000000 0.336995 0.383180
536.000000 473.000000 0.345147 0.383231
602.000000 473.000000 0.454324 0.385131
172.000000 474.000000 -0.245838 0.384834
268.000000 474.000000 -0.090082 0.385381
576.000000 474.000000 0.410889 0.385711
609.000000 474.000000 0.466240 0.387199
282.000000 475.000000 -0.067317 0.387042
548.000000 475.000000 0.364791 0.386677
603.000000 475.000000 0.456121 0.388535
266.000000 476.000000 -0.093323 0.388577
419.000000 476.000000 0.155370 0.388282
554.000000 476.000000 0.374650 0.388433
608.000000 476.000000 0.464659 0.390502
