411.000000 98.000000 0.143181 -0.225872
420.000000 98.000000 0.157809 -0.225757
372.000000 105.000000 0.079647 -0.214983
623.000000 109.000000 0.485479 -0.205874
614.000000 110.000000 0.470733 -0.204211
620.000000 110.000000 0.480550 -0.204237
612.000000 111.000000 0.467465 -0.202589
427.000000 117.000000 0.169429 -0.195034
355.000000 121.000000 0.051912 -0.189229
629.000000 121.000000 0.495263 -0.186495
371.000000 124.000000 0.078146 -0.184279
603.000000 124.000000 0.452829 -0.181595
423.000000 130.000000 0.163091 -0.174062
373.000000 131.000000 0.081468 -0.172918
432.000000 131.000000 0.177729 -0.172332
438.000000 132.000000 0.187480 -0.170636
428.000000 133.000000 0.171256 -0.169143
430.000000 136.000000 0.174542 -0.164258
281.000000 137.000000 -0.069571 -0.163237
92.000000 138.000000 -0.375519 -0.159435
95.000000 138.000000 -0.370709 -0.159467
99.000000 138.000000 -0.364296 -0.159511
233.000000 138.000000 -0.148105 -0.161231
242.000000 138.000000 -0.133420 -0.161320
249.000000 138.000000 -0.121985 -0.161385
279.000000 138.000000 -0.072858 -0.161601
228.000000 139.000000 -0.156265 -0.159555
421.000000 139.000000 0.159941 -0.159499
513.000000 139.000000 0.308471 -0.158270
92.000000 140.000000 -0.375540 -0.156208
423.000000 141.000000 0.163218 -0.156231
494.000000 141.000000 0.278006 -0.155302
522.000000 141.000000 0.322920 -0.154919
91.000000 142.000000 -0.377164 -0.152970
441.000000 142.000000 0.192473 -0.154396
484.000000 142.000000 0.261939 -0.153824
513.000000 142.000000 0.308512 -0.153424
500.000000 143.000000 0.287671 -0.151985
503.000000 143.000000 0.292486 -0.151944
94.000000 144.000000 -0.372376 -0.149773
91.000000 146.000000 -0.377205 -0.146513
98.000000 146.000000 -0.365987 -0.146587
430.000000 146.000000 0.174659 -0.148037
444.000000 146.000000 0.197386 -0.147871
448.000000 146.000000 0.203869 -0.147822
522.000000 147.000000 0.322998 -0.145228
510.000000 148.000000 0.303782 -0.143767
94.000000 149.000000 -0.372428 -0.141700
100.000000 149.000000 -0.362815 -0.141764
448.000000 149.000000 0.203906 -0.142955
501.000000 149.000000 0.289356 -0.142268
441.000000 150.000000 0.192569 -0.141415
444.000000 150.000000 0.197434 -0.141380
493.000000 150.000000 0.276521 -0.140755
415.000000 151.000000 0.150294 -0.140071
528.000000 152.000000 0.332666 -0.137073
98.000000 153.000000 -0.366062 -0.135281
101.000000 153.000000 -0.361257 -0.135313
175.000000 153.000000 -0.242395 -0.136212
444.000000 153.000000 0.197469 -0.136508
523.000000 153.000000 0.324674 -0.135518
93.000000 154.000000 -0.374081 -0.133614
95.000000 156.000000 -0.370898 -0.130403
493.000000 156.000000 0.276598 -0.131039
441.000000 157.000000 0.192648 -0.130043
531.000000 158.000000 0.337537 -0.127339
95.000000 159.000000 -0.370928 -0.125555
457.000000 159.000000 0.218595 -0.126611
510.000000 160.000000 0.303932 -0.124352
98.000000 161.000000 -0.366144 -0.122353
100.000000 161.000000 -0.362941 -0.122373
501.000000 161.000000 0.289508 -0.122840
463.000000 162.000000 0.228330 -0.121669
449.000000 163.000000 0.205686 -0.120200
446.000000 164.000000 0.200834 -0.118605
97.000000 165.000000 -0.367784 -0.115876
461.000000 165.000000 0.225131 -0.116817
492.000000 165.000000 0.275099 -0.116463
448.000000 167.000000 0.204108 -0.113703
473.000000 168.000000 0.244542 -0.111809
98.000000 169.000000 -0.366221 -0.109416
468.000000 169.000000 0.236484 -0.110238
95.000000 170.000000 -0.371033 -0.107771
445.000000 170.000000 0.199273 -0.108850
448.000000 170.000000 0.204138 -0.108820
441.000000 171.000000 0.192792 -0.107260
466.000000 172.000000 0.233286 -0.105382
447.000000 174.000000 0.202556 -0.102316
98.000000 176.000000 -0.366285 -0.098091
459.000000 176.000000 0.222011 -0.098944
450.000000 177.000000 0.207447 -0.097401
446.000000 178.000000 0.200971 -0.095807
461.000000 179.000000 0.225274 -0.094040
94.000000 180.000000 -0.372720 -0.091583
447.000000 181.000000 0.202619 -0.090908
97.000000 182.000000 -0.367937 -0.088371
476.000000 182.000000 0.249522 -0.089016
93.000000 184.000000 -0.374353 -0.085101
98.000000 185.000000 -0.366361 -0.083522
466.000000 186.000000 0.233419 -0.082594
455.000000 187.000000 0.215635 -0.081057
462.000000 187.000000 0.226962 -0.080999
447.000000 188.000000 0.202677 -0.079490
457.000000 190.000000 0.218897 -0.076149
98.000000 191.000000 -0.366407 -0.073805
445.000000 192.000000 0.199462 -0.072976
460.000000 194.000000 0.223783 -0.069602
95.000000 195.000000 -0.371234 -0.067304
447.000000 195.000000 0.202728 -0.068063
459.000000 197.000000 0.222186 -0.064715
100.000000 198.000000 -0.363258 -0.062477
94.000000 199.000000 -0.372860 -0.060817
465.000000 200.000000 0.231910 -0.059779
98.000000 201.000000 -0.366476 -0.057601
446.000000 201.000000 0.201144 -0.058268
450.000000 201.000000 0.207633 -0.058244
95.000000 203.000000 -0.371286 -0.054342
466.000000 204.000000 0.233552 -0.053247
446.000000 205.000000 0.201168 -0.051731
448.000000 205.000000 0.204413 -0.051720
93.000000 207.000000 -0.374508 -0.047847
98.000000 207.000000 -0.366512 -0.047875
450.000000 208.000000 0.207673 -0.046806
458.000000 208.000000 0.220636 -0.046763
447.000000 209.000000 0.202812 -0.045187
94.000000 211.000000 -0.372930 -0.041369
99.000000 211.000000 -0.364934 -0.041395
460.000000 211.000000 0.223889 -0.041853
448.000000 212.000000 0.204449 -0.040277
457.000000 212.000000 0.219037 -0.040234
93.000000 215.000000 -0.374548 -0.034880
448.000000 215.000000 0.204462 -0.035371
441.000000 216.000000 0.193100 -0.033763
97.000000 218.000000 -0.368166 -0.030033
95.000000 219.000000 -0.371368 -0.028403
100.000000 219.000000 -0.363373 -0.028424
441.000000 220.000000 0.193114 -0.027216
93.000000 221.000000 -0.374574 -0.025152
446.000000 222.000000 0.201242 -0.023926
461.000000 222.000000 0.225554 -0.023876
101.000000 223.000000 -0.361790 -0.021938
444.000000 223.000000 0.197998 -0.022296
94.000000 224.000000 -0.372987 -0.020290
98.000000 224.000000 -0.366591 -0.020305
458.000000 225.000000 0.220707 -0.018982
102.000000 226.000000 -0.360202 -0.017074
281.000000 226.000000 -0.069867 -0.017536
283.000000 226.000000 -0.066572 -0.017538
296.000000 226.000000 -0.045140 -0.017548
424.000000 226.000000 0.165452 -0.017435
96.000000 227.000000 -0.369799 -0.015431
174.000000 227.000000 -0.244596 -0.015676
284.000000 228.000000 -0.064926 -0.014248
305.000000 228.000000 -0.030293 -0.014261
307.000000 228.000000 -0.026992 -0.014261
105.000000 229.000000 -0.355413 -0.012214
281.000000 229.000000 -0.069869 -0.012600
446.000000 229.000000 0.201261 -0.012470
458.000000 229.000000 0.220718 -0.012442
109.000000 231.000000 -0.349021 -0.008978
125.000000 231.000000 -0.323409 -0.009021
127.000000 231.000000 -0.320204 -0.009026
134.000000 231.000000 -0.308982 -0.009045
164.000000 231.000000 -0.260745 -0.009119
166.000000 231.000000 -0.257520 -0.009124
294.000000 231.000000 -0.048442 -0.009317
104.000000 232.000000 -0.357021 -0.007341
302.000000 232.000000 -0.035245 -0.007674
447.000000 233.000000 0.202893 -0.005920
450.000000 233.000000 0.207761 -0.005915
95.000000 234.000000 -0.371418 -0.004073
100.000000 234.000000 -0.363423 -0.004085
122.000000 235.000000 -0.328224 -0.002510
307.000000 235.000000 -0.026994 -0.002735
100.000000 236.000000 -0.363427 -0.000839
124.000000 236.000000 -0.325022 -0.000887
127.000000 236.000000 -0.320216 -0.000893
163.000000 236.000000 -0.262367 -0.000957
446.000000 236.000000 0.201274 -0.001010
463.000000 236.000000 0.228823 -0.000988
96.000000 237.000000 -0.369826 0.000793
443.000000 237.000000 0.196402 0.000623
304.000000 238.000000 -0.031946 0.002206
124.000000 239.000000 -0.325027 0.003991
472.000000 239.000000 0.243371 0.003926
93.000000 240.000000 -0.374628 0.005665
160.000000 240.000000 -0.267207 0.005575
298.000000 240.000000 -0.041847 0.005500
305.000000 240.000000 -0.030296 0.005499
445.000000 240.000000 0.199654 0.005538
110.000000 241.000000 -0.347442 0.007262
259.000000 241.000000 -0.106074 0.007154
96.000000 242.000000 -0.369834 0.008905
99.000000 242.000000 -0.365037 0.008901
255.000000 242.000000 -0.112644 0.008799
94.000000 243.000000 -0.373034 0.010531
460.000000 243.000000 0.223975 0.010455
443.000000 244.000000 0.196407 0.012087
282.000000 245.000000 -0.068228 0.013733
286.000000 245.000000 -0.061636 0.013733
297.000000 245.000000 -0.043497 0.013734
304.000000 246.000000 -0.031946 0.015381
462.000000 246.000000 0.227212 0.015360
298.000000 247.000000 -0.041847 0.017027
302.000000 247.000000 -0.035247 0.017027
308.000000 247.000000 -0.025344 0.017028
444.000000 247.000000 0.198031 0.017000
457.000000 247.000000 0.219118 0.016996
96.000000 249.000000 -0.369841 0.020264
101.000000 249.000000 -0.361845 0.020262
278.000000 249.000000 -0.074817 0.020315
290.000000 249.000000 -0.055041 0.020319
292.000000 249.000000 -0.051743 0.020319
94.000000 250.000000 -0.373040 0.021888
119.000000 250.000000 -0.333043 0.021882
121.000000 250.000000 -0.329841 0.021882
276.000000 250.000000 -0.078110 0.021960
443.000000 250.000000 0.196405 0.021913
462.000000 250.000000 0.227211 0.021900
98.000000 251.000000 -0.366644 0.023509
285.000000 251.000000 -0.063283 0.023610
122.000000 252.000000 -0.328239 0.025134
127.000000 252.000000 -0.320228 0.025136
137.000000 252.000000 -0.304190 0.025141
283.000000 252.000000 -0.066579 0.025255
300.000000 252.000000 -0.038546 0.025261
304.000000 252.000000 -0.031945 0.025261
307.000000 252.000000 -0.026994 0.025262
447.000000 253.000000 0.202898 0.026822
458.000000 253.000000 0.220733 0.026809
131.000000 254.000000 -0.313814 0.028392
136.000000 254.000000 -0.305794 0.028396
163.000000 254.000000 -0.262372 0.028423
296.000000 254.000000 -0.045144 0.028552
444.000000 254.000000 0.198026 0.028463
102.000000 255.000000 -0.360246 0.030002
110.000000 255.000000 -0.347448 0.030005
291.000000 255.000000 -0.053390 0.030196
300.000000 255.000000 -0.038545 0.030200
310.000000 255.000000 -0.022042 0.030203
126.000000 256.000000 -0.321828 0.031642
163.000000 256.000000 -0.262369 0.031687
276.000000 256.000000 -0.078107 0.031833
284.000000 256.000000 -0.064929 0.031839
288.000000 256.000000 -0.058336 0.031841
112.000000 257.000000 -0.344246 0.033256
128.000000 257.000000 -0.318621 0.033271
273.000000 257.000000 -0.083045 0.033476
305.000000 257.000000 -0.030294 0.033495
312.000000 257.000000 -0.018740 0.033497
466.000000 257.000000 0.233672 0.033338
297.000000 258.000000 -0.043493 0.035138
309.000000 258.000000 -0.023692 0.035143
96.000000 259.000000 -0.369841 0.036492
100.000000 259.000000 -0.363443 0.036495
162.000000 259.000000 -0.263976 0.036581
275.000000 259.000000 -0.079750 0.036768
279.000000 259.000000 -0.073164 0.036771
284.000000 259.000000 -0.064927 0.036776
150.000000 260.000000 -0.283296 0.038190
302.000000 260.000000 -0.035243 0.038433
305.000000 260.000000 -0.030293 0.038434
463.000000 260.000000 0.228815 0.038246
119.000000 261.000000 -0.333035 0.039765
126.000000 261.000000 -0.321821 0.039776
269.000000 261.000000 -0.089622 0.040051
286.000000 261.000000 -0.061629 0.040068
288.000000 261.000000 -0.058332 0.040070
446.000000 261.000000 0.201261 0.039919
448.000000 261.000000 0.204508 0.039915
116.000000 262.000000 -0.337837 0.041385
122.000000 262.000000 -0.328229 0.041395
298.000000 262.000000 -0.041841 0.041723
312.000000 262.000000 -0.018739 0.041729
94.000000 263.000000 -0.373037 0.042981
127.000000 263.000000 -0.320215 0.043031
277.000000 263.000000 -0.076453 0.043350
280.000000 263.000000 -0.071513 0.043353
287.000000 263.000000 -0.059979 0.043360
295.000000 263.000000 -0.046789 0.043367
119.000000 264.000000 -0.333030 0.044641
122.000000 264.000000 -0.328225 0.044647
138.000000 264.000000 -0.302568 0.044681
146.000000 264.000000 -0.289718 0.044700
266.000000 264.000000 -0.094553 0.044980
293.000000 264.000000 -0.050086 0.045011
467.000000 264.000000 0.235273 0.044773
109.000000 265.000000 -0.349037 0.046248
113.000000 265.000000 -0.342635 0.046255
100.000000 266.000000 -0.363435 0.047857
106.000000 266.000000 -0.353836 0.047867
162.000000 266.000000 -0.263960 0.048003
284.000000 266.000000 -0.064920 0.048293
288.000000 266.000000 -0.058328 0.048297
290.000000 266.000000 -0.055031 0.048299
96.000000 267.000000 -0.369833 0.049473
142.000000 267.000000 -0.296138 0.049577
166.000000 267.000000 -0.257507 0.049647
292.000000 267.000000 -0.051733 0.049947
453.000000 267.000000 0.212602 0.049718
266.000000 268.000000 -0.094546 0.051555
446.000000 268.000000 0.201242 0.051376
104.000000 269.000000 -0.357030 0.052734
287.000000 269.000000 -0.059973 0.053232
93.000000 271.000000 -0.374625 0.055958
99.000000 271.000000 -0.365026 0.055970
291.000000 271.000000 -0.053377 0.056526
449.000000 271.000000 0.206101 0.056274
461.000000 271.000000 0.225546 0.056230
103.000000 272.000000 -0.358624 0.057602
262.000000 272.000000 -0.101113 0.058121
300.000000 272.000000 -0.038535 0.058180
95.000000 273.000000 -0.371422 0.059206
272.000000 273.000000 -0.084668 0.059785
290.000000 273.000000 -0.055023 0.059814
295.000000 273.000000 -0.046780 0.059820
446.000000 274.000000 0.201221 0.061193
460.000000 274.000000 0.223916 0.061136
263.000000 275.000000 -0.099463 0.063052
283.000000 275.000000 -0.066555 0.063093
292.000000 275.000000 -0.051724 0.063106
302.000000 275.000000 -0.035233 0.063117
457.000000 275.000000 0.219055 0.062783
281.000000 276.000000 -0.069847 0.064733
96.000000 277.000000 -0.369812 0.065698
99.000000 278.000000 -0.365009 0.067329
261.000000 278.000000 -0.102741 0.067975
288.000000 278.000000 -0.058312 0.068033
293.000000 278.000000 -0.050071 0.068040
300.000000 278.000000 -0.038529 0.068049
448.000000 278.000000 0.204450 0.067727
457.000000 278.000000 0.219041 0.067686
94.000000 279.000000 -0.373007 0.068937
294.000000 280.000000 -0.048420 0.071330
305.000000 280.000000 -0.030281 0.071342
252.000000 281.000000 -0.117507 0.072873
258.000000 282.000000 -0.107657 0.074533
303.000000 282.000000 -0.033578 0.074628
305.000000 282.000000 -0.030279 0.074630
449.000000 282.000000 0.206054 0.074262
96.000000 283.000000 -0.369794 0.075432
214.000000 283.000000 -0.179628 0.075997
303.000000 285.000000 -0.033574 0.079559
461.000000 285.000000 0.225481 0.079099
99.000000 286.000000 -0.364982 0.080309
448.000000 288.000000 0.204398 0.084074
456.000000 288.000000 0.217368 0.084027
454.000000 292.000000 0.214103 0.090571
465.000000 292.000000 0.231909 0.090499
452.000000 295.000000 0.210842 0.095482
459.000000 296.000000 0.222175 0.097066
454.000000 299.000000 0.214055 0.101997
462.000000 299.000000 0.227008 0.101938
465.000000 299.000000 0.231860 0.101915
177.000000 302.000000 -0.239553 0.106801
418.000000 302.000000 0.155487 0.107148
103.000000 303.000000 -0.358498 0.107902
453.000000 303.000000 0.212405 0.108530
458.000000 303.000000 0.220504 0.108491
474.000000 303.000000 0.246366 0.108364
422.000000 304.000000 0.161999 0.110391
104.000000 306.000000 -0.356879 0.112773
453.000000 306.000000 0.212381 0.113423
466.000000 306.000000 0.233421 0.113316
101.000000 307.000000 -0.361680 0.114377
469.000000 307.000000 0.238260 0.114920
436.000000 309.000000 0.184760 0.118453
453.000000 310.000000 0.212348 0.119944
458.000000 310.000000 0.220446 0.119901
462.000000 310.000000 0.226919 0.119866
103.000000 311.000000 -0.358451 0.120873
99.000000 313.000000 -0.364849 0.124091
448.000000 313.000000 0.204216 0.124877
450.000000 313.000000 0.207459 0.124860
464.000000 313.000000 0.230127 0.124734
435.000000 314.000000 0.183093 0.126619
437.000000 314.000000 0.186345 0.126602
95.000000 315.000000 -0.371248 0.127308
103.000000 316.000000 -0.358420 0.128978
434.000000 316.000000 0.181450 0.129890
460.000000 317.000000 0.223620 0.131284
94.000000 319.000000 -0.372828 0.133783
425.000000 319.000000 0.166775 0.134859
100.000000 320.000000 -0.363202 0.135440
106.000000 320.000000 -0.353583 0.135481
428.000000 320.000000 0.171652 0.136464
95.000000 321.000000 -0.371213 0.137029
103.000000 321.000000 -0.358386 0.137081
435.000000 321.000000 0.183032 0.138032
467.000000 321.000000 0.234900 0.137725
461.000000 323.000000 0.225179 0.141038
478.000000 324.000000 0.252626 0.142490
488.000000 324.000000 0.268739 0.142388
430.000000 325.000000 0.174863 0.144595
433.000000 326.000000 0.179734 0.146196
66.000000 327.000000 -0.417761 0.146617
64.000000 328.000000 -0.420980 0.148232
428.000000 328.000000 0.171580 0.149500
53.000000 329.000000 -0.438725 0.149840
424.000000 329.000000 0.165058 0.151166
297.000000 331.000000 -0.043373 0.154913
344.000000 331.000000 0.033973 0.154919
346.000000 331.000000 0.037263 0.154914
344.000000 334.000000 0.033966 0.159815
360.000000 335.000000 0.060265 0.161393
367.000000 335.000000 0.071762 0.161361
364.000000 336.000000 0.066831 0.163006
369.000000 336.000000 0.075040 0.162982
521.000000 336.000000 0.321628 0.161509
337.000000 340.000000 0.022440 0.169615
525.000000 342.000000 0.327984 0.171184
618.000000 343.000000 0.477804 0.172507
636.000000 343.000000 0.507371 0.172689
335.000000 346.000000 0.019142 0.179392
338.000000 346.000000 0.024073 0.179386
523.000000 348.000000 0.324715 0.180915
525.000000 349.000000 0.327914 0.182512
536.000000 350.000000 0.345550 0.184024
525.000000 351.000000 0.327894 0.185748
532.000000 351.000000 0.339125 0.185679
352.000000 352.000000 0.047057 0.189108
346.000000 353.000000 0.037201 0.190754
545.000000 353.000000 0.359964 0.188799
522.000000 354.000000 0.323048 0.190632
525.000000 354.000000 0.327863 0.190600
528.000000 354.000000 0.332677 0.190570
554.000000 357.000000 0.374382 0.195201
557.000000 357.000000 0.379201 0.195182
340.000000 358.000000 0.027333 0.198895
343.000000 358.000000 0.032260 0.198887
578.000000 358.000000 0.412990 0.196711
529.000000 359.000000 0.334232 0.198646
533.000000 359.000000 0.340653 0.198607
539.000000 359.000000 0.350284 0.198552
574.000000 359.000000 0.406540 0.198339
546.000000 360.000000 0.361513 0.200110
591.000000 360.000000 0.433990 0.199944
596.000000 360.000000 0.442092 0.199955
562.000000 361.000000 0.387216 0.201623
566.000000 361.000000 0.393651 0.201604
601.000000 361.000000 0.450213 0.201594
607.000000 361.000000 0.459979 0.201626
618.000000 362.000000 0.477968 0.203340
582.000000 363.000000 0.419438 0.204799
523.000000 364.000000 0.324548 0.206791
526.000000 364.000000 0.329365 0.206759
534.000000 365.000000 0.342202 0.208297
616.000000 365.000000 0.474720 0.208192
618.000000 365.000000 0.478000 0.208214
544.000000 366.000000 0.358254 0.209827
630.000000 366.000000 0.497787 0.210004
523.000000 367.000000 0.324516 0.211640
556.000000 367.000000 0.377533 0.211360
564.000000 367.000000 0.390406 0.211318
572.000000 367.000000 0.403294 0.211290
580.000000 368.000000 0.416204 0.212895
538.000000 369.000000 0.348590 0.214726
622.000000 369.000000 0.484625 0.214766
627.000000 369.000000 0.492874 0.214839
633.000000 369.000000 0.502812 0.214943
521.000000 370.000000 0.321271 0.216509
527.000000 370.000000 0.330910 0.216446
579.000000 370.000000 0.414587 0.216134
602.000000 370.000000 0.451888 0.216194
569.000000 371.000000 0.398446 0.217771
601.000000 372.000000 0.450271 0.219433
556.000000 373.000000 0.377499 0.221062
564.000000 373.000000 0.390381 0.221024
527.000000 376.000000 0.330850 0.226141
531.000000 376.000000 0.337279 0.226102
580.000000 376.000000 0.416203 0.225850
634.000000 376.000000 0.504615 0.226377
573.000000 377.000000 0.404888 0.227473
578.000000 377.000000 0.412968 0.227469
585.000000 378.000000 0.424302 0.229096
587.000000 378.000000 0.427544 0.229101
599.000000 378.000000 0.447051 0.229156
536.000000 379.000000 0.345289 0.230904
563.000000 379.000000 0.388747 0.230734
577.000000 379.000000 0.411351 0.230708
636.000000 379.000000 0.508017 0.231320
574.000000 381.000000 0.406499 0.233948
602.000000 381.000000 0.451968 0.234050
523.000000 382.000000 0.324359 0.235873
526.000000 382.000000 0.329183 0.235843
593.000000 382.000000 0.437306 0.235611
397.000000 383.000000 0.120507 0.239037
401.000000 383.000000 0.127030 0.238998
542.000000 383.000000 0.354907 0.237319
586.000000 383.000000 0.425937 0.237203
600.000000 383.000000 0.448719 0.237282
605.000000 383.000000 0.456890 0.237327
636.000000 383.000000 0.508114 0.237856
590.000000 384.000000 0.432438 0.238841
381.000000 385.000000 0.094368 0.242409
404.000000 385.000000 0.131900 0.242197
556.000000 385.000000 0.377438 0.240468
563.000000 385.000000 0.388727 0.240442
600.000000 385.000000 0.448735 0.240530
373.000000 386.000000 0.081284 0.244084
409.000000 386.000000 0.140034 0.243758
597.000000 386.000000 0.443848 0.242130
636.000000 386.000000 0.508191 0.242762
526.000000 387.000000 0.329134 0.243918
569.000000 387.000000 0.398412 0.243667
601.000000 387.000000 0.450387 0.243789
332.000000 388.000000 0.014152 0.247490
539.000000 388.000000 0.350042 0.245421
325.000000 389.000000 0.002681 0.249112
424.000000 389.000000 0.164400 0.248427
522.000000 389.000000 0.322680 0.247187
544.000000 389.000000 0.358085 0.247002
598.000000 389.000000 0.445504 0.247012
636.000000 389.000000 0.508271 0.247672
610.000000 390.000000 0.465173 0.248774
614.000000 390.000000 0.471756 0.248833
556.000000 391.000000 0.377413 0.250173
562.000000 391.000000 0.387097 0.250155
599.000000 392.000000 0.447166 0.251897
612.000000 392.000000 0.468492 0.252061
626.000000 392.000000 0.491655 0.252328
248.000000 393.000000 -0.123256 0.255199
526.000000 393.000000 0.329078 0.253607
531.000000 393.000000 0.337126 0.253563
533.000000 393.000000 0.340345 0.253546
574.000000 393.000000 0.406503 0.253386
536.000000 394.000000 0.345167 0.255138
603.000000 394.000000 0.453735 0.255193
611.000000 394.000000 0.466877 0.255304
260.000000 395.000000 -0.103660 0.258530
555.000000 396.000000 0.375782 0.258266
569.000000 396.000000 0.398409 0.258243
603.000000 396.000000 0.453760 0.258448
613.000000 396.000000 0.470206 0.258598
636.000000 396.000000 0.508474 0.259141
276.000000 397.000000 -0.077509 0.261871
522.000000 397.000000 0.322602 0.260103
562.000000 397.000000 0.387086 0.259867
272.000000 398.000000 -0.084039 0.263456
476.000000 399.000000 0.248462 0.263869
526.000000 399.000000 0.329024 0.263296
531.000000 399.000000 0.337077 0.263254
607.000000 399.000000 0.460371 0.263391
615.000000 399.000000 0.473564 0.263530
634.000000 399.000000 0.505206 0.264001
225.000000 400.000000 -0.160630 0.266241
267.000000 400.000000 -0.092192 0.266643
540.000000 400.000000 0.351570 0.264806
569.000000 400.000000 0.398411 0.264725
572.000000 400.000000 0.403273 0.264729
636.000000 400.000000 0.508599 0.265705
608.000000 401.000000 0.462049 0.266668
617.000000 401.000000 0.476915 0.266837
241.000000 402.000000 -0.134575 0.269635
471.000000 402.000000 0.240350 0.268770
480.000000 402.000000 0.254877 0.268652
555.000000 402.000000 0.375764 0.267974
485.000000 403.000000 0.262930 0.270200
636.000000 403.000000 0.508699 0.270632
524.000000 404.000000 0.325760 0.271386
608.000000 404.000000 0.462100 0.271562
485.000000 405.000000 0.262905 0.273423
535.000000 405.000000 0.343479 0.272918
568.000000 405.000000 0.396798 0.272828
570.000000 405.000000 0.400041 0.272832
332.000000 406.000000 0.014124 0.276504
564.000000 406.000000 0.390318 0.274444
328.000000 407.000000 0.007580 0.278118
635.000000 407.000000 0.507151 0.277174
224.000000 408.000000 -0.162164 0.279112
227.000000 408.000000 -0.157289 0.279145
556.000000 408.000000 0.377369 0.277686
573.000000 408.000000 0.404919 0.277708
575.000000 408.000000 0.408169 0.277717
615.000000 408.000000 0.473753 0.278238
620.000000 408.000000 0.482060 0.278359
387.000000 409.000000 0.103959 0.281039
423.000000 409.000000 0.162535 0.280661
491.000000 409.000000 0.272532 0.279796
562.000000 409.000000 0.387080 0.279304
568.000000 409.000000 0.396806 0.279314
581.000000 409.000000 0.417937 0.279376
583.000000 409.000000 0.421197 0.279391
382.000000 410.000000 0.095798 0.282689
390.000000 410.000000 0.108840 0.282620
525.000000 410.000000 0.327323 0.281066
593.000000 410.000000 0.437546 0.281120
219.000000 411.000000 -0.170252 0.283882
332.000000 411.000000 0.014117 0.284547
531.000000 411.000000 0.336990 0.282638
568.000000 411.000000 0.396812 0.282558
597.000000 411.000000 0.444118 0.282803
601.000000 411.000000 0.450692 0.282865
620.000000 411.000000 0.482139 0.283276
623.000000 411.000000 0.487144 0.283360
252.000000 412.000000 -0.116561 0.285834
255.000000 412.000000 -0.111672 0.285861
392.000000 412.000000 0.112080 0.285818
541.000000 412.000000 0.353121 0.284201
608.000000 412.000000 0.462252 0.284628
613.000000 412.000000 0.470529 0.284737
635.000000 412.000000 0.507334 0.285404
379.000000 413.000000 0.090881 0.287537
396.000000 413.000000 0.118586 0.287388
406.000000 413.000000 0.134861 0.287287
534.000000 413.000000 0.341817 0.285852
577.000000 413.000000 0.411450 0.285849
555.000000 414.000000 0.375747 0.287405
562.000000 414.000000 0.387087 0.287410
570.000000 414.000000 0.400071 0.287434
375.000000 415.000000 0.084342 0.290782
398.000000 415.000000 0.121822 0.290584
578.000000 415.000000 0.413094 0.289107
524.000000 416.000000 0.325666 0.290763
528.000000 416.000000 0.332118 0.290736
601.000000 416.000000 0.450778 0.291029
318.000000 417.000000 -0.008775 0.294197
408.000000 417.000000 0.138071 0.293695
425.000000 417.000000 0.165687 0.293503
574.000000 417.000000 0.406593 0.292329
324.000000 418.000000 0.001032 0.295804
326.000000 418.000000 0.004300 0.295803
568.000000 418.000000 0.396839 0.293920
634.000000 418.000000 0.505878 0.295259
217.000000 419.000000 -0.173406 0.296726
319.000000 419.000000 -0.007140 0.297410
330.000000 419.000000 0.010836 0.297405
473.000000 419.000000 0.243363 0.296121
520.000000 419.000000 0.319192 0.295636
397.000000 420.000000 0.120146 0.298628
535.000000 420.000000 0.343397 0.297164
555.000000 420.000000 0.375749 0.297128
394.000000 421.000000 0.115253 0.300262
562.000000 421.000000 0.387105 0.298766
524.000000 422.000000 0.325626 0.300454
261.000000 423.000000 -0.101804 0.303587
348.000000 423.000000 0.040229 0.303782
351.000000 423.000000 0.045127 0.303770
386.000000 423.000000 0.102209 0.303545
406.000000 423.000000 0.134756 0.303356
412.000000 423.000000 0.144508 0.303292
536.000000 423.000000 0.345001 0.302012
331.000000 424.000000 0.012463 0.305430
403.000000 424.000000 0.129868 0.304993
566.000000 424.000000 0.393618 0.303656
571.000000 424.000000 0.401757 0.303688
251.000000 425.000000 -0.118074 0.306715
257.000000 425.000000 -0.108304 0.306766
328.000000 425.000000 0.007562 0.307039
457.000000 425.000000 0.217430 0.305972
634.000000 425.000000 0.506177 0.306829
555.000000 426.000000 0.375759 0.306859
520.000000 427.000000 0.319138 0.308556
561.000000 427.000000 0.385505 0.308504
400.000000 428.000000 0.124949 0.311444
404.000000 428.000000 0.131453 0.311405
523.000000 428.000000 0.323976 0.310154
535.000000 429.000000 0.343366 0.311724
176.000000 430.000000 -0.239693 0.313946
257.000000 430.000000 -0.108264 0.314791
265.000000 430.000000 -0.095234 0.314852
277.000000 430.000000 -0.075675 0.314931
542.000000 430.000000 0.354693 0.313332
179.000000 431.000000 -0.234830 0.315588
279.000000 431.000000 -0.072408 0.316546
413.000000 431.000000 0.146047 0.316127
523.000000 431.000000 0.323961 0.315003
554.000000 432.000000 0.374154 0.316595
635.000000 432.000000 0.508214 0.318483
371.000000 433.000000 0.077695 0.319704
561.000000 433.000000 0.385538 0.318255
296.000000 434.000000 -0.044668 0.321433
524.000000 434.000000 0.325564 0.319849
529.000000 434.000000 0.333649 0.319832
570.000000 434.000000 0.400214 0.319957
532.000000 435.000000 0.338500 0.321443
636.000000 436.000000 0.510133 0.325188
523.000000 437.000000 0.323936 0.324705
424.000000 438.000000 0.163825 0.327244
554.000000 438.000000 0.374181 0.326343
339.000000 439.000000 0.025492 0.329466
343.000000 439.000000 0.032016 0.329455
366.000000 439.000000 0.069511 0.329353
408.000000 439.000000 0.137844 0.329015
533.000000 439.000000 0.340113 0.327920
571.000000 439.000000 0.401905 0.328121
635.000000 439.000000 0.508586 0.330130
347.000000 440.000000 0.038536 0.331044
385.000000 440.000000 0.100442 0.330824
425.000000 440.000000 0.165426 0.330444
523.000000 440.000000 0.323926 0.329558
577.000000 440.000000 0.411743 0.329838
579.000000 440.000000 0.415024 0.329871
533.000000 441.000000 0.340112 0.331161
566.000000 442.000000 0.393769 0.332955
595.000000 442.000000 0.441442 0.333491
120.000000 443.000000 -0.330190 0.334547
122.000000 443.000000 -0.326948 0.334548
526.000000 443.000000 0.328774 0.334407
531.000000 443.000000 0.336871 0.334403
571.000000 443.000000 0.401958 0.334651
579.000000 443.000000 0.415076 0.334778
634.000000 443.000000 0.507100 0.336746
303.000000 444.000000 -0.033223 0.337476
379.000000 444.000000 0.090647 0.337280
533.000000 444.000000 0.340112 0.336024
549.000000 444.000000 0.366084 0.336070
566.000000 444.000000 0.393792 0.336218
575.000000 444.000000 0.408527 0.336346
434.000000 445.000000 0.179962 0.338374
555.000000 445.000000 0.375855 0.337738
561.000000 445.000000 0.385638 0.337793
204.000000 447.000000 -0.194185 0.341576
300.000000 447.000000 -0.038106 0.342273
367.000000 447.000000 0.071093 0.342164
374.000000 447.000000 0.082489 0.342121
385.000000 447.000000 0.100387 0.342043
579.000000 447.000000 0.415151 0.341329
153.000000 448.000000 -0.276736 0.342752
202.000000 449.000000 -0.197407 0.344771
299.000000 449.000000 -0.039730 0.345473
356.000000 449.000000 0.053168 0.345423
369.000000 449.000000 0.074338 0.345355
426.000000 449.000000 0.166954 0.344877
576.000000 449.000000 0.410257 0.344549
578.000000 449.000000 0.413546 0.344588
585.000000 449.000000 0.425081 0.344742
456.000000 450.000000 0.215534 0.346180
368.000000 451.000000 0.072698 0.348564
566.000000 451.000000 0.393887 0.347653
575.000000 451.000000 0.408652 0.347807
634.000000 451.000000 0.507592 0.350136
201.000000 452.000000 -0.198999 0.349583
450.000000 452.000000 0.205803 0.349454
438.000000 453.000000 0.186361 0.351179
567.000000 454.000000 0.395573 0.352577
587.000000 454.000000 0.428517 0.353018
386.000000 455.000000 0.101954 0.354852
569.000000 455.000000 0.398871 0.354250
584.000000 455.000000 0.423580 0.354583
596.000000 455.000000 0.443496 0.354946
598.000000 455.000000 0.446830 0.355017
632.000000 455.000000 0.504408 0.356720
636.000000 455.000000 0.511321 0.356996
418.000000 456.000000 0.153912 0.356187
519.000000 456.000000 0.317424 0.355477
523.000000 456.000000 0.323909 0.355479
593.000000 456.000000 0.438535 0.356498
312.000000 457.000000 -0.018534 0.358303
315.000000 457.000000 -0.013646 0.358305
393.000000 457.000000 0.113316 0.358004
404.000000 457.000000 0.131182 0.357915
511.000000 457.000000 0.304461 0.357104
600.000000 457.000000 0.450245 0.358402
378.000000 458.000000 0.088925 0.359713
396.000000 458.000000 0.118182 0.359583
596.000000 458.000000 0.443601 0.359909
635.000000 458.000000 0.509803 0.361980
106.000000 459.000000 -0.353003 0.360594
277.000000 459.000000 -0.075518 0.361398
383.000000 459.000000 0.097048 0.361281
413.000000 459.000000 0.145773 0.361044
417.000000 459.000000 0.152263 0.361009
571.000000 459.000000 0.402236 0.360850
575.000000 459.000000 0.408822 0.360939
363.000000 460.000000 0.064513 0.363001
421.000000 460.000000 0.158741 0.362577
512.000000 460.000000 0.306078 0.361963
583.000000 460.000000 0.422062 0.362793
602.000000 460.000000 0.453715 0.363460
608.000000 460.000000 0.463804 0.363727
592.000000 461.000000 0.437040 0.364731
316.000000 462.000000 -0.012015 0.366307
319.000000 462.000000 -0.007129 0.366308
510.000000 462.000000 0.302835 0.365206
613.000000 462.000000 0.472356 0.367314
632.000000 462.000000 0.504897 0.368510
636.000000 462.000000 0.511843 0.368814
263.000000 463.000000 -0.098269 0.367729
271.000000 463.000000 -0.085259 0.367774
434.000000 463.000000 0.179788 0.367279
512.000000 463.000000 0.306077 0.366827
598.000000 463.000000 0.447136 0.368276
601.000000 463.000000 0.452166 0.368402
265.000000 464.000000 -0.095011 0.369343
319.000000 464.000000 -0.007129 0.369509
565.000000 464.000000 0.392474 0.368937
569.000000 464.000000 0.399053 0.369022
317.000000 465.000000 -0.010385 0.371108
361.000000 465.000000 0.061235 0.371014
523.000000 465.000000 0.323930 0.370096
529.000000 465.000000 0.333681 0.370124
615.000000 465.000000 0.475919 0.372445
583.000000 466.000000 0.422244 0.372700
633.000000 466.000000 0.506937 0.375352
145.000000 467.000000 -0.289634 0.373453
220.000000 467.000000 -0.168070 0.373845
225.000000 467.000000 -0.159959 0.373882
364.000000 467.000000 0.066106 0.374203
440.000000 467.000000 0.189475 0.373657
536.000000 467.000000 0.345087 0.373434
540.000000 467.000000 0.351607 0.373472
362.000000 468.000000 0.062849 0.375813
432.000000 468.000000 0.176505 0.375329
544.000000 468.000000 0.358146 0.375151
559.000000 468.000000 0.382699 0.375386
563.000000 468.000000 0.389270 0.375467
634.000000 468.000000 0.508840 0.378826
131.000000 469.000000 -0.312371 0.376724
134.000000 469.000000 -0.307495 0.376714
213.000000 469.000000 -0.179408 0.377007
215.000000 469.000000 -0.176165 0.377022
360.000000 469.000000 0.059591 0.377423
572.000000 469.000000 0.404122 0.377330
576.000000 469.000000 0.410735 0.377443
558.000000 470.000000 0.381097 0.378651
170.000000 471.000000 -0.249090 0.379979
175.000000 471.000000 -0.240987 0.379999
302.000000 471.000000 -0.034794 0.380694
367.000000 471.000000 0.070966 0.380593
514.000000 471.000000 0.309335 0.379819
612.000000 471.000000 0.471165 0.382337
157.000000 472.000000 -0.270164 0.381564
341.000000 472.000000 0.028672 0.382287
569.000000 472.000000 0.399249 0.382199
589.000000 472.000000 0.432450 0.382865
594.000000 472.000000 0.440817 0.383076
305.000000 473.000000 -0.029909 0.383900
311.000000 473.000000 -0.020146 0.383908
515.000000 473.000000 0.310967 0.383075
575.000000 473.000000 0.409200 0.384024
577.000000 473.000000 0.412515 0.384088
627.000000 473.000000 0.497068 0.386751
629.000000 473.000000 0.500541 0.386912
308.000000 474.000000 -0.025026 0.385505
390.000000 474.000000 0.108323 0.385270
606.000000 474.000000 0.461146 0.387024
30.000000 475.000000 -0.480034 0.389648
145.000000 475.000000 -0.289641 0.386433
609.000000 475.000000 0.466300 0.388880
613.000000 475.000000 0.473119 0.389130
108.000000 476.000000 -0.349930 0.388351
143.000000 476.000000 -0.292892 0.388062
205.000000 476.000000 -0.192334 0.388218
209.000000 476.000000 -0.185848 0.388241
621.000000 476.000000 0.486921 0.391378
623.000000 476.000000 0.490375 0.391531
