552.000000 61.000000 0.370153 -0.283350
553.000000 83.000000 0.371930 -0.247947
502.000000 92.000000 0.290118 -0.234141
489.000000 108.000000 0.269473 -0.208617
492.000000 109.000000 0.274313 -0.206959
499.000000 110.000000 0.285578 -0.205240
581.000000 118.000000 0.417269 -0.191366
501.000000 119.000000 0.288928 -0.190712
572.000000 119.000000 0.402797 -0.189820
575.000000 123.000000 0.407651 -0.183349
565.000000 126.000000 0.391619 -0.178602
412.000000 127.000000 0.145152 -0.179047
566.000000 128.000000 0.393242 -0.175369
380.000000 129.000000 0.092915 -0.176111
382.000000 129.000000 0.096188 -0.176096
410.000000 129.000000 0.141915 -0.175831
355.000000 131.000000 0.051957 -0.173019
566.000000 131.000000 0.393270 -0.170533
236.000000 132.000000 -0.143151 -0.170993
228.000000 133.000000 -0.156199 -0.169286
234.000000 133.000000 -0.146422 -0.169351
228.000000 135.000000 -0.156222 -0.166044
565.000000 135.000000 0.391705 -0.164094
571.000000 135.000000 0.401328 -0.164038
223.000000 137.000000 -0.164385 -0.162745
590.000000 137.000000 0.431880 -0.160674
593.000000 137.000000 0.436714 -0.160658
585.000000 138.000000 0.423839 -0.159092
226.000000 139.000000 -0.159523 -0.159534
556.000000 139.000000 0.377326 -0.157735
231.000000 140.000000 -0.151386 -0.157964
594.000000 140.000000 0.438342 -0.155813
598.000000 140.000000 0.444794 -0.155794
228.000000 141.000000 -0.156286 -0.156310
587.000000 141.000000 0.427075 -0.154240
232.000000 144.000000 -0.149797 -0.151479
598.000000 144.000000 0.444812 -0.149340
587.000000 145.000000 0.427101 -0.147787
303.000000 146.000000 -0.033474 -0.148681
306.000000 146.000000 -0.028542 -0.148687
608.000000 146.000000 0.460981 -0.146076
235.000000 147.000000 -0.144932 -0.146633
604.000000 147.000000 0.454513 -0.144474
229.000000 148.000000 -0.154728 -0.144949
233.000000 148.000000 -0.148205 -0.144989
237.000000 148.000000 -0.141678 -0.145027
592.000000 148.000000 0.435163 -0.142917
232.000000 151.000000 -0.149865 -0.140100
593.000000 152.000000 0.436796 -0.136457
613.000000 153.000000 0.469098 -0.134763
608.000000 154.000000 0.461004 -0.133162
229.000000 155.000000 -0.154796 -0.133564
597.000000 155.000000 0.443253 -0.131594
592.000000 156.000000 0.435210 -0.130007
229.000000 159.000000 -0.154833 -0.127052
593.000000 159.000000 0.436836 -0.125160
599.000000 159.000000 0.446495 -0.125128
621.000000 160.000000 0.482099 -0.123447
616.000000 161.000000 0.473980 -0.121840
592.000000 163.000000 0.435251 -0.118709
595.000000 163.000000 0.440075 -0.118692
229.000000 164.000000 -0.154877 -0.118905
611.000000 165.000000 0.465891 -0.115394
605.000000 166.000000 0.456201 -0.113801
228.000000 167.000000 -0.156534 -0.114006
611.000000 169.000000 0.465904 -0.108936
598.000000 170.000000 0.444939 -0.107376
229.000000 171.000000 -0.154936 -0.107489
592.000000 171.000000 0.435298 -0.105794
594.000000 171.000000 0.438511 -0.105782
631.000000 171.000000 0.498402 -0.105673
233.000000 172.000000 -0.148413 -0.105889
625.000000 172.000000 0.488619 -0.104060
230.000000 173.000000 -0.153319 -0.104233
226.000000 174.000000 -0.159854 -0.102570
595.000000 174.000000 0.440135 -0.100933
620.000000 176.000000 0.480500 -0.097608
612.000000 177.000000 0.467547 -0.096014
595.000000 178.000000 0.440157 -0.094474
229.000000 179.000000 -0.154997 -0.094428
592.000000 179.000000 0.435343 -0.092875
610.000000 180.000000 0.464326 -0.091177
227.000000 181.000000 -0.158275 -0.091146
232.000000 181.000000 -0.150112 -0.091181
604.000000 181.000000 0.454652 -0.089585
592.000000 182.000000 0.435360 -0.088029
595.000000 182.000000 0.440178 -0.088013
234.000000 184.000000 -0.146865 -0.086290
611.000000 184.000000 0.465955 -0.084713
600.000000 185.000000 0.448230 -0.083143
592.000000 186.000000 0.435381 -0.081568
228.000000 188.000000 -0.156691 -0.079710
611.000000 188.000000 0.465969 -0.078252
596.000000 189.000000 0.441820 -0.076701
604.000000 189.000000 0.454686 -0.076664
592.000000 190.000000 0.435403 -0.075106
618.000000 191.000000 0.477296 -0.073384
226.000000 192.000000 -0.159980 -0.073155
592.000000 193.000000 0.435418 -0.070258
229.000000 194.000000 -0.155094 -0.069900
620.000000 195.000000 0.480547 -0.066917
232.000000 196.000000 -0.150204 -0.066642
614.000000 196.000000 0.470841 -0.065320
230.000000 197.000000 -0.153477 -0.064994
592.000000 197.000000 0.435438 -0.063794
597.000000 197.000000 0.443464 -0.063771
613.000000 199.000000 0.469236 -0.060476
229.000000 200.000000 -0.155126 -0.060077
609.000000 200.000000 0.462785 -0.058875
591.000000 201.000000 0.433853 -0.057334
232.000000 202.000000 -0.150234 -0.056815
226.000000 203.000000 -0.160040 -0.055148
613.000000 203.000000 0.469249 -0.054014
598.000000 204.000000 0.445101 -0.052454
608.000000 204.000000 0.461188 -0.052415
592.000000 205.000000 0.435475 -0.050864
233.000000 207.000000 -0.148622 -0.048626
229.000000 208.000000 -0.155163 -0.046970
592.000000 208.000000 0.435488 -0.046015
595.000000 208.000000 0.440301 -0.046002
599.000000 208.000000 0.446723 -0.045986
225.000000 209.000000 -0.161700 -0.045315
586.000000 209.000000 0.425878 -0.044424
232.000000 210.000000 -0.150269 -0.043704
229.000000 211.000000 -0.155175 -0.042053
590.000000 212.000000 0.432299 -0.039556
595.000000 212.000000 0.440317 -0.039536
233.000000 215.000000 -0.148652 -0.035508
614.000000 215.000000 0.470902 -0.034620
228.000000 216.000000 -0.156827 -0.033852
230.000000 216.000000 -0.153559 -0.033859
591.000000 216.000000 0.433918 -0.033084
234.000000 218.000000 -0.147025 -0.030590
429.000000 218.000000 0.173580 -0.030532
410.000000 219.000000 0.142566 -0.028952
606.000000 219.000000 0.458019 -0.028181
227.000000 220.000000 -0.158473 -0.027289
428.000000 220.000000 0.171957 -0.027259
589.000000 220.000000 0.430727 -0.026623
301.000000 221.000000 -0.036889 -0.025781
414.000000 221.000000 0.149112 -0.025660
437.000000 221.000000 0.186614 -0.025592
409.000000 222.000000 0.140938 -0.024032
258.000000 223.000000 -0.107698 -0.022437
265.000000 223.000000 -0.096195 -0.022449
292.000000 223.000000 -0.051735 -0.022483
595.000000 223.000000 0.440357 -0.021750
608.000000 223.000000 0.461251 -0.021709
610.000000 223.000000 0.464474 -0.021703
423.000000 224.000000 0.163816 -0.020716
588.000000 224.000000 0.429139 -0.020157
591.000000 224.000000 0.433946 -0.020147
231.000000 225.000000 -0.151949 -0.019097
226.000000 226.000000 -0.160122 -0.017446
234.000000 226.000000 -0.147045 -0.017463
292.000000 226.000000 -0.051737 -0.017546
588.000000 227.000000 0.429149 -0.015304
597.000000 227.000000 0.443579 -0.015276
226.000000 229.000000 -0.160128 -0.012524
228.000000 229.000000 -0.156860 -0.012528
258.000000 229.000000 -0.107707 -0.012575
292.000000 230.000000 -0.051740 -0.010962
614.000000 230.000000 0.470946 -0.010376
616.000000 230.000000 0.474176 -0.010370
259.000000 231.000000 -0.106067 -0.009288
588.000000 231.000000 0.429161 -0.008833
592.000000 231.000000 0.435571 -0.008821
233.000000 233.000000 -0.148693 -0.005971
293.000000 233.000000 -0.050092 -0.006024
388.000000 234.000000 0.106536 -0.004355
621.000000 234.000000 0.482274 -0.003890
627.000000 234.000000 0.492005 -0.003873
228.000000 235.000000 -0.156869 -0.002683
239.000000 235.000000 -0.138876 -0.002694
589.000000 235.000000 0.430774 -0.002359
592.000000 235.000000 0.435581 -0.002351
262.000000 236.000000 -0.101141 -0.001070
381.000000 236.000000 0.095036 -0.001072
237.000000 237.000000 -0.142152 0.000592
253.000000 237.000000 -0.115925 0.000580
411.000000 238.000000 0.144235 0.002235
596.000000 238.000000 0.442004 0.002511
615.000000 238.000000 0.472583 0.002560
248.000000 239.000000 -0.124130 0.003870
230.000000 240.000000 -0.153605 0.005522
233.000000 240.000000 -0.148699 0.005520
239.000000 240.000000 -0.138879 0.005518
242.000000 240.000000 -0.133966 0.005516
440.000000 240.000000 0.191529 0.005534
227.000000 241.000000 -0.158508 0.007165
251.000000 241.000000 -0.119209 0.007156
253.000000 242.000000 -0.115927 0.008799
424.000000 242.000000 0.165473 0.008805
428.000000 242.000000 0.171995 0.008806
592.000000 242.000000 0.435598 0.008973
594.000000 242.000000 0.438805 0.008977
612.000000 242.000000 0.467751 0.009019
239.000000 243.000000 -0.138880 0.010445
417.000000 243.000000 0.154045 0.010444
588.000000 243.000000 0.429190 0.010583
247.000000 244.000000 -0.125771 0.012087
262.000000 244.000000 -0.101144 0.012087
253.000000 245.000000 -0.115927 0.013731
438.000000 245.000000 0.188279 0.013725
615.000000 245.000000 0.472601 0.013878
239.000000 246.000000 -0.138880 0.015372
269.000000 246.000000 -0.089633 0.015377
427.000000 246.000000 0.170366 0.015365
433.000000 246.000000 0.180141 0.015364
589.000000 246.000000 0.430797 0.015439
611.000000 246.000000 0.466148 0.015485
613.000000 246.000000 0.469375 0.015490
274.000000 247.000000 -0.081404 0.017023
293.000000 247.000000 -0.050094 0.017026
421.000000 247.000000 0.160577 0.017007
240.000000 248.000000 -0.137242 0.018657
442.000000 248.000000 0.194781 0.018638
234.000000 249.000000 -0.147063 0.020297
260.000000 249.000000 -0.104430 0.020309
262.000000 249.000000 -0.101143 0.020310
290.000000 249.000000 -0.055041 0.020319
437.000000 249.000000 0.186651 0.020279
227.000000 250.000000 -0.158507 0.021934
415.000000 250.000000 0.150775 0.021933
440.000000 250.000000 0.191529 0.021916
589.000000 250.000000 0.430804 0.021912
592.000000 250.000000 0.435613 0.021916
605.000000 250.000000 0.456492 0.021940
607.000000 250.000000 0.459712 0.021944
432.000000 251.000000 0.178510 0.023560
437.000000 251.000000 0.186649 0.023556
444.000000 251.000000 0.198029 0.023550
257.000000 253.000000 -0.109356 0.026884
266.000000 253.000000 -0.094565 0.026891
597.000000 253.000000 0.443639 0.026778
619.000000 253.000000 0.479088 0.026824
251.000000 254.000000 -0.119205 0.028523
410.000000 254.000000 0.142596 0.028504
433.000000 254.000000 0.180136 0.028476
588.000000 254.000000 0.429207 0.028383
228.000000 255.000000 -0.156868 0.030140
416.000000 255.000000 0.152405 0.030138
233.000000 256.000000 -0.148693 0.031788
239.000000 256.000000 -0.138873 0.031796
255.000000 256.000000 -0.112638 0.031814
260.000000 256.000000 -0.104425 0.031819
274.000000 256.000000 -0.081399 0.031831
429.000000 256.000000 0.173617 0.031760
404.000000 257.000000 0.132772 0.033437
408.000000 257.000000 0.139320 0.033431
419.000000 257.000000 0.157302 0.033415
423.000000 257.000000 0.163832 0.033409
439.000000 257.000000 0.189895 0.033383
598.000000 257.000000 0.445251 0.033250
616.000000 257.000000 0.474247 0.033285
227.000000 258.000000 -0.158498 0.035062
237.000000 258.000000 -0.142145 0.035077
279.000000 258.000000 -0.073165 0.035126
293.000000 258.000000 -0.050091 0.035136
430.000000 258.000000 0.175243 0.035037
590.000000 258.000000 0.432416 0.034859
593.000000 258.000000 0.437227 0.034862
300.000000 259.000000 -0.038544 0.036786
237.000000 260.000000 -0.142142 0.038361
302.000000 260.000000 -0.035243 0.038433
590.000000 261.000000 0.432419 0.039713
596.000000 261.000000 0.442045 0.039719
621.000000 261.000000 0.482349 0.039767
230.000000 262.000000 -0.153588 0.041630
238.000000 262.000000 -0.140501 0.041646
394.000000 262.000000 0.116373 0.041665
226.000000 264.000000 -0.160120 0.044903
414.000000 264.000000 0.149120 0.044909
589.000000 265.000000 0.430818 0.046186
591.000000 265.000000 0.434025 0.046187
600.000000 265.000000 0.448475 0.046195
226.000000 266.000000 -0.160115 0.048183
418.000000 266.000000 0.155651 0.048180
399.000000 267.000000 0.124562 0.049868
403.000000 267.000000 0.131115 0.049859
422.000000 267.000000 0.162178 0.049810
432.000000 267.000000 0.178480 0.049781
230.000000 269.000000 -0.153571 0.053115
389.000000 269.000000 0.108154 0.053175
434.000000 269.000000 0.181731 0.053052
591.000000 269.000000 0.434027 0.052660
595.000000 269.000000 0.440446 0.052662
611.000000 269.000000 0.466198 0.052682
614.000000 269.000000 0.471042 0.052689
429.000000 270.000000 0.173584 0.054706
391.000000 271.000000 0.111432 0.056456
602.000000 271.000000 0.451698 0.055904
233.000000 272.000000 -0.148658 0.058044
612.000000 272.000000 0.467818 0.057537
228.000000 273.000000 -0.156828 0.059669
590.000000 273.000000 0.432424 0.059133
607.000000 273.000000 0.459753 0.059146
379.000000 274.000000 0.091715 0.061413
436.000000 274.000000 0.184968 0.061232
230.000000 275.000000 -0.153553 0.062955
233.000000 275.000000 -0.148648 0.062965
422.000000 275.000000 0.162153 0.062923
340.000000 276.000000 0.027470 0.064763
386.000000 276.000000 0.103211 0.064681
608.000000 276.000000 0.461370 0.064001
595.000000 277.000000 0.440450 0.065607
594.000000 280.000000 0.438844 0.070461
593.000000 284.000000 0.437238 0.076934
597.000000 284.000000 0.443666 0.076934
613.000000 284.000000 0.469458 0.076952
90.000000 285.000000 -0.379392 0.078656
86.000000 286.000000 -0.385793 0.080266
88.000000 286.000000 -0.382590 0.080272
593.000000 288.000000 0.437237 0.083407
597.000000 288.000000 0.443666 0.083406
603.000000 288.000000 0.453324 0.083409
598.000000 292.000000 0.445276 0.089879
618.000000 292.000000 0.477573 0.089909
235.000000 293.000000 -0.145302 0.092475
307.000000 293.000000 -0.026970 0.092704
88.000000 296.000000 -0.382556 0.096482
233.000000 296.000000 -0.148556 0.097377
235.000000 296.000000 -0.145286 0.097387
598.000000 296.000000 0.445276 0.096351
609.000000 296.000000 0.463015 0.096361
235.000000 299.000000 -0.145269 0.102298
558.000000 300.000000 0.381134 0.102919
598.000000 300.000000 0.445276 0.102824
230.000000 302.000000 -0.153423 0.107177
235.000000 302.000000 -0.145252 0.107207
598.000000 303.000000 0.445276 0.107679
227.000000 304.000000 -0.158309 0.110429
607.000000 304.000000 0.459796 0.109303
625.000000 304.000000 0.488997 0.109359
628.000000 304.000000 0.493891 0.109374
234.000000 305.000000 -0.146868 0.112108
227.000000 306.000000 -0.158296 0.113698
567.000000 306.000000 0.395512 0.112598
598.000000 307.000000 0.445277 0.114152
226.000000 308.000000 -0.159914 0.116960
620.000000 308.000000 0.480876 0.115813
230.000000 309.000000 -0.153377 0.118622
239.000000 309.000000 -0.138668 0.118681
567.000000 309.000000 0.395500 0.117455
233.000000 310.000000 -0.148470 0.120276
616.000000 311.000000 0.474388 0.120655
567.000000 312.000000 0.395487 0.122312
207.000000 314.000000 -0.190818 0.126610
567.000000 315.000000 0.395474 0.127169
596.000000 315.000000 0.442053 0.127098
566.000000 318.000000 0.393859 0.132029
599.000000 319.000000 0.446892 0.133572
601.000000 319.000000 0.450120 0.133573
613.000000 319.000000 0.469545 0.133597
615.000000 319.000000 0.472793 0.133604
566.000000 320.000000 0.393849 0.135267
574.000000 320.000000 0.406677 0.135233
569.000000 321.000000 0.398654 0.136872
577.000000 323.000000 0.411482 0.140078
584.000000 324.000000 0.422726 0.141677
115.000000 325.000000 -0.339113 0.143653
579.000000 325.000000 0.414688 0.143308
611.000000 325.000000 0.466319 0.143306
617.000000 326.000000 0.476074 0.144950
579.000000 328.000000 0.414679 0.148163
567.000000 329.000000 0.395410 0.149828
499.000000 330.000000 0.286371 0.152011
503.000000 330.000000 0.292799 0.151969
565.000000 331.000000 0.392192 0.153074
501.000000 335.000000 0.289532 0.160097
503.000000 336.000000 0.292735 0.161696
494.000000 337.000000 0.278255 0.163416
91.000000 351.000000 -0.377447 0.185574
480.000000 352.000000 0.255531 0.187890
483.000000 352.000000 0.260366 0.187852
96.000000 353.000000 -0.369396 0.188842
88.000000 354.000000 -0.382254 0.190411
86.000000 368.000000 -0.385403 0.213054
78.000000 370.000000 -0.398300 0.216263
458.000000 389.000000 0.219517 0.247987
460.000000 389.000000 0.222751 0.247960
462.000000 389.000000 0.225984 0.247933
506.000000 389.000000 0.296935 0.247362
517.000000 389.000000 0.314636 0.247239
504.000000 390.000000 0.293704 0.249000
347.000000 394.000000 0.038702 0.257133
402.000000 394.000000 0.128548 0.256739
397.000000 395.000000 0.120390 0.258401
361.000000 399.000000 0.061582 0.265128
378.000000 400.000000 0.089350 0.266626
352.000000 401.000000 0.046855 0.268395
462.000000 402.000000 0.225810 0.268890
345.000000 403.000000 0.035398 0.271643
373.000000 404.000000 0.081157 0.273104
457.000000 405.000000 0.217685 0.273788
463.000000 406.000000 0.227373 0.275319
375.000000 408.000000 0.084393 0.279527
382.000000 408.000000 0.095814 0.279472
336.000000 409.000000 0.020662 0.281323
464.000000 412.000000 0.228911 0.284967
525.000000 414.000000 0.327293 0.287525
517.000000 415.000000 0.314385 0.289202
527.000000 416.000000 0.330505 0.290742
444.000000 417.000000 0.196490 0.293269
566.000000 417.000000 0.393585 0.292288
532.000000 418.000000 0.338562 0.293944
388.000000 419.000000 0.105501 0.297104
458.000000 419.000000 0.219121 0.296309
513.000000 419.000000 0.307901 0.295692
517.000000 419.000000 0.314352 0.295659
523.000000 419.000000 0.324032 0.295615
545.000000 419.000000 0.359562 0.295514
454.000000 420.000000 0.212639 0.297968
506.000000 420.000000 0.296602 0.297368
373.000000 421.000000 0.081037 0.300435
458.000000 421.000000 0.219096 0.299526
462.000000 421.000000 0.225564 0.299476
523.000000 421.000000 0.324018 0.298845
521.000000 422.000000 0.320784 0.300474
532.000000 425.000000 0.338530 0.305262
389.000000 427.000000 0.107060 0.309941
539.000000 427.000000 0.349841 0.308477
255.000000 428.000000 -0.111536 0.311565
422.000000 429.000000 0.160680 0.312818
250.000000 430.000000 -0.119658 0.314732
252.000000 430.000000 -0.116403 0.314750
544.000000 430.000000 0.357932 0.313332
547.000000 430.000000 0.362793 0.313334
551.000000 430.000000 0.369279 0.313340
419.000000 434.000000 0.155756 0.320878
421.000000 434.000000 0.159001 0.320856
545.000000 435.000000 0.359557 0.321440
556.000000 435.000000 0.377417 0.321477
280.000000 436.000000 -0.070751 0.324569
278.000000 438.000000 -0.074000 0.327764
281.000000 438.000000 -0.069110 0.327780
552.000000 439.000000 0.370935 0.327958
554.000000 439.000000 0.374186 0.327968
477.000000 442.000000 0.249571 0.333101
474.000000 443.000000 0.244713 0.334740
431.000000 444.000000 0.175111 0.336800
433.000000 444.000000 0.178352 0.336779
481.000000 444.000000 0.256017 0.336285
498.000000 444.000000 0.283489 0.336149
500.000000 445.000000 0.286715 0.337750
524.000000 446.000000 0.325531 0.339269
428.000000 448.000000 0.170206 0.343252
515.000000 450.000000 0.310952 0.345763
512.000000 451.000000 0.306094 0.347389
276.000000 452.000000 -0.077181 0.350183
281.000000 452.000000 -0.069041 0.350208
490.000000 452.000000 0.270503 0.349112
523.000000 454.000000 0.323907 0.352235
525.000000 454.000000 0.327150 0.352237
269.000000 455.000000 -0.088557 0.354949
272.000000 455.000000 -0.083676 0.354966
277.000000 455.000000 -0.075538 0.354993
499.000000 455.000000 0.285043 0.353907
521.000000 455.000000 0.320665 0.353856
168.000000 456.000000 -0.252407 0.355755
264.000000 456.000000 -0.096685 0.356521
394.000000 456.000000 0.114948 0.356394
407.000000 457.000000 0.136053 0.357889
160.000000 458.000000 -0.265348 0.358936
156.000000 459.000000 -0.271822 0.360533
200.000000 459.000000 -0.200559 0.360829
339.000000 459.000000 0.025446 0.361487
304.000000 460.000000 -0.031559 0.363092
308.000000 461.000000 -0.025044 0.364699
337.000000 461.000000 0.022184 0.364691
400.000000 461.000000 0.124655 0.364360
446.000000 461.000000 0.199244 0.363960
240.000000 462.000000 -0.135649 0.365971
243.000000 462.000000 -0.130777 0.365993
279.000000 462.000000 -0.072250 0.366212
298.000000 462.000000 -0.041325 0.366280
340.000000 462.000000 0.027067 0.366285
237.000000 463.000000 -0.140513 0.367552
276.000000 463.000000 -0.077126 0.367799
452.000000 463.000000 0.208942 0.367126
448.000000 464.000000 0.202457 0.368767
532.000000 465.000000 0.338560 0.370142
500.000000 466.000000 0.286627 0.371698
558.000000 466.000000 0.381022 0.372086
322.000000 467.000000 -0.002245 0.374309
448.000000 467.000000 0.202433 0.373594
454.000000 467.000000 0.212149 0.373548
327.000000 468.000000 0.005894 0.375907
547.000000 468.000000 0.363047 0.375190
340.000000 469.000000 0.027051 0.377488
554.000000 469.000000 0.374518 0.376936
556.000000 469.000000 0.377796 0.376972
325.000000 470.000000 0.002637 0.379109
561.000000 470.000000 0.386025 0.378713
113.000000 472.000000 -0.341709 0.381742
227.000000 472.000000 -0.156678 0.381926
497.000000 473.000000 0.281758 0.383044
439.000000 474.000000 0.187802 0.384924
488.000000 475.000000 0.267168 0.386294
496.000000 475.000000 0.280136 0.386287
498.000000 475.000000 0.283379 0.386287
570.000000 475.000000 0.400985 0.387181
