1000010000111111000010001000110011001000100010000001000000001101111010000000101000100100001000100000000000000010000000101001000101001000010000000100100000011000110000000000000001000000111000101010100010101001000000001101001000100011000100101010100101000011
1011100000100101100000011111000010010010001000100010100001100010001010111000100001100011011001000000110000010001001011100000100000000111001101111001010110000001011111110011010000011101110001011010110011001100001000110001101111000011010100011011101100110100
1111100000111111000001111111000010010010001000100010100001100000001000011000100001100111011111000101110000010000101010110000100000000111011101111101010110010001111000110010010000011000110001011010100010001110000000111001101111100010001101011011101100110110
1001101101100000111000011011011010010010100010110111000001101110111010001000110001100000011001010000110000110011001011101011000000000011000101101111010100001001111101000011000000001100100101111010000110101011001000110000101001000011010100111010101100010100
1011101000100011111000010011011010010010100010100111100001101010111000001000110001100000010001000000010100110001001011111011000000100011000101101111010100001001111101000010010000001100100101011010000101101011001000110001101001100011010100111010101100010000
1011100111001001011001011011011001010010100110100001000001111101011000001000111011000000111101000100100000110010101011110000000001000011010000001100100100011001111001100010000110001000100100001010001100100001000010001101001010000001000100111110111101011100
1010110001111010011001111010111010011100100010100000000001011101111000000000111011001000101101000100100010110011101010101011001000100010010100101100000001011001111000100010000101001000101100101010101110101011000010001001101010100011000100111010111101010101
0011010101011110011100011010011100011100110111111001000011011101011010001000111011000100111101100000100000110010101001100101000111001010100000100101001001011011101011100100010101000010100100101010001100101001000010001100001010100011100010100110110001000001
0010110101111010011000110011111110011100110011100001000010011101101000001000111011100000101111100000100001111010101011101111000101011010010000000100000010011011101011000000001001001010101100001011111110111001000010001000001010101010100000101010110001010001
0100000011000101100111100100000100000001001101001100011100010010000101010011000110110001110000111010011110000110010000100100110100001101101001010011000101100110000010010001100001110001011010010000000000000100110100000110010100010100010011000101010010101111
0011010101111110011100101111011100011000100011111011000011011101011000001000111011000000111101000000010001110000111011100101000100001010101000000100001000011011101111100100000001000010111100101010001110111001001010001000001010100011000010101010110111010001
0011010101111011011100001111111110111000100011101011010001011101101000001000111000100000101101000000000000110000111001101111000111011010001000000100001000011010101111100001000001000001101100001011111100111001000010011000001010101010100010101010100001000001
0011011001111011011110001111110110011010100011111111010001011101111000000000111000100000111001000000010000100011011001101011101100101010101000100110001000011010100101100000000001100001110100001010001100101011001110001000001010100011000010101010100101000100
0011010000110011011100000111110110011000100011111111000000011101101010001100111000101100100101000001000000110000111101001011100101101010001000000100001000011010100111100001001011100001100100001111111100101011000010001000001010100011000010101010100100000001
0010010001110011111101001111110110011000100011111001010001011101111000000000111010100000111001000000000000100011011001101011101100101010001001101110001000011010110101100010000011100001111100001010001100101011000110001000001010100011000010111010110101000100
0011011001111011011000001010110110011010100011111101000011111101101010001000111010000000101111000000000000101000101001101011001100111010000001000110001001011010101001100001000011100001001100001011111110101011000110001001001010100011110010111010110101000000
0001010001111011011000011010110110011000100011111111000011011101101010101100111000000000100111000000000000100000101001101011001101111010000000100110000011011010101100100010001011000000001100101011111110101011000010001001001010100010100010111010100101000000
0001011101111010011100101011011110011000100011111111110001111101111000001000111000100100111101000000000000100001001001101111001100101010100001100110001000011010110001100001000001100000100100101010001110101011000110011000001000100011000010111010110101000000
0001010101111010011100001011011110011000100011111111100001011101101010101000111000100000111111000000010000101000001001101011001100111010000000001110001010011010110101100001000011100000100100001010111111101011000010011000001000100011100010111010110101000000
0001011101111010011100101011011110011000100011111011100011111101111000001000111000000000111101000000000000100001001001101011001100101010100001100110001000011010101001100000000001100000100100001010001100101011000110011001001010100011001010111010110100000100
0001010101111010011100001011011110011000100011111011110011011100101000101000111000000000111111000000010000101000011001101011001100111010000000000110001010011010100001100001000011100000100100001010111101101011000010011001001000101011100010111010110100000000
0011010101111110011100101011011100011000100011111111000011111101001000001000111010001100111101000000010001100000101101100111101101001010100001101111001000011010111001100000000001100000110100101010001110101011000110001000001010000011011010111010110111000000
0001011101111010011101101011011110011000100010111111010011111101111000001000111010100000111101000000000000100001001001101111001100101010100000101110001000011010111001100000000001100000100100001011001110101011000110011000001000101011001110111010110111000100
0001010101111010011100001011011110011000100010111111110011111101101000001000111000100000111111000000000000101000001000101011001100111010000000001110001000011010110001100001000011100000100100001010111111101011000010011001001010101011101010111010110101000000
0001011101111010011101101011011110011000100010111111110001111101111000001000111010101100111101000000000000101011001001101011001100101010100000000110001000011010101001100001000001100000100100001010111111101001000110001000001010101011000010111010100101000101
0011010101011111011100001011111100011000100011111011000001111101001010001000111010000100111101000000000001100001101101100111101101001010100000101110001000011010110001100000000001100000110100101010001110101011000010001000001010000011010010111010110111000000
0011011101111011011100101011111110111000100010111011000001111101111000001000111000100100101101000000000000100011011001101011101110101010000000100110001000011010100001100000000001100000100100001011001110101011000110001001001010101011010010111010110101000001
0001010101111011011100001011111110011000100010111011000001111101101010101100111000100000100011000000000000101000011001101011001101111000000001000110001010011010100101100001000011100000100100001011111110101011000010001001001010100011100010111010110101000001
0011010101011111111100001011011100011000100010111111000011111101011010001000111010000100111101000000010001100000111001100101101101001010100000101111001010011010110101100000000001100000110100101010001110101011000010001001001010000011000010111110110101000101
0001010101111011011100001011011110011000100010111111000001111101101010101100111000100000100011000000000000101000001001101011001101101010000000000110001010011010100101100001000011100000100100001011111111101001000010011000001010100010100010111010100101000001
0011011101111011011100101011011110011000100010111011000011111101101000001000111000100100111101000000010000100011101001101011001100101010000001100110001010011010101001100000000001100000100100101010001110101010000110011000001010101011010010111010110111000000
0001011101111011011000001011111110011000100010111011110001011101101000001000111000100100111101000000010000101010011000101011001100111010000000101110001010011010100101100010000011100000100100001111111111101010000010001001001010101011000010111010100101000001
0001010101111011011000001010111110011000100010110011000001001101101010101100111000100010000011000001000000100000001000101011001101101000000000001110000010011010100100000000001011000000100100001010111110101010000010001001001010100010100010111010100101000001
0011010101111011011101100011011100011000100011111011000011111101001010001000111010000000111101000000010000100000101001100111101101101010000000101111001010011010110001100000000001100000110100101010001110101011000010011001001010100011010010111010110111000001
0001010101111011011000001011011110011000100010111011000011111101101010001000111000100000111111000000000000101000001000101011001101111000000000001110000010011010111000000001000011000000100100001011111110101011000010011001001010100010101010111010100101000001
0011000101011110011101001011011100011000100010111011000011111101001010001000111000000100111101000000010001100010101101100101001101001010100001100111001010011010101001100000001011100000110100101010001110100011000010011000001010000011100010110010110101000100
0001011101111010001100000011011110011000100110111011010011011101111000001000111010100100111111000000000000100010001001101011001100111010000000000110000010011010101101100000000011000000100100001110111111101011000010001000001010101011000010111010110101000100
0001010101111010001010001011111110011000100010111010000001010101101010101100111010100000110110000001010000100000001001101011001101101010000000000100000010011010100100000001001011000000100100101010111110101011000010001000001110100010100000111010100101000101
0001000101011110001101001011011100011000100111111001000001111101011010001000111010000100111101000000010001100010111001100001101101001010100000101110001010011010110001100000000011100000110100101010001110100010000010001000001010000011100010110010110101000101
0001011101111011001101100011111110011000100011111111000001111101101000001000111010100100111101000000010000100011001000101111001101101010000001110110001010011010100000100000001001100000110100101011001110101011000110001000001110100011001010111010110101000100
0001010101111011000101001011111110011000100010111111010001010101101000001000111010100001111101000000010000101010001000101011001100111010000000010110001010011010100100100001001011100000100100001011111111101011000010001000001110101011100010111010110101000100
0001010101011110101101000011111100011000100110111111000001111101001010001000111110000100111101000000010000100000011100100101101101001010100000110110001010011010100000100000001001100000110100101010001110101010000010001000001110100011011010111110110111000101
0001010101111011000101001011111110011000100000111101010001110101101000001000111110100100111101000000010000100010011000101111001101111000000001010110001010011010100100100000000011100000100100001011111111101011000010001000001110101011000010111010110101000111
1010110001111010011001111010110010011001100110110101000000011101101000000000111111010000101111001000100000010010101010001101001000010000000100011100010000011001111000101110010001001000101101101010001000011000000010001000101000100010000100101010011101010011
1010110001111010011101110010110011001100100110100101000000011101111000000000111111010000100111001000100001010010101110101111000000000000010100011100010001011001111000101010000001001110101101001010101000101000010010001001100000100010000100101010011101010001
0010010001111010011110110010110000101001100111100101000110011101111100000000111110010000100111000000100001010010101101001111000111001000110000010100001001011001111001101100001001001010001100101010001000001000010010001100000000100010000100101010010101010001
1110000110001010000010110000101011001001001000000100000000100000110101010001100000011001000110100111101100111100101100111011000000010100010101011001110000000100011000011001101100011100100011010100100100100101010110001110110100100000000101111001001010100011
0011010101011111101101000011111100011000100110111001000100111101001110001000111110000100101101000000010000100010111100100101101101001000100001110110001000011010100100100000000011100000110100101011001110101011010110001000001110010001010010110010110111000000
0001011101111010001101000011111110011000100110111001000100111101101100001000111110100101111101000000010000100011111100101111001101101000100000010110001000011010100100100000001001100000110100101011001110101011010110001000001110110011000011111010110111000100
0000011101111010000101000011111110011000100110111001010100110101101000000000101110110101111101000000010000101010011000101111001100111000000000110110001000011010100100100000000011100000100100001011111111101011010110001000001110111011001011111010010101000110
1000001100111010000010110110101011101001110000000101000000000001110101010000110000111000000110100011101100111000101100101011000001010000011100011100110001111100111010001011101001001100001011111001000000101101010110101000110101100010000101100000001011000011
0011011100110110101101000011111100111000100110111111000101111101001110001000111110010100101101000000010000100001111100100111101101101000100001110110001010011010110001100000000001100000110110101011001110101011010110011000001110110011010010111010110111000100
0000010100111010100101000001001110001000100100111000000110110001101010100100111110110001110000010000010000101000010000101111001101111000100001010110001010111110100000100000100011110000101010001011110111101110000010011001001110110111111011111010010100000110
0100010011110010111110000000010110101001001100001100000100010111110010000011001110100101101000010000001000000110010001101100001111101100100000000010001011100110000101100000100011110000001100100011111000001110000000011110000000110111111010010111110101101000
0100000001000100010000011101000110100100011000001000101101011010100101010011000010000001001000101010101010110111010100000100000111001111001000000100000110100110000011010110110000010101011100010000001100110101110000110011010011010101001000000001100000110010
0100000001000100011000010100010110110100111010000001101101001110100101010011000010000000001000001010101010010111010100010100000110001101001000000101100111100110000010010110110000010101011100000000001100110101110000110010100011010101001000000001100000111000
0001000101011110101000001011111100111000100110111011000110101101001110001000111100000100001000010000010000100011110100100001011111101000100001110110001010011010100000000000000011100000110110101011001110100011011110101000001111010101110010110110100111000000
0100010111110010110100000001000110101000001000001000000100110010110010000001001110100101110000010001001000000110010101001110011111101110100001000011001010100110000101110000100011110000001000100000111010001110101000011000000000110111110011011001010100100110
0101011001000100100111000000110100010000100000001011100101111111000000101000001000000101110000000000011000100001010000000000000101001011100001100110001101100010100100100000101000110000011100001011011101100001000100000100001110000111010010000011100011011110
1001110000100001111000000101000000110010100001110111000001101010111110001000111101111000000000010000000100000000000011101011111011100001001101101110011100001010110101001010000010111001100011011011110000001011111000010000101001110110010010111010101100000000
0000011101111010101011000001111110111000100110011101000010101101101100000000111110010100011000010000000100100011010100100011011001100000100001111110011000011110110100000000001001100000110010101011000110101010111110001000001111110111011010111010100111000101
1100000001000100011010011100110011100110011010101000101101011011110101010011000010001100000000001110101000110110010100010100000010110111001101000000100101100000000001011110010100000001011100010000001100110111100100100111010001010101001110010001101011110010
1000000000100001111100000101000010100010101011111101000101111010110011011001110001000100101001000100001000100100010011111011111011100111001101100111011100001001010001110010000010110001101001010000110100001111011000010100010000100111010110111000001100110000
0001010010100001011000010101010100110010110011000111110001001110011110001000111000111110000000001001100110110001010000011011100110001001001000011101010100001110100111001110010000001100100010001010110101001011110000100101101011100110000000101110000001000000
0001001011000001101110001111000100110010100011111111100101010110011010011010111000001100101011001110000000101000000001111010111010100111001001011011000100001010010001100110010110010001100100001000001100100011100100110111001011010001001010110110000110111000
0000111100011110101000001011111100111000100010110001000011101101001110001000111111010100001000011000000110100001000110100101011111101000000001011110010010011010110100000010000001101000111110101011001110101011111100101001101111110111111000110010100111000000
1000110100100010100111000000101010001110000000011000000010110011100011100100100011110011110000010001011100100000010011001111011001100010100101110010011101100100010001100000101010110000001011110011110110101111101000000000010110110110111111111000010101000110
1000110100110010100101000001101010001010100000010000000010101011100010100000111011110001110010010000010100101000000011101111011001111000100101110110011011101101110000100000100010111000001011011011110111101111101000011000110110101111111101111010010101010110
0100000011110000111101001010110100010110000110110101101100110101101010100110111110010110101001000100010001100011001100000110001100111001100001011011000110011010111100000000000110001000111100001010111101001010000000000011000010011001001010011110011100010110
1001000000011011101000010011010010110100110010100011000001001101111110001000111001110000000001001000100110010000000000001011000010000000000100011101010000011000111000000111010001001000100111101110000010001011110000111000101101100010100100101010101101000000
1000110101100010100101000001001011001110001000011000000010110011100011000101000001100011110001010101011000100000010011011011011001100010010101100010011101100101000001110000100010110000001001110111110110001111101000010000010010100010110111110000010100010110
1100011001000100111010010010110011100110000010011101001111010111100001000111001010001100100001101110011001110110001101011110000011011111010101000000100101100100000001100100111110000011011101000001001000110001100100100110010011011001001110010000100011011000
0101011011111011001010111011010100111000011010111110000111000100001110101000111000000010001010001001100001111101001001001010001110101110001001001001000010011010001001010110010111010011100100001010001111101011110010111001001011111010100010011110001100101000
0101010010111011011010011111010100111000010010110110000001000100001110101000111000000010001010001001100011111100000000001010001110101010001000001001000000011010011001000110010111011011100100001010111111001011110010111101101011111110100000011111001100101000
1000100000101010010011100101001011001110011000000100000000000010110101010001100001010001001000110100001100100000000010111011000001100000010100011001111110000101011010010000100110011100100011110000100100001101011000011000110110100010100101101000001000000010
0000100111011010011010010011001100111101110010110101000011011100111000001100111001001010110101011000100000010000001011001011011110101010000000001101000000011011111001001110010011011000101100001010001010001011101010111100101001101010000000101110101100000001
0001000010011000001100101011000101110100101010111011000111111000111001011001110000000001101111100010000001110000111011101011001011100111010000111111100010011010111001110010001111110011100000110100000110100101010010010001001001001011100111111110001100110001
1010110101100000110111010000101011001110001100011101000110110011100011100101000111100011110001010101011000110010010011011011001001100010110101110010111110100101000101110000101010110100001001110101110110001101001000000000010110100010110011111000010100010110
1011011101111110111010011011111010111110110110110010101110101101101110101100111100001001011001011100110001111011001100110001001010110000000101001100010100011010111100000010000110001010110100101111001101101011010100101001101111011001110100111010100111000000
0101011111000000011010010010110101110110001010111111001111001101010101101111011000001000000000101110101001010111011100110010000111011111010001000000100101100010100101000110011100000011001100101101011101110001110110100110001001010001101010010101100011111001
1011110101111010011010010011011000111100110010000010000011101101111010001000111001001001011111010000100110110000101111001011001010101010000100101101011001011001111011001010010011011110001101001010111110001001001010111100101001101110110100101110100101000001
1010000100111010110110000010101011101111110000100000000110101001111111010100100110011111010101000101000101000000101001011101001011100000110101100110011100010100011001001000101110101110100011111110110000001111011000001000110101111010111101111001111101000010
1011110100100010011010111011001011111110100010100010000111101010110110001000110001101101001101100000000000110000101011011011000011000010010100101110111001001001111011101010000010111110100011111111110110101001011000110001011001101010110110100010001001010001
1011000110101000001010101011001011110110100010110010000111101000111111011000110000111100011101100110000000110000101011111011000011000011010100111110111100011001111001111011001100111010100010111101100110111101010010010001011001000011110110111000001000010001
0011111100110010101011110001111110011100100010000101100010101111101100001000111101110100011000000000110110100001110010101111011000101000100001111100011010001111110010000010110001101100111011101011000110111010011100001000101111101111011001101010000111010111
0000011101111110101110101000111110111001100110011001000111011101010110001010001110001111100010001001001001101100010001001100011110111000100000000010000001111110000001000000101011110010011100101111001100111011110110001111001000111100110010110011010111001001
1010010110100010100111001001001010001110110100000000000110111011100010100000110111110011110011000101011100101000110011111111000001110000100101111010111100101101110010100000100010111100001011011111110111111110001000010000110110100010100101111010010001010110
1010010110100000010111000001001011000110011100001100000110111011100011100100000110100011110101100101011000110000111011011111000001100011110101110010111101100100010011110000100010110110001001110001110110011110001000010000010110100010101111111001011001010110
1100000100011110010110101000101011101101111001011011000111111000010111011001000100001101011100110110011001000100111001001100011111101110110000110110101001110100000001111000101111110010011010110100100000110111101010001111010101111111111111011000101100101101
0011110101111010011000111111001011111100110011100011000001001100111010001000011001101001001111001001000110110000101011011001000010101010011000101111111000011001111011000010000011011100100101101110111100111001001000111100101001100010110000101010100100010101
0101000100011110010010111011000100111101001000110110100011000100011100111010101000110001001110001011100010111100001001101010000110100100000000001101000000010010011001011111010001011001100010101110100110100101110010111111101101111010100000001011101100101001
1100000000000111000000001100000011100010011000000000000000100010000111010101000000111111001010110111101100100100000001110000000010100101011101010001110110100100010011010100100110011110011011110100110100000101010000010011110000100110100101001001001000101001
0011011100111010000010111011111110011100110000110101101011101101111100101100101010000000010110011001110011111001101100101111001100111000000000001100000000011010111000000110010111001010111110101111001101111011101110101101101111111011101000111010100111000111
1011111111011010001011100011001000011001100011111111110011011100111000101100111001001010110111000001010000001000101011001011010000010010000100101110001000011001110001100011000001110001101100001110001001011101001110011100001001100010100110111110001001010101
1001000100111010001001111011001011011000100011110011000101101000111111011000110000101000011101100000010100110000101011101011100001000010010100111111110000011001111001111011000101011001100011111110110001111100010010111000011101110011001111111000001000010101
0011111101111111111001111101111100111110110110000001000000001101001100001000111111010100001000000000100110110011110100101011101111101000001001110100011010011110101000000110011001100100110110101011001110111011011100001000101111101111011000101010100111000000
1000110100111010100011100001101011001101111001011111000111001011110011001001010000101100001000110000011101000000110101001011010001000010110100100110111001100100100010011010101011110110011011110101110000001101101010101100110101111111111111101000100000000111
0011010101110011011101110011011100011001000011111111000001010100011000001000111001101010011101010000110000110000111011001011000001000010001000101100000001001011111011101110010001000000100100001011101100011001001010011100001001100010000010100110100101010101
1101001010011110010010111101000000111101011000000010001001000000101110001010101000111001001110001011110110111100000001000000001010100110001100001001010000010111111011010111110011011100100011110010100100101100110010111101101111100110100100001111101100110011
0011100100011110011000011010011100111100100110111101000001001101011110001010111111000100001000011000100011110000010001100101111111001000000000001101001000011010110001000110011011000000110100101011001110110001111010101100001111000101001000110110100111001001
0010111100110011010011100101101110101100110101000101110000101111111100001000111111110000001000000000100110101001110010101111001000101000101100111110011000001110110100000010100001111100101011001011010111111011011100001000101110101111010001101010110101000101
0000111101111110001011111011111100011100100111111101111010001101011000100010111011001000100110011000100011111011011110101011011100111000000000000100000000011010101110000111011001000000110100101011001101111011101110101100001010101101010000101110010111000011
0000111101111010101011111001111100011100100111010101111010001101111000100100111011111010000110011001100111101011011110001011011100111000000000010100000000011110101110000111011001000000110100101111111101101011101110101100101011101110110000101010000111000011
1101000000100111100000101101000001101111111000000010001001000010100111111011100001111011001010100101111110101000000101110001000010110110011100011101110010100100111011011111110010011100110011110000100100101100010000111101110111100110100101001101101000100011
1010010100100000010111000100001011001010111101001101000100111010110011100100100110010010100101100101001100100010111010011111011001100001111100100110111101100101010110110000101110110110001001110011110100111111011000010000010010110010111111111000010001010011
1000110111100010101011010100111001101001100110000101000010101011110011000100010001111110000001110000001110100010010110011011010001000000011101101010111001101100110110001010101010101100101111111111110000001001011000100100110000100110111000101100000001000011
1011110011110011011001111111010000011111010011101111000001010100111010000000111001101000111101010000100000110010101010000010001001100010001000001001000100011001111000101011000001001000100100001010111100001011000010011101001000100011000110101110101101010100
0011100011111011011000011111111100111000110111100111000001010101101010001100111001101000101101101100100010110010101111110011000110100010001000001101000010011011111011001011000011001100100100101010111100111010000010101001001000100011100100101110101000010011
1001000101011011000011111011010011011000001100110010010000000000001001011001100001110001011111101010110001110010001010101010100000000000010100011001000010010000011000011111010001001001100100010000100100100100110010111001010110111011001111111001001100101111
1010110100100010110111000101001010101110110101000101110110101011101100101000111110110000101001000000000110101000100000111111011000111000101100101110011000101110110010100001101010111100001011011011110101111111011000011000111010101111111101101010010101010011
1011000111000000101011011000111001110011000110000111001000101011110011010001010011111100101001110110001000100010000110111011010011010001010101101010111101101000110100011011001000101100000111111101110100100001000100100110110000000001110100110100011001010000
0001001011000001101000000010010100110110100010111111111000101010111001111111110000101010000010011111000000101011010100101010011010110011000001001001000100001010110000011111010000000000100100111100100101110011110000100110001001010000110010111110001100101000
0000111111110011101010111110111100101000100110111101111000011101011000100100111111111000101010011001100011111011010110101111101110111000001000000000000001011011110110000111011001001000101100001011001101101011110110001101101010101101001000101110010111010001
0001000011010010101000100010110100110110110010111111111010100111011101111100110001011010000010011111100110101010010110101011011010110011000001001001010100011010110000001111011000001000100110111110100001110011110100101110000001110100010100111110001110001000
0011000110111011011000111010111100111000100111110010000101001101101110001100111111100100001101101000100010010000101111100011000011110000010000101100010010011011111011001011001011001110100110101010101000011000010010001001101010100011110000101110101001010001
1011101111010011001100110011001000110000000111111111110001110100111100101100111111001010110111000001000001111001101011101011100010010010100100111011011000001011110011100011000001111001100101001010001101110001011110011101001010001010000010111110011110010001
0010000011111011011101011110010100011001000111110000000100010100001000000000111011101101111111000000000000110010101010000110001100001000001000101011001010011011011100101110000001001000101100001010101110001000000010001001001010100010000010111111011100011001
1011110011111011011000111110111100111000100011100010000101011101101010000100111101000001001111001000100010110000101011100111001010100010001000001000000011011001111011100011011011001000100100101011111010111010000010001001001011100011100100101010101001010001
1100000011011111000011111110110000001100011100000000011100001100001101010011100011110001001010101010111110110110000010100000000000000100011100001001010011010000011000000111011001001100111101000100101110100100110010101111110110100100101101001101101111001011
1100000000000111000010111100100011101111110000000010001000000011000111110101100000111001000010101111011100111010000100110001000000000001011100011101110101000100111010010011101110001100110011110000100100100100010100100111110111100000100101001000101011000011
0000111011111011101100111110110100101000100110110101111100011101011100100010111110101010101010011000100011111001000101101111101110111000001001000000000001011111100101000101110001000001001100001111001101101011110100001101101010101101001000100110010111010000
0101000111011000001000011011010100110100101010111111101111001100001111111111011000000110000010001011100011011111011100001010001110111111000000010001000100011010000101010110010111000011100100100100101011010010110010110111001001011100100010011110001100111000
0010010011111111011101111110110000011000010011110000000100010101001010000100111010101101111111000000000000110010101001100101001100101000101000101101000011011001111001101111010001001000101100001010101110101000100010101001001010100011100110101111110101011001
1001000010111011011101111110101010111000100011100010000101001001101110001100111101110000000101100000010110010000101110101101100101000000011000111110110011011001111011001010001011001101100011101010100010111000010110001001101111100011000100101010001001010101
1100001001000111100010111100110001101110110100000001001000001111001101010110100010110001001010101111111110111110000000110000001010100000011100011100110011000100111010000111011000001100011011111010100100100000010100101111110111100100101101000101101011001011
0011100101011110011000010001110100111100100011011111000100001101011110001000111100010100001000011000100111110011110100100001101111001000000000001101011000011010100000000110010001000000110110101010001110100011111010101000101011010101010000100110100111000001
1001101110110010101000110010101000101111010110100010000010100111001111011100110001011000000011011111100111111000000001001011011010100000000101001000010001001000010001000110011111011110001011011001100010101110111100101000111001101110100101110100001111001000
1101001111000000101100100011001001100010001010111111100110110010000011010011110010000100101111101111001001101101011011010010001010100111110101001011100100001000010101110000000110010011100101110100100100110110100010110110010000011000100110011100011010111000
1000010110111011000101111011000011001000001100110100010100010000100100001001100111110101111111101000111100010000001110101111100001000000010100010000110010110001011010110101111001011001001011010010100110101100110110011000110110100011000101111000011000110111
1100001000100111000010110100100011100111010000000000001000000011100111110111100000110011000010111111011110111010000100110001000000010001011100011100110101100100111010000011001110001111011011110001100100101100011100100111110111100000101101000000001011000011
1100010011011111000001111111000001001100001100100100011100010000100000000011001010100101101111101010111010110110001010101100100101001100011000010001100010110100001010010111110001011101001100000000101110100100100010111010110110100011000101000101111100111011
1110101000001011000000110100100011000011011001000000001000000001100111010111100001111011010010100111011101001110101110111000100001010101011100011000110101100100011010010101101100001110011011110001100000000100010100000110110111000000001101000001001011100111
0001011110011010101000110011001001111100001010110111110111110100000100101000001001001000001101101000101011111100001011100111101111101110010001000000100001111101001001010111111101011010001100001011001011110100110110111100101001001011000100110110000100111001
1101001111000010001100110010001001100011001010111011100111110000000001111011110010000100101111001111001001011100001011110110001010100111010101010001000101111001010001110100011110010011001100100100101000110110110110110110010000111000100110011100011010111000
0010110100010010011000010111010100111100110011100101000011001101001100001000111011010100001000011000100111110001100101101111111011001000001000001100010000011010110001000110010001001000111110101011001100101011001100101000101011011111010000101010000111000000
0111010000011110010100101011000100011001001001111010000111010100001010001100001000100101111111000000010000010000101011100100000110101110000000100111000010010010101011110001000011110001110100001010101110100010000010011001001110100010000010001111110100101101
0100010011011111000000111100010101101100011110000101011000000100000100010011001010110000001100101010111110110110001100100100100111001100011000010001100011110110001010010101110001000100011110000000011110110100110010101110100110000101000000000101110110101011
1010110010100010101100000100101011101010110011001111000001111011100011101100110001110010000001100101001100100000100001011011010011100011111101101110111111101100110011100000101010111110001011110011110100101111001000100001110011110010110110101000001001000000
1011101010011000001000111011001001110000000011111010010001000000011100011011110001001101011101110010010001110001101001100011100010000111010100111111101010011000111001100010000101110010100100011000000101100001011110110011001101001001010110110111001010100001
0011010000111111010000011111000110111000000101111010000101010100101110001100001000100001101111001000010000010000101001100101010110001010001000001101000010110010101101000111010011010000110100101010011000001000100010111001001110110010100010101010100100000001
1011010000110011010001001101001010111001110101000000000100000100101110001100111110110111001100101000000110000010111000100001010011000000001100001110010010001010110110000011000001111101110011101111111010011000110010011001101110110111101101101010110001010001
0011110110100000001000001101001100110101011011001010000011000010001010001000000001001100001100100100000100100001111011110010010011100111001000101011111100001010010111110010000110110110100000111010110010011111001010110001001001000111110010001110001000111001
1001001110001010001100111011001001111000001000111010000111110000000101011011010000000000101111101110001001011100001011110000001010000110010101010001100000111000000001110101010110010011000100110100001001110100110010111011010001011011100110010100001000111001
1011100010001001001010111011001001010000001011110010000001000000011111011011000001001101011101110110010001110100101011110000100011000111010000111011100100011000111011111010000100011010100100101000001100110001011010110111011101000001100110110101101010101101
1100000001100001000101001000000011000100001101001000000100010010000011010001100010110001101000101000001100010110010000101100100001000101110100010000110011100100000010110101110001010001001011010000110110101100110010000001010010110111001111001001011001111111
1001000110100000001000011011001100010000001011101010100001000010001001011000100001100100001101100000000001010001111011100000110000000111000100101011000100001010010111110010010101011010100001111110110011111100000010110001011001001011000010101110001000110001
0011000110100000001000011011001100010000001011101010110011000010001001011000100001100100001101101010000001010001111011100000100000000111000000101001000000001010010111110110010001011001100000011010110001011100100010110001001001001011000010101100001000110001
0011000110000000000000011011001100110100001001101010110011000000001100111000100001100010001100111010100111010001111011000000000010000111000000001001010000001010111110010111010001011101100010011110100001000000111010110001001001001111000010101110001100100001
0101000001010101010111101011010110011001000001111010001100010110001010011010101000100101111111010011010000010010011000100000001100000010100000100111001010000010100100100001000011100001110100101010101010100010000010111001001101110000111010001011111100100110
0001000100000000001000011011001100110110001001100010110001000010001001011000100001100110001111001010000001010001101010100000100000000111000000001001000100000011010110010110010001011000100000011110100000010000101010110001001001101011000110001010001000110000
1001100100100000000000011111001100110100011001100010110011000000001100011000100001110110001110011000100110010001111011010001000010000011001100001001010000000010011111010111010001011101100011011110100000001000111010110001101001100111000100001010001000100001
0001000001110101110000011111110110111000100011111010001101000101111110001000101100100011011111011001110010010010001100100001000110111010001001000101000010011010101100000101010011000000110100101010101010011010100010101001001101110010011000101011101100000011
1001110100100001101000010011001011110010101010111011000001111010110011011001010001000100001001110110000000010000001011011011011011100011010101101111101110101001110101110010001110011010100001111000110000010000001010110000011001100011110110111000001000110001
0001000000111101110000011110110110110000100011110010000101000101101110010000111100110111000110011001110010011010001100101101000110110000001001000101000010011010101100000100011011000001110110001010101110011010111010101001001101110010011000101010101101000011
1000010000100011110101001101000011101010001101001000000100010010100011000001000010110101101000101100001100000110000101110101110011010101111101010111110110100100000001110100110000110101001011110000110110101110110000010001110000110111001111101001011000110010
0011110001110110011000010001010100011100110010101111000011001101111010001000111001000100011100011000100111110001110111100011101011001010000000001101011000001011110111000110010001000000110100101110001110101011101010111000101011000111010000101010100111010001
1011100110111010101000111011000000111110001000110010110001100000111000011000100001000000001001010010000001111001000011101000101000000110000101101011010010011011011001110111000001011001100000011010000111111011001000111001101011001011010100011010001100110000
1001000100000000001000111011001001110000001000111010110111110000000101011011100000100010001111101111000001011001001001110000100010000111010101011001100000000000010101110111010100010011100000110100100000010100110010110001011001010010000110011000001000111001
1011100000001001000001011111001001010010011001110010000001010100100011011101000001101101011101110110111000110100101010110011000001100111011100111100100110010001111011111010000110011010000100110000111100100000000010110100010111100011100111101001101000110111
1100000001010111000001101010110010011011000101111000001100010111001000000010101010100101111011010001010000011010001100101000001000110000000000101111000101000010110000101011000001001001111100101110101010101010000000101011001100110000101110011011111111000110
1011100100001000101000011011001011110011100010110011000011111000111011011000110001100100001101100110000000010000001011111011000001000011010101101111101110011001111101110010000110011011100000111000110110110000000010110000011000000011111110111000001000010000
1011100100011000101000111011001011010000101010110010000011100000111001011000100001000100001101100010100001110001001011101011100001000011010101101001100110011001011101111010000101011011100000111000100110100001000010110001001010001011011110111010001100110000
1011100100111010101000111011000000011110011001110010110000100000011000111000100001000010001011010001100000111001001011101001001000100010001101101001010100011001011001110111000011001001100001011010100111101011000000111001101010101010000100111110001100110000
1011000100000010000000111111001001110001011001000010010111000010001101011001100000100110001011100011000110010000100011110000110010000111011100101011111000000001011011010011000000111110100001110000100000010100000000110001111001100100110100001000001000110001
0001000100011000000000111011000100110100001000111010110111000000001101111011100000110010000010001011100011011001000000100000100110000101000000011001000000010010011000010111010001010011100010010100100010010100110010111001001101010110100101011000001100110001
1011100100011010101000111011000010010100001000110010100010100000011001011000100001000100001111000010100001110001101011101010100000000010000101101001000010010001011001010010000101011001100000111110100110100001000010111001101011001011001100111010001100110000
1111100011011101000001011011001001010000001101110010000001000100101111011100101100000101011101111010110001110010101000100000100001000101010000011101100010010001111010011010000101011010100100101100001100100000000010110001001110000011000111000111111000100111
0100001001011111000101111010110010001010000101110000001100110101101010000010101010101001111011001001010000011110101100100100011100111000000001101111000001010000111000101001000001101001011100101010101010100010000100001011000110110000001110010010110111000110
1000110001111111000000110110110110011001000000101000001100000101101110000000101010000011010110011001110110111010001100100001011010111000001000001100010101010010111000000111011011001001011100101111111010011010101110101001001111110100101100100010100111000110
1011110000100010001000010111001010011010110010100011000011101110101010101100111001100010000111100101000000110000101011111011000001100011001100101110111110001001111011100010000010001100100101111010111100111011001000110001111010100010100100101010101000010000
0100011001111111000101111010110010001010000101110000001000010101101010000010101010001011110111011001010000011110001100100101011100111000000000000110000011010000101000101101001011001001011100001011001010101010100110001011000110110000001110010010110111000110
1000010000110011110000000100110010101001010000000000000100100011100110000000100100011101010000000000110110000000010101110001011011110000101101100100011011100110100011000000101011101101111011111011100010011010110100001000110111110110011100101010100001010011
1000000000000101100101100100100011100010001001011010000101110010100111011001000000000101001010101111011000100100010100110101110001010111111101010101100111100100000101110100111110010111011001110000100110100100110100110010010110010101001111110001111000100010
0101000000000101100000100100000111000010011101011010001101010010100111011011000010000101001010101110111011100100010100110100111101011101011001010001100111100000000100010100011110010001011000010000001110100100110100110010010110010101001011010001011110101000
1011010100111011001000010111111011011010110011100011000001001101101010001100111001000010000101100101000000110000101011011011001001100010011100101111101010011001111110100010001110001100100100101010111100111011000010101000101010100010100100101010101000010001
0110000011111101000111011010110101010000000101110000001100010100001011010000100110010101101101111010110000010010101000100100000001000001011000001001100010010000011000000010000111001010100110101110111100100000110010000001000110010001100111001111011000001011
0011010001111011011001011111110100011100110011110001000000011101001010001000111011000100111101000000110001110010101101100001101001000010001000101101001010011011111001100110010001001000110100101010001110111011001010001001001010100011100010101010110111000101
0000010001111000100011010100110110011101010100010000001100000101111010100000001010100011110000001001110110010011000100100101011101111000001001010100000001011110101100000111111011001100001100101111011011011001100100101000101100100100111000100011100111010111
1001000100000100100011000000100011000110001100001010001010100011110111011001000000110001001000101110011000000000010100110001010001010001110101001100110111100000110000010100011110000101010011110101110110100111110100100000010101010011001111110001101001000010
1001000100000100100010000010100011000110001100011010001010100011110111011001000010010101011000101110111100000011010100110001110001010101010101001100110101000000110000010100011110000011010011110101010010110111110100100010010100010101001111110001111000100010
0100111001111111100110101100111000001000000101001000011000011101010100000011001110110001110010010000111110001010110100100100110111011000111100010010011001110100000010000001101001100100011101000001101010101001101110001111110100111100011001000000110111001101
1000010101100101100011010100111011000110110100000000001100101111110110000000000000111101010001101100011100100011000100110001011001110001011101001110110101100100111110000010101110001101011011111111110111111001100100100100110101110001111100110001100001010110
0011010001111110011101010011110100011100100011110011000011011101001010001000111001000100111101000000010001110010101101100101101101001010000000100110001000011011101001100100000001000000110100101110001110111011000010001000001010100011000010101010110111000101
0100010000111111000110001111000011001000001101111000000100011000010110000011001110110101111100111100011000000110101000101100010101101100110000010001100001110100001011010000100111110011011010100010111000001101110010011101000100110011101111001001010000101111
0100010000011111000110101000110110001000001101011000001100011101010110000011001110110101101100011000111111000100001000100100110101001100111000010000000001110100000011000100110001110011011010100111111010100101100010001111000100110101001101000011110111101111
1000010101100101100011010100111011000110110100000001101100101111110010000000001010111101010101101100011100110011001100111001010001111001011101001110110101100100111110001010101100001111011111101111110100111001100100100100110101110001111000000011100001010111
0000011001100001000011010100111110001111110100000001100110101111111010000000001010111100110101001100111110110011100100111101000101101000001001000100110101100110101110000010101010001100011101101011111101111011000100100100100100110101111000000010110001010111
1000010100101100100011000010110011000110110100010001001010101001110111000000000011011101011000101100111101100011000100111101110001010001010101001100110101110100111100000100111100001011011011111101010000111001110110100100110101010101101101010000111011000110
0010010001110011011101100111110100011000100011111001000001011101011010000000111010100000111101000000010000100011111101100111101101101010101000101110001000011010110111100000000001100001111100101010001100101011000110001000001010100011001010101010110111000101
1100000101111010000011111010110110011101100101110101001000001101111111010100110010011010100110011011010100101010101100001010010000010000000100001111010000010010111000001111000011101000110110011010100010001001110010101111000100110000111111011010111100000010
1000011101101000100011000000110001000100100100010101001010101101110111000100001011011100001000101100111111100011000110111111110001011001010101000100110001110100100100001100111100001111011011101011010001101001110110100100110100000101001100010100110011000011
0001010001110011011000001110110110011000100011111001000001011101101010101000111000100000000110000000000000110000101000101011000101111010001000000100000011011010111110000001000011000001001100001111111100101011000010001000001010100011100010101010100101000001
1010110011111010001111110010110000001001100111100101110100011101011000100100111110011010100111000001100001111010101010001111100100010000011000011001000000011001111000101010001001001000101100001010101000001001000010001101100000101010000100101110011001010001
1000111111100000101010010000110001100100110000000101111010001111110100000100011111111100000000101000101111110011010110111110110001011001010101010000110001101101000110001100111100001111001011001011010001101001111100100100110000001101000100000100010011010011
0001011001111011011000001011110110011000100011111011010001011101101000001000111000100000111101000000010000101010101001101011001100111010000000000110000010011010100101100000000011000001100100001011111101101010000110001000001010101011000010111010110101000000
1000001010011011101010100100111001101011100010000101001100101111010111000101111110111000000010010011101110101010000100101110011011111000011101010010010001101100010000001011111010101101001011100001000000100111110100001110110000110100110101110100010111000000
1011100100011110010001111011001010111001000001110010000000100000101111011000100101010001011111010011010100010000101000000001000000100000000100111111011010010000111000011010000001111000110011111110100000000000011010011001101101100010111101111011101100100110
1011100100111010000000111011011010111001000001110010010001100100101101011100100101000011010111011001110000010000101000000001000010100000010100001101010010010000111000000010000011001000110110011110100000001000011010101001111101101010011100111010101100000010
1011000101111110010001111011011011011001000001110010111001010101101000101100101001000011110111011001110001011010101110000001100000010010010100001101010010010001111000100010000001001000110101001010101100001000000010111001101100101010000100111011101100000111
1110000101111110010101101011001011001001001001111000000100110000101011010001100110100101111111000011011000001100101101100100001000100110110100101111001010010000011001110001000011110000111001110100100100111100000010011011010010110010011111011001111100100111
1011100000000001011000010100000001100110011000000010000001000010000001011011000001000001000001101110101111010000000011010000100010000111011100001000110110100101011011010110110100011111000011010000000000000100011000100010110011000000000100000001001000111001
1010000100111110010101101010101011001001001001110000001100110001100011010001100100110001111111110010011000001000101101101101000000010110110100100111111011110100111001110001101011111000011001110000100000101100000010001001010010110010011111111001111100100111
0001010101111010011100001011110110011000000010111010000011010101101010101000111000100001110000000000010000000000001001100011001101111010000000000100001010011010100100100000001011100000100100101011111110101010000010001001001110100011101010111010110101000100
1011100000000001011000110111000001110110011001000010000001000010000001011011000001000001010101101110101111010101101011010000100010000111011100001001110110100001011011010110000100011110100011010000000000000100001100110010111011000000000100000001001010111001
1011100000000001010000010100000011110110011001000010000001000010000101011011000001000001010101101110101111010000101011010000100010000111011100001001110110100001011011010110010100011111100011010000000000000100001000110010110011000000000100000001101010110001
1110000100111110010101101000101011001000000001011000001100111001100011010001000100110001111101110000011100000010101101101001010001010010110100100110111011110100101011111001101001100100011001110001110000100100000110001000010000110001111110010001111101000111
0001010100111010010101000011010110011000000010111010000001010101101010001000101000100001110000000001010000000000010000000001001101101010000000000100001010011010100000100000001011100000100100101011111110101011000000011000001110100010101010111011100101000100
1110010100100111010101100000101011001000100001001000001100111011100001000001000100110001110101110000011000000010111101111101000001010010110100100110111011100100100011101001101001100100011001110001110010101100000110001010010010110001111110000000110011000111
0010110001111011010001010100111110001001000101000000001100000101101010000100001111110011110100011000111110010010100100100101110101011000001000000100001011110110101010001111111001000100011100001011111000001000101110001000100100100100011000100010110001000111
0001010100110110010011000011010110011000100100111010000011111100111010001000101000000001110001000001010000000010010000000001001101101000000001000110001000010010110100100000000011100000110100101110111110101011000010011000001100100011101010111011110101000110
1010011101100001110101000100111011001010100101000000011100111111100000000000001100110100111001110100011100000010101101110001100001011010111100100110111011100100100111101001101000101100001101111011010010101000000100000010110110110001011110100000110011000111
0111011101111110000111000011111110011000100100111001001010111101111000000000101110101100110101000000010000100011101100101101001101111000100001101110001000010010111100101000001011100000110100001010111011101011000110001100001100111011011010011011111101000110
0110000101011010100111000010111110010000100101111101001110111101111010000110101110001100110101000000010000100010101100101010000101011000100001111010001001010010011100100000001011100000110100101111011010100001000110001110001100000001111011010010110111001110
0110011111011010000101000010111100011000100100111101001110111101111010000110101110001100100101000000010000100110101100101110001101011000100000111010001001010010011100101000001011100000101100101111001010101011000110001110001100010001101011010110010111001110
0110011111111110000111000010111100011000100100111101001110111101011000000100101110001100100101000000010000100011101100101110001101111000100000011010001001010010011000101000001001100000111100101111001010101011000110001110001100110001001110011110110111001110
0100011111111110001111000010111100001000100110111101101110011101011000000100111110111000100101000000010000101010101100101110001101111000100000010010001001010010111000101000001011100000011100001111111111101011000110001100000000111001101110011110010111001111
1111101110001110100011110000001001101111001000000010011000100000000101111111100101010011000011100111001101011100000111010000100000010100010101111001111010000101011011010111000100011100110011010000100000010100011000011110110101001000001101011101001010111110
0110011111011010001101000010111100001000100100111101001100111101101010000110111110011100100101000000000000100111101100101110001101011000100000110010001001010010001100101000001011100000001100100111011110100011000110001110000010010001100011010110010111001011
0011000000110001001000110111000110111011100011111011110101000010101100111100110100101010000010001001110000011000010000001011001110110010001000011101000110001011100100011111010011000000100000011010110011011010110000111000001101110010001010101010101100010000
0000111110010001111000001001011100110100100010010101000001101100011110001000011001101100001000011000100110100001000001101111110111001001000001001100011101011010100101000110011011111000001100101111011111110011101100110100101011010111110000110110000111001000
1010110100100010101100000001000010101110110010001111110001100011100100101000011001001100001000010100001100101001010011111011011011100010100101110010011111101100100101100000100000110100001011011011110101111111011000110000110011110111010100110010000101000000
1000010111111010001000011011011000011001000011110000000011010100001010000000101010000011101101011001000100110000101001000100011100100000000000001010010010010000011001001010000011011001101100101110111010001000000010111001101001110010110100011111001101001001
1010110110111111101000101010110000101000000001110010000000000101011110000000111101010000001000011000101100000000100001100001011011100010010101001000011011011000110001001110010011101000011011111011110110001000011010101001111101100111110100011111001101001001
1101000100011110110010100011011000011001000001110010110101001000001100111100100000010010010111000001010000001010101000000000010000000000010100101111011000010001111000100011000001101000110011011010100001001000000010111100001101110010010110011111101100010011
1111101011001111000011111111011001010000001101100110011001010100001001011111100011100001110111111010110001011111101010110000100000010111010100111011100000010001011010110011000100011100110101000100001001100000000110111111011100001000010111000111011010101111
1111001011111110110011110011011001011001000101110000111000000100001000110100101011000010010111101001010001011010101000000000100000000000010101101011010000010001011000000011000001001000110101001010101011001000001010101100101101100010010100011111101001001111
0110010011111111011011110010110100001001001110110100111100011101001000100110101010100010110110101001111011011110101100000100100100001100010000000001000001010010001010000001100001001001011100000010101010001000000010001110100000100000000000001111110111101101
0000011001111111001100101000110001001101100010010001011011111101000000000110011100100010010111100001010110000010101100000001100100011000110100000110110001111100101110000001101001101101011101001011011010011000000110001111111000100100010000100110100111000101
1010110100011010000101010010101000000000001101110101000001010101101100001110101111001100100101000000111001110101101110001111000101011100000000111100001001010001111001101010000001011000011100100111001000000101011110011110000100000010101101100010110111110100
1110111001111011000111010011010011001000001101110101000000010100101010100110101111111010100101100000101000110110101010000111000101101100110000110100001011110001011010101000100001011000011100000011011101001101011010011000100010100010101101000010010001110111
1100001101011110110110100000111011001101100000000101001010111101110011010111100011011010110010111011011100001110000111101110010000010100110100000010110001110100010001000001101001101010011101010001000000000001101100001111110000110000111100010000111111010110
1000001001000101100010000010110000100010100101110001000100001111011110000100101110011011110000001000000101000011100001001001010011100001000100111010011101000000010101001010001011111001101111001011011001001011110100100100101100011110010111100010111111001000
1100110000100111100110100101000000101010101001011111000001101011010110101111001100011010011000011000011100100100010001001110011011100111101101110110011101100100110001001000100010110001011011010011110100001111101000011100110101111111011110010000100101000110
0000011010100001011110000100110100010000100011001110100101001111010100100000011100111100000000011000010010100001010000101100110101001001101000010000000001101110100110001100111001100101001010001011010011011001110110000100001001010111000010000110000001001111
0000010010100001110110000101100100100000100101001111110101001011110100000000011100111100001000011000100110100001010000101111110101001001101000010000000000101110100110001100111001100101000010011011010011101001111010000100001000010111010011000110010001000011
1001101000111011100010011111000010110110010100100010110001001000111100101000100000011101001001001100110111111001000000101011101010100001001101011101010100010000111000001110010100011011100011011010100011111011110000111100101101000011001101111011101000000010
1110100000001110000010101100001011101111011001000101011010000010000111010011100001011001001010100111001101100100100101010000001010100100011100111011111100100100010010011000100110111110111011010000100000100100011000001111110111101000101101001001001000101010
1000100011000000101010111000110100100101100110000101110010111111011101110111110011111110100010011011100111111110010111001010110010010000000101001001010100001010010011001010010001001110101101110000101010000101110000000111110000101100010001101100011001001001
1000110001100001101110001100000001100110111010001001100000111010010011000110010001001111101000010100001101100100010011011010111010100111001101100010010101101101010001101110110110110101001001010001110010001111111000100111110001101110011111110000000101011000
0011010100110000000100001111001110111001011001101010100111010000001110001010001100000111111101000100010001010101101001000100001110101110101000111011000010000010001111110000000111110011100100100110011101011110010010010001001110011010100011001011110000111001
1110110010000101000000111100100001101000011001000000001000000011000111010011000001110001001000100110101110010110110111010000000001001101011100010000110011100100001011010011101000011100011011110101110000100100010100000011110010000101010101000101000011101011
1111000000000110010011101111000010010011011001111010011111000010101111111001100000010111010111000011010001001010101000000000011000100111101100111111000110000000011000111010000010111000110010010100100100000110000010110001011111111010111111011001101100110110
1011110110111010101010111111001001111110111110110111000001011000011100001110011011101010101011101001100110110101000011101011001110000100011101011001110000011001011101010111010001011000100101100110111001011101011000111101101000100010110100111110001100111000
1011110111100010001011111111011001111110111110100000000000101110011010001110110001001010101001100100000100110110100010110010001010100000011100111011111100001001011000100011000010011100100101111110111001011111011000111101111000100011110101101111001100111000
0101110000100101100010111101000110101010111000001010011001001010110111001111000001110111001010001001111110010000010110111001110010110100001101010101010100100111100110010110110000010100110011010000110010001101111000110101110101100110001001001001100100110010
1011110110111010101010111111001001111110111110100011000001111000011100001110111111101010101011100001100110110101100011101010001110000100011101111001110000011001011101010111010001011100100101100110111000011101011000011101101000100010110100111111011100111000
1111100111101010001011111110111001010110100111110010000010001100011011010100100011001011101101100110000000111010101010111000001000100001010100111010111100011001011010101011000110001011100101111100101000001011010010100101011000100011100110011101001001011000
1110100000000101000010010100100011100111111001000101001010001011110111010111100001011110000010100111101110110110100110111000001010110101011101111001111100100101010010011011111110001110110011110000100010000111011100000110110101000100101101001001001010110010
0111000010011010001110111111001101111001111001101111010111001000011101011111110100101110001111100011100000111000101001011010000100001110111000110001101000110110001011111001100001010111100010010000100000000101011010011101001001100010100001001100001000101011
0110010011111001001001101101000101111001101111011101011100001100001100001110011010101010100110101001100010100111101100101110010100011100111000010001100000111110001110011001100001100001100100000110111011001000010010111101101000010100100001001110010100100011
0110010011111011001101101100110101001000100011011111001100001001000011000100010000111010001100100000001100100011111100101010100001011010111100110010101001111100000010001001100001100001001011111011010011011000011010101101010001010101000011000100000101000011
1011000000011111000000110111000001111001001001110010000101000000001101111011100000100011010111101011010000011000101011100000100010000110011100001111100000010001011011110011000001011001110010010000100000000100010010111000011101110010000110001001101000110001
1100001010000001101100000100100000100010000110100100110100110111001101010110110110110010100001010110001100001100010001110110110011100001001101101010011101001000010001000111011000111001001011000001001011000110010100000010110000010101010111010100011111001000
1111000000000011000000111101000001011001001000000010011001100010100101111011100001110010000010101011101110011000010111110001100010010110011101001101110000000101110011010111010001011101100011010000100010010100100000111001111001100100001100101000001100110011
1010101100000000100000011010001001010111010000100000100010110110001000110010101001000110001111101111100010011101001010110000001000100101000101001001100101000001011100100110010100001110001000101110001000010010001100100011101000000000100100010010001011110000
1010111100001010000000111010001001010111010000100000100010110000001000100010101001000110000111100101100010011001101010010000001000100001010100001001110101010001011000100110010110001110100000100110001011011010000000001001101000000000100100010010000011010000
