635.000000 100.000000 0.505392 -0.220584
486.000000 134.000000 0.265043 -0.166730
489.000000 136.000000 0.269898 -0.163455
349.000000 148.000000 0.042170 -0.145401
351.000000 148.000000 0.045456 -0.145395
345.000000 151.000000 0.035603 -0.140525
349.000000 152.000000 0.042182 -0.138883
346.000000 155.000000 0.037258 -0.134000
352.000000 156.000000 0.047127 -0.132350
429.000000 157.000000 0.173152 -0.130171
348.000000 158.000000 0.040556 -0.129099
353.000000 159.000000 0.048782 -0.127451
350.000000 163.000000 0.043860 -0.120928
356.000000 163.000000 0.053729 -0.120909
350.000000 165.000000 0.043866 -0.117661
352.000000 169.000000 0.047168 -0.111116
354.000000 170.000000 0.050462 -0.109474
351.000000 179.000000 0.045550 -0.094751
353.000000 179.000000 0.048842 -0.094746
351.000000 182.000000 0.045557 -0.089836
353.000000 183.000000 0.048853 -0.088192
349.000000 188.000000 0.042276 -0.080004
351.000000 189.000000 0.045573 -0.078359
353.000000 189.000000 0.048867 -0.078355
352.000000 193.000000 0.047229 -0.071794
349.000000 197.000000 0.042293 -0.065233
351.000000 201.000000 0.045596 -0.058660
355.000000 202.000000 0.052189 -0.057010
349.000000 204.000000 0.042304 -0.053734
355.000000 204.000000 0.052193 -0.053724
351.000000 207.000000 0.045605 -0.048800
353.000000 210.000000 0.048906 -0.043866
356.000000 211.000000 0.053852 -0.042217
350.000000 212.000000 0.043963 -0.040581
355.000000 213.000000 0.052207 -0.038930
349.000000 215.000000 0.042318 -0.035648
353.000000 216.000000 0.048914 -0.033999
356.000000 218.000000 0.053861 -0.030706
349.000000 219.000000 0.042322 -0.029068
352.000000 224.000000 0.047273 -0.020838
354.000000 224.000000 0.050571 -0.020836
350.000000 227.000000 0.043977 -0.015902
354.000000 227.000000 0.050573 -0.015899
548.000000 227.000000 0.365226 -0.015433
551.000000 228.000000 0.370020 -0.013802
548.000000 230.000000 0.365236 -0.010568
583.000000 230.000000 0.421153 -0.010465
350.000000 232.000000 0.043980 -0.007671
352.000000 232.000000 0.047278 -0.007670
354.000000 232.000000 0.050576 -0.007669
579.000000 232.000000 0.414760 -0.007240
351.000000 235.000000 0.045631 -0.002732
356.000000 237.000000 0.053876 0.000562
362.000000 237.000000 0.063765 0.000564
418.000000 237.000000 0.155676 0.000599
420.000000 237.000000 0.158942 0.000601
350.000000 239.000000 0.043982 0.003854
360.000000 239.000000 0.060470 0.003856
390.000000 239.000000 0.109823 0.003866
552.000000 240.000000 0.371646 0.005659
352.000000 241.000000 0.047281 0.007147
418.000000 241.000000 0.155678 0.007162
559.000000 241.000000 0.382825 0.007292
575.000000 241.000000 0.408385 0.007321
567.000000 242.000000 0.395603 0.008926
351.000000 244.000000 0.045632 0.012086
358.000000 244.000000 0.057174 0.012086
356.000000 245.000000 0.053877 0.013732
393.000000 245.000000 0.114748 0.013729
516.000000 245.000000 0.314105 0.013740
359.000000 246.000000 0.058822 0.015378
417.000000 246.000000 0.154045 0.015367
571.000000 246.000000 0.402000 0.015411
573.000000 246.000000 0.405197 0.015414
524.000000 247.000000 0.326911 0.016996
548.000000 248.000000 0.365267 0.018631
565.000000 248.000000 0.392416 0.018644
359.000000 249.000000 0.058821 0.020317
371.000000 249.000000 0.078587 0.020313
419.000000 249.000000 0.157311 0.020290
552.000000 249.000000 0.371656 0.020255
379.000000 250.000000 0.091748 0.021954
558.000000 250.000000 0.381238 0.021880
562.000000 250.000000 0.387626 0.021883
353.000000 251.000000 0.048929 0.023611
395.000000 251.000000 0.118026 0.023589
357.000000 252.000000 0.055524 0.025256
359.000000 252.000000 0.058820 0.025255
384.000000 252.000000 0.099966 0.025241
555.000000 252.000000 0.376448 0.025122
574.000000 252.000000 0.406802 0.025132
585.000000 252.000000 0.424400 0.025143
372.000000 253.000000 0.080231 0.026893
542.000000 254.000000 0.355685 0.028366
565.000000 254.000000 0.392420 0.028367
352.000000 255.000000 0.047278 0.030196
381.000000 255.000000 0.095033 0.030176
549.000000 255.000000 0.366866 0.029987
577.000000 256.000000 0.411601 0.031611
350.000000 257.000000 0.043979 0.033490
354.000000 257.000000 0.050575 0.033487
371.000000 257.000000 0.078582 0.033475
373.000000 257.000000 0.081874 0.033473
582.000000 257.000000 0.419602 0.033233
359.000000 258.000000 0.058817 0.035130
380.000000 258.000000 0.093386 0.035110
552.000000 258.000000 0.371656 0.034852
557.000000 258.000000 0.379642 0.034850
571.000000 258.000000 0.402009 0.034848
356.000000 259.000000 0.053871 0.036778
384.000000 259.000000 0.099959 0.036750
395.000000 259.000000 0.118018 0.036735
372.000000 260.000000 0.080225 0.038408
397.000000 260.000000 0.121296 0.038375
561.000000 260.000000 0.386030 0.038090
539.000000 261.000000 0.350886 0.039732
550.000000 261.000000 0.368459 0.039719
559.000000 261.000000 0.382835 0.039712
576.000000 261.000000 0.410004 0.039707
584.000000 261.000000 0.422806 0.039710
372.000000 262.000000 0.080223 0.041698
420.000000 262.000000 0.158926 0.041615
554.000000 262.000000 0.374847 0.041337
564.000000 262.000000 0.390822 0.041330
581.000000 262.000000 0.418003 0.041327
351.000000 263.000000 0.045624 0.043365
402.000000 263.000000 0.129486 0.043293
415.000000 263.000000 0.150757 0.043266
570.000000 263.000000 0.400410 0.042947
585.000000 263.000000 0.424408 0.042947
575.000000 264.000000 0.408404 0.044566
589.000000 264.000000 0.430818 0.044568
394.000000 265.000000 0.116367 0.046594
417.000000 265.000000 0.154020 0.046543
352.000000 266.000000 0.047270 0.048301
553.000000 266.000000 0.373245 0.047825
578.000000 266.000000 0.413203 0.047803
359.000000 267.000000 0.058808 0.049939
534.000000 267.000000 0.342884 0.049483
558.000000 267.000000 0.381231 0.049440
565.000000 268.000000 0.392415 0.051052
384.000000 269.000000 0.099943 0.053186
417.000000 269.000000 0.154009 0.053103
531.000000 269.000000 0.338082 0.052738
573.000000 269.000000 0.405203 0.052664
389.000000 270.000000 0.108152 0.054818
392.000000 270.000000 0.113075 0.054811
397.000000 270.000000 0.121276 0.054799
554.000000 270.000000 0.374836 0.054310
395.000000 271.000000 0.117994 0.056446
400.000000 271.000000 0.126190 0.056433
560.000000 271.000000 0.384421 0.055920
362.000000 272.000000 0.063744 0.058158
562.000000 272.000000 0.387615 0.057538
572.000000 272.000000 0.403601 0.057524
352.000000 273.000000 0.047263 0.059816
371.000000 273.000000 0.078559 0.059786
417.000000 273.000000 0.153997 0.059662
528.000000 273.000000 0.333272 0.059244
555.000000 273.000000 0.376428 0.059172
364.000000 274.000000 0.067034 0.061443
367.000000 274.000000 0.071974 0.061438
374.000000 274.000000 0.083493 0.061424
410.000000 274.000000 0.142552 0.061326
421.000000 274.000000 0.160524 0.061288
369.000000 275.000000 0.075264 0.063077
531.000000 275.000000 0.338064 0.062483
554.000000 275.000000 0.374826 0.062416
562.000000 275.000000 0.387610 0.062399
359.000000 276.000000 0.058795 0.064740
556.000000 276.000000 0.378019 0.064033
568.000000 276.000000 0.397199 0.064008
575.000000 276.000000 0.408395 0.063998
577.000000 276.000000 0.411596 0.063996
360.000000 279.000000 0.060437 0.069669
530.000000 279.000000 0.336451 0.068983
352.000000 280.000000 0.047253 0.071326
564.000000 281.000000 0.390794 0.072117
575.000000 281.000000 0.408388 0.072095
577.000000 282.000000 0.411588 0.073711
539.000000 283.000000 0.350827 0.075440
572.000000 283.000000 0.403584 0.075339
352.000000 284.000000 0.047247 0.077900
528.000000 284.000000 0.333230 0.077111
532.000000 284.000000 0.339629 0.077093
572.000000 285.000000 0.403580 0.078578
569.000000 286.000000 0.398778 0.080204
577.000000 286.000000 0.411581 0.080187
353.000000 289.000000 0.048886 0.086112
515.000000 289.000000 0.312387 0.085300
578.000000 289.000000 0.413177 0.085042
358.000000 290.000000 0.057121 0.087744
471.000000 291.000000 0.241610 0.088829
581.000000 292.000000 0.417979 0.089893
356.000000 293.000000 0.053820 0.092673
523.000000 293.000000 0.325179 0.091752
215.000000 305.000000 -0.177869 0.111981
211.000000 306.000000 -0.184374 0.113585
206.000000 307.000000 -0.192499 0.115180
222.000000 307.000000 -0.166446 0.115298
432.000000 309.000000 0.178253 0.118485
221.000000 310.000000 -0.168056 0.120191
360.000000 310.000000 0.060358 0.120535
435.000000 310.000000 0.183126 0.120093
433.000000 311.000000 0.179865 0.121741
221.000000 312.000000 -0.168041 0.123457
361.000000 313.000000 0.061993 0.125443
221.000000 314.000000 -0.168025 0.126722
213.000000 316.000000 -0.181041 0.129922
361.000000 316.000000 0.061983 0.130353
220.000000 317.000000 -0.169632 0.131611
357.000000 320.000000 0.055390 0.136909
352.000000 321.000000 0.047161 0.138560
353.000000 323.000000 0.048801 0.141827
355.000000 323.000000 0.052090 0.141820
358.000000 324.000000 0.057020 0.143444
146.000000 325.000000 -0.289330 0.143934
353.000000 325.000000 0.048794 0.145095
167.000000 340.000000 -0.255338 0.168499
246.000000 343.000000 -0.126972 0.174191
252.000000 344.000000 -0.117150 0.175866
223.000000 372.000000 -0.164202 0.221014
230.000000 373.000000 -0.152795 0.222709
214.000000 380.000000 -0.178741 0.233843
206.000000 381.000000 -0.191718 0.235361
212.000000 382.000000 -0.181966 0.237050
213.000000 387.000000 -0.180281 0.245135
219.000000 389.000000 -0.170510 0.248435
482.000000 418.000000 0.257906 0.294403
490.000000 420.000000 0.270793 0.297532
543.000000 421.000000 0.356323 0.298756
481.000000 426.000000 0.256199 0.307297
489.000000 429.000000 0.269083 0.312043
514.000000 429.000000 0.309437 0.311825
518.000000 430.000000 0.315890 0.313414
609.000000 430.000000 0.464353 0.314155
618.000000 433.000000 0.479495 0.319395
484.000000 435.000000 0.260949 0.321759
523.000000 437.000000 0.323936 0.324705
595.000000 441.000000 0.441416 0.331848
617.000000 441.000000 0.478127 0.332580
592.000000 446.000000 0.436579 0.339988
515.000000 447.000000 0.310961 0.340909
520.000000 447.000000 0.319053 0.340895
610.000000 447.000000 0.466606 0.342230
517.000000 448.000000 0.314195 0.342521
526.000000 448.000000 0.328769 0.342508
615.000000 451.000000 0.475194 0.349081
523.000000 454.000000 0.323907 0.352235
538.000000 457.000000 0.348270 0.357155
546.000000 457.000000 0.361293 0.357214
411.000000 462.000000 0.142502 0.365873
559.000000 463.000000 0.382609 0.367185
424.000000 467.000000 0.163546 0.373788
580.000000 474.000000 0.417530 0.385846
582.000000 475.000000 0.420893 0.387578
