1011000000100101100000011111000010010010001000100010100001100000001010111000100000100011011101000000110000010001001001110000100000000111001101111001010110000000011101110011000000011101100001011010100011001110000000110001101111100011000100111011101100100100
1011000000111111000001111111000010010010001000100010100001100000001000011000100000100111011111000101110000010000101000110001101000100111001100111101010110010000011000110110000000011000110000011010100010001010000010111001101110100010000101011011101100100110
1001101001000001111001111011011000010010100010110011000001101110111000011000111001101000011001000010110000110010001011110011000000000011000101101111010100001011111100000011010000001100110100011010000110100011001000110000101101000011110100111010101110010100
1011101101100001111000011011011010010010100010100011100001101010111000001000110001100000011011000000110010111011001011111011000000100011000101101111011110001001111100000011000000001100100101111010000100101011001000110001101111000011110100111010101100010000
1011100001001100111001111011011001010010100110100111000000111101111000001000111001000000111101000100110000110011001010110001001000100011000001101101100100011001111101100111000100001100110100001010001110101011000000101001101000000011000100111010101101010100
1011100011011010011001111011011001010110100110100001000011011100011000011000111011000100111101100100100000110010101011110100001101000011010000101101101100011001111001100110010100001000100100001010001110100011001010001101001010000011001100111110111101010100
0011010101111110011100111011011100011100100111111001000010011101011000001000111111000101111101000000100001110010101011100101000110001010100000000100001000011011101011100101010001000010110100001010001100111001001010001001001000100011000010101010110101010001
0010010101111011011000110111111110011000100011101000010011011101101000001000111011100000101111000000100001111000101001101111000101011010101000000100001010011011101111000001000001000000101100101011111110111001000010001000001010101010100010101010110101000001
0011010101110111011100100111011100011000100011111011000001011101111000001000111000100100111101000000010001110000111101100101100101001010101000000110001000011010100111100001000001100001110100001010001100111001001010001000001110100011000010101010110111000001
0011011101110011011100100111111110011000100011111011010001011101101000001000111000100000111101000000000001110000111001101111100100001010001000000110001000011010100111100001000001100001101100001011111100111001000110001000001010101011000010101010110101000101
0011010001111111111100101111110100011010100011111111000000011101011000000000111000100000111001000000010000100010010101100001101101001010101001100110001000011010100000100001000001100001110100101010001100101011001010001000001010100011010010111010110111000100
0001011001111011011110001111110110011010100011111111010001011101111010000000111000100000111001000000000000101010111000101011101100111010001000100110001000011010100100100001000001100001100100001011111100101011000110001001001010100011010010101010100101000000
0001010000111011011100000111110110011000100011101111000001011101101010001100111000100100100001000001000000110000110101101011100101101010001000000110001000011010100101100001001011100001100100001011111100101011000010001001001000100010000010101010100100000000
0010011001110011111011101011110110011000100011111001010000111101111000000000111010000100111001000000010000100011111001101011101100101010001001101110001000011010110101100011001011101001111100001011001110101011000110001000001010100011010010111010110101000100
0001010001111011011100001010110110011000100011111101000011111101101010001000111000101000100111000000000000101010001001101011001101111010000000000110001001011010101101100001000011100000001100001011111111101011000010001000001010100011100010111010110101000000
0011011101110010011101101011111100011000100011111111000011011111011010001000111000100000111101000000000000100011111101101011001100101010100000100110001000001010100101100000000001100000110100101010001110101011000110001001001010100011010010111010110111000100
0001011101110010011100001011011110011010100011111011100011011111111000001000111000100000111101000000000000101011111001101011001100101010100000100110001000001010100101100000000001100000100100001011011101101011000110001000001010101011000010111010110101000000
0001011101110010011101101011011110011010100011111111100001111101111000001000111010000100111101000000000000100001101001101111001100101010000001101110001000011010110101100000000001100000100100101010001110101011000110011000001010101011000010111010110111000100
0001011101111010011100000011011110011000100010111111100001011101101010101000111000100000101111000000000000101000001001101011001100111010000000000110001000011010110101100001000011100000100100001010111111101011000010011000001010101010100010111010110101000000
0011010101011010011101101011011100011000100011111111000011111101011000001000111010000100111101000000010001100000101001101111101101001010100001101111001000011010111001100000000001100000100100101010001100101011000010011001001010000011010010111010110101000100
0001011101111010011101101011011110011000100010111011010001111101111000001000111000100100111101000000000000100011001001101011001100101010100000100110001000011010101001100001000001100000100100001010001100101011000010011001001010101011000010111010110101000101
0001010101111010011100101011011110011000100010111011010001111101101000001000111000100000111111000000000000101010001000101011001100101010000000000110001000011010100001100001000011100000100100001010111111101001000010011001001010101011000010111010110100000001
0011010101111011011100001011011100011000100011111111000001111101011010001000111010100100111101000000000001100000101001101111101101001010100000101110001010011010110001100000000001100000100100101010001110101001000010001001001010100011010010111010110101000000
0001010101111011011100001011111110011000100010111111010011011101101000001000111000100000101111000000000000101000001000101011001101101010000000000110000000011010110000100001000011000000100100001010111110101011000010001001001010100011100010111010110101000001
0011010101111011011100001011011100011000100011111011000001111101001010001000111000100100111101000000000001100010111001101011101101001010100000100111001010011010101001100000000001100000110100101010001110101011000010001000001010100011010010111010110101000101
0001010101111011011100101011111110111000100010111011000001111101101000001000111000100100101101000000000000100010001001101011101111101010000000100110001000011010100001100000000001100000100100001010111110101011000010001001001010100011000010111010110101000001
0011010101011011011101101011011110011000100010111011000001111101011010001000111000000100111101000000010000100010111001101011001101101010100001101110001000011010101001100000000011100000100100101010001110101011000010001001001010100011100010111010110101000101
0001010101111011011000001011111110011000100010111011000001111101101010001000111000100100101111000000010000100010011000101011001101101010000000000110000010011010100100100011000011000000100100001011111110101011000010001001001010100011101010111010100101000001
0011010101111011011101101011011110011000100010111001000011111101111000001000111010100100111101000000010000110000101001101111001101101010000000101110001010011010110101100000000001100000101100101010001110101011000010011001001010100011010010111010110101000101
0001010101111010011101001011011110011000100110111011000011011101111000001000111010100100111101000000000000100000101001101111001101101010000000000110000010011010111001100001000001000000100100101010111110101011000010011000001010100011000010111010110101000100
0001010101111010011000001011011110011000100010111011000011011101101010001000111000100000101100000000000000100000001000101011001101101000000000000100000010011010111000000000000011000000101100101011111110101011000010011000001010100011100010111010100101000000
0011010101011010011101000011011110011000100010111011000011111101001010001000111000100100111101000000010000100000101001100101001101001010100001100110001010011010101001100000001011100000100100101010001110101011000010011001001010100011100010111010110101000100
0001010101111010001100001011111110011000100010111011000001011101101010001000111000100000111101000000000000100010001000101111001101101010000000000100000010011010101101100001000011000000100100001010111110101011000010001000001010100011100010111010110101000101
0001010101111010001101001011011110011000100011111011000001111101101010001000111010000100111101000000010000100010111001100001001101101010100000101110001010011010110001100000000001100000100100101011111110101010000010001000001010100011100010111010110101000101
0001010101011110101101001011011110011000100011111011000001111101001010001000111000000100111101000000010000100010001001100101011101001010100001100111001010011010101000100000000011100000100100101010111110101011000010001000001110100011000010111010110101000100
0001010101111011000101001011111110011000100010111011000001010101101010001000111000100101111001000000010000100010001000101011001101111010000000010110001010011010100100100000001011100000100100001011111110101011000010001000001110100011101010111010110101000100
0001010101111010101101001011111110011000100110111101000011111101101010001000111110100000111101000000010000100010011100101111001101101010000001110110001010011010110100100000001001100000111100101011111110101010000110001000001110100011001010111010110101000101
0001011101111010101101001011111110011000100110111000000011111101111010000000111110100100111101000000010000100010001000101111001101101000100000110110001010011010100100100000001011100000100100101111111110101010000110001001001110110011001011111010010101000110
0000010101111010000101001011111110011000100100111000000110110101101010000000111110100101111100000000010000100010011000101111001101111000100000110110001010011010100100100000001011100000100100001011111111101011010010001001001110110011101011111010010101000110
0001011101111010001101001011111110011000100110111001000100111101111110001000111110100101111101000000010000100010111100101111001101111000100001010110001000011010100100100000001011100000110100101111011110101010010110001000001110110011001011111010110111000100
0001010100110010000101001011111110011000100110111101000110111101101110001000111110110100111101000000010000100001111100101111001101101000100000110110001010011010100100100000001001100000110010101011001110101011010110011000001110110011111010111010110111000100
0100010101110010010111000000010110001000001100011100000100010101111010000000101110110101111000001000011000000110010000101110011101101100100000000010001011110110000100100000100011110000001100100111111000001110100000001000000000110011101001011011010101001110
0100010011110010110110000000010110001000001100001100000100010111011010000011001110100101111000001000011000000110010000101100001111101100100000000010001011100110000100000000100011110000001100100111111000101110000000001110000000110111111010010011110101101110
0100000001000100010000010100000110100100011000001010001101011010100001010011000010000001101000001010101000110110010101000100000110011111001000000000000110100010000001010110110000010101011100010000001100110101100000110011010011010001001010000001101010110010
0101001001000100011000011100010110110100111010001010101101001110000101011011000000000000001000001010101010110111010100000000000110011101001000000001000111100010000100010110010000010101011100000000001100110001110100110010000011010101001000000001100010111000
0001010100111110101100001011111100111000100010111011000111101101011110001000111100010100001000010000010100100011010100100101011111101000100001110110001010011010100100000000001011100000110110101011000110101011011110001000001111110011111010111010100111000000
0100010111110010110111000001000110001000001100001000000110110010110010000001001110000101111000011000011000000110010101101111011101101100100001000011001010100110000101110000100011110000001000100000111000001110100000011000000010110111111011011001010100100110
0001011001000100100111000000110110010000100000101010100101111111000000101100001100000001110000000000010000100001010010000001000101001011100001100110000101100010100100100000001000110000011100001011011101100001000100010100001110010011000010000011100011011110
0100000101110000110111000000100110001010001100011000000000110011110011010001000010000101111000010000011000000010010101101110011101101110100001000011001110100110000101110000101011110000001000110000110110001110101000000000000000110111110011011001010100100110
0100010011000100111111001000010100010010001010001000001101110110010010010011001010000100111000011010001000100110010101100100011101101110100001000011001111100110000101010000100010100000011100100100111100100010101000100111000000010101110010010101110100101100
1100000001000100010010011100100011100110001000101000001101010011110001010011000010000101101001001110011000110110010101010100000011010111011101000000100101100000000001111100111100000001011101010001001100110111100100100111010001010001001110010001111010110010
0000011100110010100011001001111110111000100110011101000010101111101100000000111110010100011000010000000100100011010100101011011001100000100101111110011000001110110100000000001011100000100011101011010110101011111100001000101101110111010011111010000101000100
1000010100100010100111000000101010001010100000011100000010110011100011100000100011110001110000010000011100100010010001101111011001110000100101110110011011101110100000100000101011100000101011111011110110101111111000001000010110110111110111111000011101000110
0100100011000100111111001000110100010011001010001110001001110110010011010011000011000101111000011010011000000110010111100100011101101111100001000011001111100110000101110000111010110000001100100100101010100110101000000110010000010101111010010101110100101100
0101010011100100010101001011010100010010000100111101101100110110101010100100111110010110111001000100010000100011010100001110001100101001100000101111000100000011100100100000000110100000110100001010011101001010000000010101001010011001000010011110111100110110
0100010011100000011101001011010100010010000110101101101100110111101010100100111110011110101001001100010000100011000100001111001100111001100000010111000100010011110100100000000110100000110100001010011101001010000000000101001010011001001010011110110100110110
0000111100111010101001000001111110111000100010010001000010101101111100001000111111010100001000010000000110100001000100100111011101101000000001111110011000011110110000000010101011101000111010101011001110101011111100001000101111110111111000111010100111010100
1000110100100010100111000000101010001110000000011000000010110011100011100100100111110001110000010000011100100000010011101111011001100010100101110010011111100101010001100000101010110000001011110011110110101111101000000000010100110111110111111000010101010110
1000110100110010100111001001001010001110100000010000000010101011100010100000111111110001111000010000010100101000000010101111011001111000100101110110011010101101110000100000101010101100001011111011110111101111011000011000110110111111111101111010010101010110
0110000011100100011101001010110100000110010110111101101100110111001010110010110110010110101011001110000001100111101100010110001100100001100001101011001110001010010100100000000110100010110100000010101101101010000000000011000010011001011010011110011101001110
0100000011111000011101001010110100000110010110111101101100110101101010110110111110010110101010001100000001100011001100000110001100111001100000000011000110011010110100000000000110100010111100001010101101001010000010000011000010111001001010011110011101010010
1100011101000100011010010010110001100110001000111101001111010111000001000111000010001100100101101110011001110111001111010100000011011111010101000000100101100000000001101100111100000011011101000001011101110101100100100110010010010001001110010101110011011000
0001100101011110111000010011111100111100100010111011000001101101011110001000111101000100001100011000110010100010010100100001011111101000000001010100000000011011101000000000010011000000110100101011011110100011111010101100001111000101111000110110100101000001
1011010101101010101010010011011010110111110110110010100110101111111110101100111100000111000001011101110101010010000000011001001011100001000101001100010100011000111100001110011110001010100101101110111000001010010000100000101101111010111100111010101101000000
1011000100101010110110011011101010100110110100100010100110101011111111001000100110010101001001010100100101010010100000011101001011100001100101101111011110011000111000001000000110001110100011111110100100101111010000001001111100111011111101111010011100000010
1010110100100000100101000000101011001110000100011101000010110011100011000101000111110111110001000100011000100010010011011111011001100010110101110010111110100101000100110000101110110100001001110101110110101101001000000001010100100011111011111000010100010110
1010000100111010110110011010101011101110110000100000100110101001111111010000100110010101011101000100100101110000101001011101001011100000110101100111011100010100011001011000101110111110100011110110100100101111011000001001110010111011111101111001011100000010
0100011110000100100111000100101100000110011100001101001110110011010010000111011010010100111001100110011110000111110111110110010101001111101001110010110111100111000111100000101110100111001001110101010101110101000100000110110000010101110001000101010011011111
0011110100010110101000011001111100111100100110101101000011101101001110001000111111010100001000011000110111110001010100100001011111101000000000011100010000011011110100000110011001000000110110101011001110111010111010101000101111000111111000100110100111000001
0010111100110010100011001001101110001100110100000101100010101111101100000000111111110100011000000000110110100001110110101111011000111000100101111110011000001111110110000010100011101100101011001011110110111010011100011000101110101111010001101010000101000110
0110000100011110010110101000101011101100111011011000000111111000010111011001000100001001011110110110001001100100101001001100011111101110110000110011101001110100001001110000101111110010011010110100100100100111011010001111010101111001111111011001101100101001
0000011111010110111110100000011110111001101110011000000111111111010110101010001110000011100010001001001001001100010001001100011110111010100001000010000001111110000001100000111011110011001100101111011101011011110110111110001000011110110010110011010111001001
1010110110100000100111000001001011000110011100001100000010110011100011000100000111110111110101100101011100100000101000011111000001100011110101110010111101100101010010110000101010110110001011110111110110111111001000010000010110100010110111111000011001000111
0011010101111010000010010010111110011101110000110011000111101101111110101100101010001111010101011101110011010000101100001111001111101000000000001100000000011010111000000110011111001010100100101111111000011011001010101100101101111010101000111010100101000111
0011110101111111111000011101111100111100110110000001000000001101011110001000111100010100001000010000100110110011110100101011011111101000001001010100011000011110101000000110011001000000110110101111001110111010011100101000101011100111010000101010100111000000
1001110100100010100011001001101011001100111001011111000011001011110001001001000001101100001000110000011101100000010101101011010001000110010100101110111001100100100011011010101001110110011011110101110100101101101000101100110101111111111111101000101000000111
0000110101111010101011010000111110011101100001000101000010001101111010000100111001111110000100011000110110000010011110001011010101101000000000010100010000011110101010001010011011000110100110101111111000001001101010101100101101111111111000101010100101000111
1101000100000000100011101001001111010010101000011111001111101010110001011011010000101100001000110010011100100100010100101011010001010111110101101111111100100000110010111011000000110010010011110101010100100101001000110110011101010101111111010000101000110110
0011110001011110011000011011111100111100100110110101000000001101001110001000111110010100001000011000100111110000110000100001001111101000001001001100000010011010110001000110010011000000110110101111001110111010111010101000101111000101110000110110100111000001
0010110000110010011010011101111110111100110111000101000010001101101100001000111110010100001000010000100110100001110100101111011111101000001000111100011000011110110001000110010001101100111010101111001100111010011100001000101111111111010000101010100111000001
1010110100100000100111000100001011100010111101001101000000111010110011000101000110011110100101110101001100100100111001011111011001100011111101100010111101100101010011110000101110110111001011110001110100011101011000010000010010100011110111111000011001000011
1010110111100001101011011100111001100010000110000101000000101111110111000000010111111100101001111100101110110010000110111011010011010001011101001010110101101100110110001011101000001100001111111101110100101001011100100100110000100001011100111100010001000010
1011100111000001101011011110111001110010000110000111001100101011110011010001010011111100101001110110001000100010000110111011110001010001011101101010111101101000110100011011001000001100100111111101110100100001010100100110110000000001010100110100011000010010
0101000111000001101000000011011100110110100010111111111000101010111001111111110000001010000010011111000000101011010100101010111000110111000001001001000100001010110000011111010000000000100100111100100001010011100000100110001001110000011110011100001100100000
1010110000110010110111001101001010101110110001000101000010101011111100001000111110110000001000010000000110101000100000111111011011111000101101101110011000101110110010000000100010111100101011011111110101111111011000011000111010111111110101101010010101000010
0000110111110011101010010110111100101001100110110101000000011101111010000100111111111110100000011001100010110010000110001111001111101000001000000000000001011011110100000110011011001001001100101111111000001011110010001100101000100110100000100110010101010000
0000110011111011101110010110110100101001000110111101000100011101111110100100111110111110100000001001100010110010000011001111001111101000001001000000000001011111100101000100111011000001001100101111111000001011110000001100101000100110100000100110010101010000
1011100110000010101000110000100001111111010010000111000110100011110111011101110101011110000010000111100111101010110000010011011010110010000101111011111100001101010000011110011110101110100011111000100100110010011100100000110001101110110101111100001110011000
1111000110000000101001100000100001110111011011000111000110100010000111011101110100011110000010000111100111100000110010010010011000110001110101111011111100001101010000011010001110101110100011110000100100110110011100000100110001101110110101011100001010111010
0010010010111011001100011100100100101111110010000001000101111111010110001100011110101100101101001000101010110001100001101111001111101010101000000000001001101111001111000100111011010100001100101111111100001111011000011100101001100011100000100110010101011000
1101000110000000101101100010101001000011011111101111000110111010000011010001110000010100101111100111001101101100001011010010011000100111110101101011110100001001010011110000001110111111100011110100100100110110000100000110010000011000100111011100011010111100
1010001110100010101000110010000001101111010011000000000110100010000111010000100100011000001011100101101110101010100001010010011011100001010101101010111101001001011011001010001110111110001011110101000000111110011100010000110001101110110101110100001001011000
0010110001110010111000111101110110111100110011000101000010001111111100000000111011010100001000011000100110100011110001101011011011100000001100001100010000001010110101000110010001001100101111101110001100101011011100101000101011100111010000101010000111000000
0001011110011010001100110011001101111100001010111111110111110000000000101101011101000000001101100000101001111101001011100111000111001110110000000000100001111101001011110001100101010010001100000001011111110100110010111100001001001011000000110100000100111001
1100000110001010101101100110101001100011011011100001000110110010000011010001110000010000101101100110001101101100101011110000011011100111111101101010111101001101011011110001100110111111101011110100000100110110000000000010110000011011110111010101011001011000
1101001111001010001000110010100001100001001010111111000111010000000001111011110010000100101111001111001001011100011011100110001110100111010101000001000101111000010001110100011110010011001100100100101000110110110110100110010000011000100110011100011010111000
1010110000100011101100000101001011101010110010000110000011101011100110101000111001110000000011010100001110101000100011111011011011100010111101101110111111101100110011100010100010111100001011011011110101101111001000111001110011100110110100101010000001000000
1011110010100011111100000101001011101010111010000111000011111011110111001000110001100010000001110101001100100000100011011011011011100011111101101110111111101100110011110010100110111110001011110011110100101111001000110000110011100010110110111000001001000000
0011110110100000001000001101001100110100011001001010000011000010000010001000000001000100001100100100000110100101110011110010010011100111001000101011111100001110000111010110010110110110100000110110110011111110101010110001001001000111110010001110000000101001
1101000110001010101100101011001001101010001010111111000111110000000001011011000000000000101101101110001001000100001011110100001010000110110101000011100001111001010001110001100100010011001001110101000001110100110010111011010000011011100110010100011000111001
1011111000111010111000011101001010101110110010000010110011101011101100001000111001110000001000010000100110101000100011111011011110101010001101101110011010111101111011000010100010101100101011011111110101101011001000111000101011101111110100101010000100010000
0001100100000001101000011101001100110010001011100010100001000010001011011001100001000100001011000110000110000101010011110000010000100111001101101011011100000010010111010110000110111110100001110110110000110110001000110001101001100111110000101010001000110000
1001000110100001101000001101001000010010001011100010100101000010001001011010100001100100001011000000000101000001110011110000110000000111001100101011011100001010010111110010000100111010100001111110110000111100000000110001011001100111010110001110001000110000
0011110001011010011000010001010110111100110010001011000001001101001000001000111001000100011100011000100011110000010011101011001111001010001000000101000000011011101001000110010001000100100100101110001110101010101010101000101011000111001000101010100111010001
0001100100000001000000011111001100110110001001100010110001000010001100011000100001100110001110011001100100010001111011000000100000000111000100001001010100000010010110010111010000011001100011011010100000001010111010110001001001100110000010001010001000100000
1011100100001000101000011011001011110101101000110010000011101000110011011001010001000100001101110110000001110001001011111011100011000111010101101111101110011001111101110010000110011010100000111000110110110100001010110001011011000011110110111000001000110000
1001000100010011000000011111001000110010001001110010110001000010001001011000100001100110001011001011000000010000100010000000110000000111000000001011010100010011011000010111010000011001100000011000100000000010100000110001101001100010000110001010001000100000
1011100100111010101000111011000000111111001000110010000010100000011010111000100001000010001011010001100100110000000011000000001000100110000101101011010100011001011001010110000011011001100101111110100110001011001000111001101011100010110100111110001100110000
1011000000001011100000111111001000011010001001110010100001100010001011011010100001000100001011000111000101011000000010110000101000100111001101101011010100010001011001110010000110011100100001110010100000111010000000111001111001101010010100011010001000110000
0011110000110010011000111111000110011100110010100011000011001111101000001000111001000100011000011000100110110001110011101011001001101010001000001101010010001011110011000110010001001100100100101110001100101011001010111000101011100111000000101010100101010001
1011100100001000101000011011001011110111100010110011000011101000010011011000110001100100001101100110000000110000101011111011000011000011010101101111111110011001111111110010000110011010100001111100110110110000001010110000011011000011101110111000001000010001
1011100100111010100000111011000000011100001000110010110010100000011011111000100001000010001111001001100000111000101010000000001000100110010001001001000000010001011000010011000011011011100100010010101110001011000010111001101011101010100100011010001100111001
1001000100000011100000101111001001110011011001100010010101100010000011011011100000100110001111100111000100000000101011010000100000000111011101101011110100000001011011110011000000111101100001010000100000010000010000110011111001110000010110001000001000110001
1011110001100010001000011111001010111010110010100010000011101110101010101000110001100000001111100101000100110000101011111011000001100010001100101110111110001001111010100011000010011100100101111010111100101011000000110000111011100010100100101010101000010001
0011100101011010011001010011010110011100100010110011000001011101111010001000111001000100011001000000110011110010000011101001100101001010000001001100000010011011101000100110011001001000100100101010011110100001100000111000001001000011001000111010100101010100
0011110001111011011000111111010110011100110011110011000001011101111000001000111001000101111101000000110010110010101011101011101101001010001000001101001010011011101000100110010001001000100100101010001110101011000000101000101011100011001000101010100101010100
0011110001111011011000011111110110011110110011100010010001011101111000001000111001100001001101000000110010110010101010101011001101100010001000101100001010011011111100100010000011001100100100001010111100101011001000001000101010101011001000101010101101010000
1011110000111011011000011111111011011010110011100011000001001101101010001000111001000000001111100100100000110000101011111011001001100010011000101101101010011001111111100011000010001100100100101010111100101011001010101000101011100011101100101010101000000000
0011010001111011011001010011010110011100100011110001000010011101111010001000111011000100111101000000110001110010101001101001101101001010001000101101001000011011111001100110010001001000100100101010111100111011000010001000001010100011001010101010110101010001
0011010001111011011001111111110110011100110011100001000000011101111000000000111011100100111101000000110000110010101001101011001001100010001000101100001010011011111001100110010001001100100100001010101100111011000010101000001010100011001010101010110101010101
0011010001111110011101011011110110011100100011110011000011011101011010001000111011000100111101000000010001110000101011101101101101001010000000100110001000011011101001100100010001001000100100101010111110101011000010001000001010100011001010101010110101010100
0011010001111010011100011110110110011000110011111011010001011101101010000000111000100100101101000000000000110010111001101011001101101010001000000100000010011010101110100000001011000001100100001011111110101000000010001000001010100011101010101010100101000001
0010010001110011011100000111110110011000100011111001000000011101101010000000111010100100111101000000010000100010111101101111001101101010001000001110001010011010110111100000001001100001101100101011111100101010000010001000001010100011000010101010110101000001
1010110001111011000011111110110011001001100101100101010100011101111000100100111111111010100111101001110001110010101110011111100000010000011100011101110000011001111000101011000001001001101101001010101000001001000010001101101100100010000100101010111001010111
0001010001111011011000001011110110011000100011111011000001011101101010001000111000000100001001000000000000100010011000101011001101101000000000000100000010011010100100000000001011000000100100101011111110101011000010001001001010100011100010111010100101000000
1010010001111011001111110010110001001001100101100101010100011101111000000100011110111010100111100001101010111010101100001111000100001000110000010000101001111101001010101001101001001001001110001011111000101001000010001100100000100010000101100110010001000011
1011100100011010010001111011001010111001000101110010000000100000101111011000100101110001011111010011000100010000101000000001000000100000000100111111011010010000111000011010000011101000110011111110100000000000011010011001101101100010111101111011101100100110
1011100100111010010000111011011010111001000001110010010001100100101101111100100101100011010111011001110000011000101000001001000010100010010100001101000010010000111000000010000001001000110110011010100000001000011010101001111101101010011100111010101100000011
1110000101111110010101101010001011001001001001111000000100111000100011010001100110100001111111110011011000001100101101100101001000100110110100101111001010110000011001110001100001110000111001110000100110101100000010011001010010110010111111111001111100100111
1010000100111110010101101010101011001000001001010000001100110001100011010001100100110001111111110000011100001000101101101101000000010110110100100111111010110100111011111001101001111000011001110000100100111100000010001001010010110010111111111001111100000111
1010000100111110010101101000101011001000000101011000001100111001100011010001000100110001111101110000011100000000101101111001010001010010110100100110111011110100101011111001101001100100011011110001110110101100000110001000010010110001111111011000111101000111
0001010111111010011000001011110110011000000010111010000011010101101010101000111000100000110000000000010000000000000001101111001101101010000000000100000010011010100100100000001011000000100100101111111110101010000010001000001010100011100010111010100101000000
1001100000000001011000010100000001100110011010000010000001000010000001011011000001000000000001101110101111010000000011010000100000000111011100001000110110100101011011010110110100011111000011010000000000000100111000100010110011000100000100000000001000111001
1110010101100011110101100000101011001000100001001000001100111011100001000001000100100001111101110000011000000010101101111001000001010011110101100110101011100100100011100001101000100100011101110001110010101100000110000010010010110001011110010000110011000111
0001010000111010011000000011010110011000000010111010000011010101101010001000111000100101110000000001010000000000000000100001001101101010000000000100000010011010100100100000001011000000100100101111111110101011000010011000001110100011100010111011100101000100
1011101000000001011000110111000001110110011000100010110001000010000101011011000001000001000101101110101111010001001011010000100010000111011100001001110110000001011010010110010100011110100011010000000100000100001100110000111011001000000100000001001010111001
0110100011111110001010111011010100111000001111110001100000001100011100101010111110000000001110011000100010110110101000000100001110101100001000011001000010010010011000000110010001011000110100100110101100001011110010111101101111111110100000001111001100101001
1010011101100001110101000100111011001010100001000000011100111111100000000000001100110100111001110100011100000010101101110001110001011010111101101110111011100100110111101001101000101100011101011011010010111000000100000010110000110001011110100010110011000111
0001010100111010010001000011010110011000000010111010000011010100101010001000101000000001010000000000010000000000010000100001001101101010000000000100000010011010100100100000000011000000100100101011111110101011000010011000001110100011101010111011100101000100
1110010010100001100101001101000011001011011001000100000100100010100111000101000110110111110010110101011100100100100000010110010000010100111101110010111000100100000110010001100000111101001011110011110100001101011000010001110100110110110101001001010000101111
0001010101111110000111001011111110011000100100111011101010111101111010000000101110101101110101000000010000100010001100100001001101111000100000000110001000010010111000101000001011100000110100001010111111101011000010001100001100101011101010111011111101000110
0110010111111110000111000010111100011000100101111101001010111101011010000100101110001100110101000000010000100011101100101110001101111000100000111010001001010010011000101000001001100000111100101011001010101011000110001110001100110001011010010110110111001110
0100010111111010000111000010111100001000100100111101001110011101111010000100111110111000100000000000010000100010001100101111001101111000100000110110001001011010100000101000001011100000011100101011111110101011000110001100000100110001101010010110110111000111
0110011111111010001101000010111100001000100111111101001110111101011000000110111110011100100101000000000000100111101100101110001101111000100000110010001001010010001100100000101001100000001100101011011110101010000110001110000000110001010010010110010111001111
0100011111011010001101000010111100001000101111111101001110111101011010000110011110011100100101000000001001100111101100101110001101011100100000110010001001011010001100100000101011100000001100100111011110100011000110001110000010010001110011010110010111001001
0100011111111010101101000010111100101000100110111101011110111101011000000010011110111100100100000000001000000111011100101110001101111000100000110010001001111110000100100000101011100000001100001111011011101001000110001110000000111101110010010110010111001001
0011111000110011001000110011100110111011100011111011110101001011101101101100110100100010000010001001110000011001010100001011101110110010001000011100000000001011100000000111011001000000100100001010101011011010110100111000001101110010001010111010101110010000
1001001001010111111000100010110000011011100010110011111101111111001000101110111000100010010011011011010001001001000101000001110010010010100101101111000011001010110001100111001001001001110101001010001011000001100100101110001100011000000110110110100111000000
1100111010000111100000101100110001101110111010000001111000100011000100000011011010110101001010100110101111101111000100110100101000011100011101110101110111101100001110000011100000001100011011010011000101110110011100001111110110001101011001000110000011101011
0000111111010101111000000001011100110100100010010101000000101111011110000000111110111100001000010000100111100011000001100011110111001001100001001100011001011110110101000000011001101000001110101111011111110011111100111100101011010111010000110110000111001000
1010011100100010101100000001001010101110110010001001110001101011100100100000011001010100001000010100000100101001110011111011111011100010100101110010011101101100000101100000100000110100001011011011110101111111011000001000110011111111010100111010000101000000
1110010111111010011000010011011000111001000011110000000010000100001000101000101010000011001111011001000100010010101000001010000000100000000000101011010010010000011001001010000001011001101100001010101010001000000010111001101001110010010100011111001101001001
1110110110111111111000111011010001101001000000110000000000100101010110000000101001110100001010011000000100000000001001101000001010100010010101001000011011110100110000001110110011001000011011111011110000001000111010111001111001100010110110011111000101001001
1011110100100010101000010001000010110111110010100011110111101010011100101100110001011010000011000101000100011001100011011011001010100011000101111111011100001001110001111011000010111101100011011010110001011110011000010000011011101010110110111010001100010000
1101000110011110010010100011011000011001000001110010110001001000101100111100100000110010010111000001010101001000101010000000110000000010010100101111011000010001110000101011000001101000110011011010100001000000000010111100001101110010010110011111101100010011
1111101011011111000011111011011001010000000101100110111000010100001000011110100001100011110111101011010001011111101010100000100000010110010100011011100000010000011010100011000101011000110101011110001001100000000110111111001100001000010111000111001010101111
1111101111111110110010110011011001011000000001110010111101000100001001111100100001000011010111100001010001001011101010100000110000000010010100101011011000010001011000000011000001101000110100001010001001001000001010111100101101111010010100011111101000011111
1000000000111111100100101010101001001001100011110001011000001001101001000100110001111010011011000001010000001010001110000001000000000000011101101111011000011001110000101111011001001000110011011010100000011000100010001101010100100010000110111000101101010110
0110010011111111011011110010110100001001000111110101111000101101001000100110101011100010110111101001110111011110101100000100100100011100010000000001110001010110001010000011000001001101011100000010111010001000000010001110100010100000010000000111110111101001
1000011001111111011000100000110001001101100110010001011011111101000000000110011010100110110111100001010100000010001100010001110000011000010100000110110001101111101110000001101001001101011101001011011010011000100110001111101000100000000000100110110011000001
1010110101001000010101010010101010000100101101110001100000011101011110101110101111001001100101000000100000111101101110011101000100011100000000111100101001011001111101101010000110011000011100100111001001010101011110011110100100000000101100110010110011110000
1010011101111010010101010011011011001000000101100001100000010100111100100110101110101111110101000000110001110011101010001101000100011000010000111100001001010000111000101010001101011000011100100111011001001100011110011100100100100010001101100010110011000101
1000001011100011101010000110110000100010100111110000110100001111011100100100101110010011010000000000000101001011100000001001011011100001101100111010011101001000010000001010001001101001101101001011001001001011110100101100110000011111110110101111001111001000
1100010000100111100110100101000011101010101001011101000001101011010100001110001100011000011000001100011100100100000001001110011011100110111101010110010101100100110001101000100010111001011011110111110100001111100000011101110101101111111110010010100101000000
1111000100111111000000111011001010110000001000110111110001100000001100111100100001010010001111001001000001111001101010000000101010000110000101111001000000010011011000111011000001011000110010011010100111001110010010111001001101001010000111011011001100111010
1011100000111011000000111011000001011000000011100010000001000000001100011000100001100000001111001000100100010000101011100001000010000010010100001001010000010001011001010011000001011000100011011010100000101000011010111001111001100010000100101010001000110001
1011100000111011000000111011000001011000001011100010000001000000101111011000100001110000001111100001100100010000101011100001000010000010011100001001010000010001011001010011010001011000100011111010100010001100011010111001111001100010100100101010001100110001
