621.000000 124.000000 0.482128 -0.181605
622.000000 126.000000 0.483757 -0.178376
463.000000 144.000000 0.228108 -0.150871
465.000000 144.000000 0.231338 -0.150845
463.000000 146.000000 0.228134 -0.147631
461.000000 148.000000 0.224928 -0.144414
463.000000 153.000000 0.228223 -0.136280
468.000000 154.000000 0.236310 -0.134596
464.000000 156.000000 0.229875 -0.131400
466.000000 156.000000 0.233105 -0.131375
464.000000 160.000000 0.229923 -0.124906
467.000000 160.000000 0.234768 -0.124871
471.000000 160.000000 0.241224 -0.124823
466.000000 163.000000 0.233188 -0.120010
469.000000 167.000000 0.238077 -0.113478
465.000000 172.000000 0.231670 -0.105392
467.000000 173.000000 0.234911 -0.103745
466.000000 177.000000 0.233336 -0.097248
469.000000 177.000000 0.238181 -0.097218
465.000000 187.000000 0.231812 -0.080974
467.000000 191.000000 0.235076 -0.074439
469.000000 191.000000 0.238306 -0.074423
465.000000 196.000000 0.231882 -0.066303
470.000000 196.000000 0.239959 -0.066267
465.000000 200.000000 0.231910 -0.059779
467.000000 200.000000 0.235142 -0.059766
465.000000 209.000000 0.231965 -0.045092
470.000000 210.000000 0.240048 -0.043433
467.000000 212.000000 0.235213 -0.040184
468.000000 214.000000 0.236838 -0.036914
472.000000 214.000000 0.243298 -0.036895
465.000000 215.000000 0.231995 -0.035296
470.000000 217.000000 0.240082 -0.032008
466.000000 219.000000 0.233628 -0.028759
465.000000 223.000000 0.232027 -0.022228
471.000000 225.000000 0.241727 -0.018942
468.000000 228.000000 0.236890 -0.014051
469.000000 230.000000 0.238511 -0.010781
471.000000 232.000000 0.241745 -0.007510
468.000000 233.000000 0.236902 -0.005882
468.000000 236.000000 0.236907 -0.000980
476.000000 237.000000 0.249823 0.000664
478.000000 238.000000 0.253050 0.002299
543.000000 239.000000 0.357271 0.004022
545.000000 239.000000 0.360466 0.004025
467.000000 240.000000 0.235295 0.005555
476.000000 240.000000 0.249827 0.005563
517.000000 240.000000 0.315702 0.005608
476.000000 242.000000 0.249828 0.008828
480.000000 242.000000 0.256278 0.008831
542.000000 242.000000 0.355679 0.008889
469.000000 243.000000 0.238529 0.010458
473.000000 244.000000 0.244988 0.012093
479.000000 244.000000 0.254667 0.012095
517.000000 245.000000 0.315706 0.013741
519.000000 245.000000 0.318909 0.013742
468.000000 246.000000 0.236914 0.015360
474.000000 246.000000 0.246603 0.015360
472.000000 247.000000 0.243374 0.016993
515.000000 247.000000 0.312504 0.016993
518.000000 247.000000 0.317308 0.016994
542.000000 248.000000 0.355684 0.018628
466.000000 249.000000 0.233681 0.020263
495.000000 250.000000 0.280419 0.021881
501.000000 250.000000 0.290056 0.021878
475.000000 251.000000 0.248214 0.023525
503.000000 251.000000 0.293265 0.023506
538.000000 251.000000 0.349294 0.023497
467.000000 252.000000 0.235295 0.025165
470.000000 253.000000 0.240141 0.026796
508.000000 253.000000 0.301285 0.026760
520.000000 253.000000 0.320509 0.026752
475.000000 254.000000 0.248211 0.028424
495.000000 254.000000 0.280416 0.028401
468.000000 257.000000 0.236904 0.033334
505.000000 257.000000 0.296469 0.033276
497.000000 258.000000 0.283624 0.034917
510.000000 258.000000 0.304485 0.034896
467.000000 259.000000 0.235284 0.036604
469.000000 260.000000 0.238514 0.038234
476.000000 261.000000 0.249813 0.039851
505.000000 261.000000 0.296462 0.039789
508.000000 261.000000 0.301274 0.039783
521.000000 261.000000 0.322101 0.039759
472.000000 262.000000 0.243355 0.041493
496.000000 262.000000 0.282009 0.041437
496.000000 264.000000 0.282004 0.044696
532.000000 264.000000 0.339692 0.044614
534.000000 264.000000 0.342890 0.044611
500.000000 266.000000 0.288424 0.047943
539.000000 266.000000 0.350878 0.047849
533.000000 267.000000 0.341285 0.049485
469.000000 268.000000 0.238492 0.051301
518.000000 268.000000 0.317282 0.051148
538.000000 268.000000 0.349276 0.051097
543.000000 268.000000 0.357266 0.051087
474.000000 271.000000 0.246556 0.056182
476.000000 271.000000 0.249783 0.056174
508.000000 271.000000 0.301247 0.056059
541.000000 271.000000 0.354063 0.055960
472.000000 272.000000 0.243323 0.057822
508.000000 273.000000 0.301240 0.059313
513.000000 273.000000 0.309256 0.059295
468.000000 274.000000 0.236854 0.061103
525.000000 274.000000 0.328469 0.060879
481.000000 275.000000 0.257829 0.062680
522.000000 275.000000 0.323664 0.062514
496.000000 276.000000 0.281963 0.064245
513.000000 276.000000 0.309245 0.064175
469.000000 277.000000 0.238457 0.065997
480.000000 277.000000 0.256208 0.065946
494.000000 278.000000 0.278740 0.067512
539.000000 278.000000 0.350846 0.067326
475.000000 279.000000 0.248135 0.069232
467.000000 280.000000 0.235211 0.070904
469.000000 281.000000 0.238438 0.072526
472.000000 282.000000 0.243278 0.074142
475.000000 282.000000 0.248120 0.074126
468.000000 284.000000 0.236806 0.077427
470.000000 284.000000 0.240037 0.077416
468.000000 287.000000 0.236789 0.082323
473.000000 291.000000 0.244839 0.088816
470.000000 293.000000 0.239982 0.092097
605.000000 296.000000 0.456556 0.096355
475.000000 299.000000 0.248011 0.101840
609.000000 299.000000 0.463020 0.101215
326.000000 308.000000 0.004361 0.117320
322.000000 309.000000 -0.002232 0.118959
333.000000 311.000000 0.015895 0.122231
332.000000 313.000000 0.014245 0.125507
332.000000 315.000000 0.014243 0.128782
477.000000 315.000000 0.251102 0.127869
559.000000 316.000000 0.382656 0.128827
333.000000 318.000000 0.015888 0.133691
478.000000 318.000000 0.252686 0.132738
563.000000 318.000000 0.389052 0.132044
294.000000 319.000000 -0.048340 0.135296
331.000000 320.000000 0.012591 0.136965
478.000000 320.000000 0.252667 0.135989
303.000000 324.000000 -0.033516 0.143492
475.000000 326.000000 0.247766 0.145771
471.000000 329.000000 0.241278 0.150688
477.000000 331.000000 0.250939 0.153871
472.000000 332.000000 0.242860 0.155550
470.000000 333.000000 0.239620 0.157196
475.000000 334.000000 0.247680 0.158764
279.000000 342.000000 -0.072909 0.172781
275.000000 344.000000 -0.079463 0.176017
301.000000 345.000000 -0.036759 0.177748
358.000000 346.000000 0.056933 0.179324
363.000000 348.000000 0.065132 0.182555
334.000000 375.000000 0.017451 0.226471
341.000000 378.000000 0.028924 0.231310
281.000000 382.000000 -0.069419 0.237690
326.000000 383.000000 0.004323 0.239420
319.000000 384.000000 -0.007152 0.241037
323.000000 384.000000 -0.000595 0.241037
331.000000 386.000000 0.012516 0.244262
326.000000 390.000000 0.004319 0.250725
331.000000 393.000000 0.012506 0.255561
615.000000 434.000000 0.474501 0.320936
619.000000 435.000000 0.481251 0.322736
615.000000 443.000000 0.474844 0.335809
622.000000 447.000000 0.486849 0.342766
566.000000 460.000000 0.394038 0.362392
502.000000 467.000000 0.289867 0.373315
504.000000 467.000000 0.293108 0.373314
