1011100000100010111000010011001010110010101010100011100001101010111111111100110001000110001001000101100000011001001011111011000000100011000101101101011110001001111101110110010000011100100001111010100001001010001000110000111001100010001100111010101100110000
1011100101000100111001111011010000010010100010100011000001101110011000011000111001000000011111001110110000110011001110010001000000100011000001001101100100001001111100000110010000001100110100001010000110000011001000110101101101000010000100111110101110010100
1011101001100000111000010011011010010010100010100011100001101000101010001000111001000001011111000101110000110011001011011011000000110011000101101101011100011001111100000110010010001100110101011010000101101011001000110001101011000010100100111010101100010100
1011100000111010001000010011011011011110100010100111100001101000101011111100100001001110001111000101100000011000101111111011001000100010010100101101011110011001111001110110000110001000100101111010100011001010000010111000111000100010001100111010101100110000
1011100111001100011001111011010001010110100110100011001000111100011000011000111011000000110101000110110000110010101011110000001000100001010000001101100100011001111001100110000100001000110100001010001100100011000010000101001000000000000100110110111111011100
0011100111011110011101110010010001010100110011110101001001011101011000000010111011001000110101100100110000110000101011110100001000100001010000101101101100011011111001100010000101001000110100001010001100100011000010001101001000000001000100110110111011011101
0011000111011110011100000010011100011000100111111001001010011100011000001010111111000000111101000000000001110110111101100000000111001000100000100101001001011011101011100101010001100010110100001010001110110001001010001111001110000101000010100111110011101101
0010010101111010011100110111111110011000100011101000010010011101101000100100001010100011100111000000100001111010101001001011000101011010011000000100000010011010101011100001001001000001100100101011111110111001000010001000001000101010100010101010110101000001
0011011000110111011100101111110100011000100011111001110001011101001000001000111000101001111101000000010001110001111101100101100100001010101000100110001000001010110111100001000001101001111100001011001100101001000110001000001110100010000010101010110111000001
0001010000111011011000000111010110011000100011101011000001011101101010101100011000100110100100000001000000000000111000001011100101001010001000000100000100011010100011100001000011000001100100001111111000001010000010011000001000100010001010101010100100000000
0011000011011111111101100111010100011010100011111011001001011100011000001010111000000000111001000000010001100010110000100000111100001010101001100111001000011010100000100001000001100001110100001010001100100011001100001100001110000101010010110110110111001110
0001010001111011011100000111110110011000100011111111010001011101101010101100011000101010100011000001000000101010011001001011001101110010001000001110001000011010100100100001000011100001100100001011111111101011000010001001001000100010000010111010100101000000
0010011001110011111111101011110100011000100011111101110000111111101000000000111010000000111001000000010000101011111101100011101000101010001001101110001000001010110101100011000001101001111100001010001111101011000110001001001010101011010010111010110111000101
0001010001111010011100000010110110011000100010111111000001111101101010101100011000100010100111000101000000101010001001001111001101111010000000000110000001111010101100100001001011000000001100101011111111101011000010001000001000101010100010111010110101000000
0010011101011110011100101011111100011000100001111101100001111101001000001010111010001100111101000000010001100001111101100101101100001010100000100111001000011010100001100001100001100000111100001010001110101011000110001000001010000001010010110110110111000001
0001011101110010011100001011011110011000100010111111110011111101101000101100011000100010100111000000000000101000011000101011001100111010000000000110001000001010100111100001000011100000000100001011111101001011000110011001001000101010100010111010110100000001
0001011101110010011110101011011110011010100010111111110011011111111000101000111010100000110111000000000000101011011001101011001100111010100000100110001100001010100101100001000001100000100100001010001111101011000110001001001010101010000010111010100101000000
0010001101010110111100100011011100011010100011111001000001111111011000001010111010000000111011000000000001100001111101100101101000000010100001101111001000001010110001100000000001100000110100101010001110101011000100001000001010000001010010110110010111000000
0001010101111010011100000011011110011000100010111011110001111101101010101100111000001010100111000001000000101000001001101011001100111010000001000110001101011010100000100001000011110000000100001010111001101011000010011000001000101010100010111010110101000000
0001011101111010011100100011011110011000100010111111110011111101101000101100011000101000100111000000000000101001001000101011001100111010000000000110001000011010100001100001000011110000100100001010111101101011000110011001001000101010000010111010110100000000
0001011101111010011110101011011110011000100010111111110011111101101000101000111000100000111111000000000000101001011001101011001100111010100000100110001000011010100001100001000001100000100100001010001111101011000110011000001010101011000010111010100100000001
0011011101010110111100101011011100011000100011111011000011111101001000001000111000000100111101000000000001100011111101100001101000010010100001101111001000001010110001100001000001100000110100001010001110101011000110001000001000000001010010110110110111000101
1011011101111010011101101011011000011010100011111001110011111101001000001000111010000000111101000000010001100001101101100111101000000010000001101111001000011010111001100000000001100000110100001010001100101010000110001001001000101011010110111010110111000100
0001010101111010011110000011011110011000100010111011110011111101101000101100111000100010100111000001000000101010011001101011001100111010000000000110001000011010100001100001000011100000100100001010111111001001000010011000001010101010100010111010110100000001
0001010101111010011100001011011110011000100010111011110011111101101000101100111000101010100111000001000000101010001001101011000100111010000000001110001000011010110101100001000011100000100100001010111111101001000010001000001010101010100010111010111100000001
0011011101111111011101100011111100011000100011111101100001111101001000001000111010000000111111000000010001101001101101100111101100001010100001101111001000011010111001100000000001100000110100001010001110101010000110001000001000101011011010111010110111000100
0001010101111011011010000011011110011000100010111110010001011101101010101100111000100010100011000001000000101000001001001011001101111010000000000110000000011010100000100001000011000000100100001011111111101011000010011001001000101010100010111010100101000001
0011001001011111011101101011011100011000100011111011000001111101001000001000111000000000111101000000000001100011111101100001101100001010100000100111001000011010100001100000001001100000110100101010001100100010000110001101001010001001010010110110110111000101
0001010101111011011000000011011110011000100010111010000001011101101010101100111000100010100111000001000000101000001000001011001101101010000000000100000000011010100101100001000011000000100100001011111110001001000010011000001000100010100010111010100100000001
0011011101110111111100100011011100011000100011111101110011111101001000001000111010000000111101000000010001100001111001100011101100001010100001101111001010011010110001100001000001100000110100001010001110101011000110001000001010001011011010111010110111000001
0001011101111011011100101011101110011010100010111111110011111101101000001000111010100000101101000000010000101001001001101111001100101010100000101110001000011010111001100001000001100000100100001110001111101011000110001000001010101011000010111010110101000000
0001011101111011011100101011101110011000100010111011110001111101101000001000111000100000111101000000010000101001001001101111001100101010000000100110001000011010101001100001000001100000100100001010001111101011000110011000001010101011000010111010110101000000
0001010101111011011000000011111110011000100010111011110001011101101010101100111000100010000111000001010000101010011000101011001100111010000000000110000010011010100100100001000011000000100100001011111111101010000010001000001010101010100010111010100101000001
0001011101111010011101101011011110011000100111111101110011111101101000001000111010100000111101000000000001101001101101100111101100101010000001001110001010011010110001100000000001101000111100001010001110101011000110011000001000101011001010111010110111000100
0001010101111011011000001011011110011000100010111010110001011101101010101100011010100001100110000000000000101000001000101011001100111010000000000100000010011010101100000001000011000000100100001010111111101010000010011000001010101010100010111010110100000001
0001000101011110001101001011011100011000100011111001000011111101001000001010111000000100111101000000010001000000101101100001100101001010100000101111001010011010110001100000001001101000110100101111001110100000001110001100001110000001001010110110110111000100
0001010101111010001010000011111110011000000010111110000011010101101010101100111000100010110010000001010000000000000001001111000101101010000000000100000011011010100000000001001011000000100100101011111010001010000010001000001110100010101010111010100101000000
0001011101111011001101101011111110011010100010111011110001111101101000001000111000100100111101000000010000000011001101101011101100101010100001010110001010011010100001100001000001100000110100001010001111101011000110001000001110100011001010111010110111000100
0001010101011110101101101011111100011000100011111011000001111101001010001000111000000000111101000000010001100011001101100001101101011010100001110111001010011010101000100000000001100000110100001010001110101010000110001100001110000011001010110110110111000101
0001010101111011000101000011110110011000100010111010010001010101101010101100101000100011110010000001010000001010001000101011001101111010000000010100001010011010100100100001000011100000100100001011111111001010000010001000001100100010101010111010110101000100
0000011101110110001101100011111100011000100110111101100010111101001000001000111010000100111101000000010001100011011100100101101100001010100001111110001010011010111001100000001001100000111100101010001110101011000110001000001110100011011010111010110111000101
0011011101111011101101101011111100011010100110111111100011111101101000001000111110100100110101000000010000100011001100100111101100111010000000110110001010011010101000100000001001100000110100101011001110101011010110001000001100101011011010111010010111000110
0000010101111010000101000011111110011000100100111000010100110101101010100100001110100011110010000000010000001010011000001111001101111000100000010010001010011010000100100001001011100000100100001011111011101010010010001000001110110010101011111010010101000111
0011011100010110101101100011111100111000100110111101100111111101011100001000111110010100100101000000010001100001111100100101101111001000100001110111001000011010110101100000001001100000110110101011001110101010011110001000001100011011010010110010110111000000
0000011100110011000101100011101110001000100100111101110110111111101100001000111110110000110101000000010000000001111100101111011100101000100001010110001000001010110100100000000001110000111010001011001101101010010110001000001100111011000011111010110111000100
0001011100111110100101100011001100111010100101111111110111101101111100001000111110110100000000000000010000000001101100100111001100101000100001110110001000011010100100100000100001100000110010101111000111001010011100011000001100111011010011111010110111000110
0100010101110010010111000000010110001001001100011100000100010100111010000001001110100101111000001000011000000110010001001110011101101100100000000010001011110110000001100000100011110000001100100111111000001110100000011000000000110011101001010011010101101110
0001110100011110101000000001111100111000100010011011100100101101001100001000111100010100000000010000000101100011010100100001111110001000100001110111001000011110100000000000000001100000110010001011000110101010111110101000001111011101010010110110100111000000
0100010111010000110111000001000100001001001100011000000101110010110011010011001110001101111000010010011000000110010101001100011101101110100001000011001000100110000101110000100011110000001100100100111000000110100000011110000000110101111010010101110100101110
0100010011000100111101001000010100011000001110001000001101111110010010000011001010000100111000011010011000100111010101100100011101101110100001000011001101100110000101111000100011100000011100100101011100100010100000000111001010010101111010010101110111101100
0001111101110110101001100001111100111000100110011001100110101101001100000000111110010100000000010000000100100011010100100011111010110000100001111111011010011110110000000000001001101000110010001010000100101010111110001000101111111111011010111010100111000001
0000011100110010100101000001111110001000100100011001110110100011101100100000100110110001010010010000010100101011010000101111011000110000100101110110011010001110100100000000100011100000100011011010110011001010111100001000011100111110110011111010010101000111
1000010100100010100101000000101010001000000100011101000110110011100011100100100110110011110010010001011100001010010001001111011001110000100101110110011011100110000100100001101011100000101011011010110011001110101000000000010100110110110111111000011101000110
0101011001100100000010001001010110010010111000000111101000001010101000100100111000011110001000000100000111100011010100011010001001100001000001011101010100000110110100010000000110001100110010011010010101101010000000010101101110001111001001011010101000100010
0000111100110110101001100001111100111000100110010101100010101101001100000000111111010000000000010000000111100001000100100111111010111000000001111110011000011110110100000010000001101000111011101111001110101010111100001001101111111111011000111010100111000000
1000010100100010100111000000101010001010000100011100000110110011100011100100100110110011110010010001011100000000010001001111011001110011100101110110011111100100010001100000101010110000001011110111110010001110001000000000110100110110110111111000011101010110
0101000011100000110001011001010110010110001100101110100010100010000011110000000110010111101001000111000001100011010010011000011000100101000101101011000110000010000100110010000110110110100111010000110101001110010000010001011010101111011011011001011100101010
1010011100111010100111000001001010001110100100010000110010101011100100100100011100110011110010010100010110001000000000011111011000111000100101110110011001101100100000100001100010111100001011011111110011001110011000011000111100111110110101111010010101000110
1100000010101010000000101000110001001010000000000101101010000101000011000111111000001110000010000101001001000100000100011010001000111000010100000000100111100000010000000000101110000010001000100101100000001010000100001111010010101000100100000100000111001000
0011101111011110101000011010011100111000100110111011001001101100001110011010111101000000000100011000100011110111010100000000100110001000000001010101000010011010101000000110011011000000110110101111001110100001111110101110001101000101110000110110100111001001
1010110100100000110111000001101011001110001000001000000010110011100011100101000011111011110001000101001100000000010001011111011001100010110101100010111100100101000101110000100110110110001011110101110010001100001000000000010000110010111011111000010100010110
1111001101001100111011011010011011010110110110100010101111110100001010110110101000001101111111000110110001011111001001010000001000100111010101101101100100010001111000100010000110001110110100101110001001110010000000100011001010001001101100010010101110101000
1011001101111010001010111010111011111101110010110010100110101101111110101000111100001011000111001101100001011011001100001001001010110000010100001100010010011000111000001110010111001010110100101110101001011010010110101001101101111010101100111011101101000000
1000011111000001010101000000111011000010000100011000001100110111100001000011001111110001110101100110011000000110001110111110000101011001110100010010101111100100000010100101111100100001001101000001011000110000101110000010010100000001001111110001010011011110
0011111100110110101000110001011100111100110010000101100011101111001100001000111111010000001000011000110111110001110100100101111110001000000000011101011000001010110010000110010001001100110010001010001111111010011100111000101111001111011000101010100111000010
1010110100100000100101000000101011000110010000000101000010110011100011100100100111110011110011100101011100001000110011011111010001110011100101111110111111100101010111110001101010111110001011010010110011011110001000000001110100100010110111111000011001010111
1100000100011110011110101000101011101101111011011000000010001000110011010001000000010001011110101110001101100100111001010100011111101110110100000011100011110100000011010000101111110010001011110100100100100101110010111010010001111110101111001001001000101001
0011111100011111101010110101011100111110110010000111100001001111001100101000111101010000001000011000100111111001100100100101111110011000001001010101011000011111101100000110110001001100110010101110000111111011011100111000101111001111010000101110000111000010
0011100111011110101000010010011100110100100010110011101001001100001100011010111101000000000000011000100011110111000110100000100110001000001001000101000000011010101000000110010001000000110100101010001111110001111000101110101011000101000000010110100111001000
0001111101111010010010110011111110011101100001110011111011001101111100101100101011101011010110111001110001011000101110001001010110011000010000000100000001010010101010001110001001001010101100101111111001011001101110101100101101111010111000100010100011000111
0001001100000100000010001101000110010010101000001011110001001010010000111010000000111011000010000011010110101001010001111001000000010011001101011101010100000110010101011001000000010100110011111111000101100101000100010101111100000110101011001010101110101000
1101001100100101000010000101000010010011111000001011110001001010011000101000100000111011000010000101000110101001010000111000000000000001001100001101010100000110110101011001100000010100110011110110000101101111000000010101111100000110101101011010101100101010
0000011001101001100101000100110001000110110100000001100100010111101010100100011010000100110000001100110110000011000100010101000101101001001000000100110111101110100110000100111110001111001101101011011001111010100100000000100100010101101000100010110011000110
0001111101011010010011110110111110011000100101111111110001011101111000100100011011101010110100011001110001011011011110001011110101011000000000000100000001011011101110001011011001000001100100101111001001111001101110101100001100011010000010100010110011010111
1101001100000101100010111101000010010010101000000111011001101010111101011011100000101000001000000110110110101101000000111011110000010111001101011101010100000010110100011111010000011100110010110100000101100111000100010111101101000101001001010010101110100010
0011101001011110011000110011010100111100110110110001100010001101001100001010111111010000001000011000100111110001010110100101101110001000000000011101010000011011110001000110010001001000110110001010001110110010111110101100101111001101000000100110100111001001
0001111101111011100011010110111110011001100000110101110000001101111000100100111011101000000100011001110011011011011110001011110101011000001000000100000001011011101110001111011001000001100100001111011001101001101110101100101101101101000000101010100101010111
1010010100100010110111000100101011001010110001000101000110111011100011100100100010111011110011100101011100101000100001011011001001110010111101111110111101100100010111100001101010111110001011010011110101011100000000000000110110100010110101101000010001000111
1101001000001001100010111111000010010110101000100111111001101010111000111111110000001000001010000110110110101011000100111011101000010111001101011101010100011000111000011111010100001100100011010000000101100011000100010111101101000101001101111010001110100010
1101001000101011000010000101000000010010111000000111111001001010111000111110110000011010000010000101000100101011000100111011101000110101001100001101010100000100110000011001100100001100100011010010100101101111000000010101111100100110001101011110001100100010
0110110110010100100111001100000100101101111101001101000001011010010011010011000111001100101000010010101010100100110101101100010101101100101000110011101001100110000011111000100011110101011000110100111000000101011000010110010000110101111001000100010000101011
0110110111010100101111001100000101101001111101001101001101011010010011010011001111101100101000110110001010100100110111111100010101101100111001110011101001100110000111111000100010110111011100100101111100100101011000010111000000000101111001000100010010111001
1101000011100001101011010100110001010010100110000111001000101011110011010101010000101100000001101110001000110010000110111011100001010011011101001100110101101000111100111111011000001101000101010001110100100001100100100100110000100001001110010100001001000010
1101000011000001101011011110110001010010101110100111001000101011110011011101010000101100001001101110101000110110000100111010100001010111011101001100110101001000111000111111011100001101100101010001110100100001110100100110010000000001001110010100001000100010
1101000010101010000010100001010001011011100000000111111010001010110011110101110000001010000010000111000001101110000100011010101000110100010100000001100100000000010000011000000110000010100001010000100000001011000000001110010000101000001100001100001100100010
0111100010000101101110001100000100101101111101001111000101011010010011011011010110111100101000010010001010100100110101001110010111101110101000110011001100100110000011111000100011110101000010110100110000000101011000010110010000110101111011000100010000101011
0000110011110011101011010110110100101000100110110101110000011101111000100100111111111000100000001000100010110011000110001111101111101000001000000000000001011011110100001111011011000001001100001011111001001011110110001100101000101111000000100110010101010000
1000000011000001001011010010110001100110010110100101001000111111110111010101010110111100100101101110001000110010001100111010100011010001010100001000110101001000111010101110001100001100001101011001111100100001110100000110110000100001000110110100011011000000
1100000010001010000000100000110001001011100010000101101010001101111011110111110000001010000010100111001001101100000100011010001000110000010100000001100001001000010000001000001110000010101000000000100010000101000100001110010000101000100100001100001111001001
0010010011111011001100010010110100101000100110111101110100011101011100000100011110011010100000001000100010110011000011001111101111101000101000000000000001011111000101001100111011000000001100001011111011001011110010001101001000101111000000110110010101011000
1111100010000001101100001100100001100111011010001111000101100011000111011111010100111100001000010110001100100100110101011010011011100111111101101010111101101100010001110000001010110000000011110101110100000111011000000110010001010101110110010100001100101000
0010010010111011001100011100110100101100010010001101100100010111001110000100011110011100101000000000100010110001110001001111001111101000101000000000001001111111001101101100111011010100001110001011011010011010010000001101101000100111100000100110010101001000
1010011000100010011100000100111010101110110011000101110110100011101100100000110100111010000010000001000110101011110001011011001010110000101100101110011000001111110111000001100011101100100011011010110101101010011100001000110010101110010101101010011101010001
0010111000110010011000110101010100111110110011000101110110001111001100000000111111010000000000000000100111111001100101001011111010000000001100101101011000001110110001000110010001101100111011001110001101101011011100001000101011101111010000101010000111010000
0000011110111010001000100001000101001000011010001101110011000000000000101101011000111000001000100100001101001100000000010010000101001100011000000000100001111100001010010001101001010100001000010101010001101100000010011000000000001011100001100100000001101001
0100011010011010000000100000000001001001001010000101010010000000000000101111011000101000001000100100001000101100000000010010000101001100010000000000100001111000000010010001100001010000001000100101010001100100000000011010010000001011100000100100000011101001
1010011000100010011110000101001010101010110011000101110111101011100110100000111000110010000011000100001110101000100001011011011010110010101101101110111111101100111011100001100010111100001011011011110101001111001000011000110011111110110100101010000001010000
0010011000111010111000100101000010101110110011000110110101001001101100101000111000110000001000000001100110101001100001001011011110111010101101100110011010111110101001000011100001111100101011001010000111101010001100011000101001101110011000101010000101010000
0001000010000001000000001001000100010000001010000010110000000010000001111011000000100000001000100010001000000101010000010000100000000101000100000001100100101010000110010001100000010000100000000100110001000100000000010001010000000011000000101100001000101001
0001000010100001101000001101000100110010001001001010100001000010001110001010100000100100001000001000000111000101010001100000110010000111001101001011010100001010010111010110010100111010100011111110110001001110110000110001101001000111110010101110001000101000
1001000000100001100000011111000000110010001001110010100001000010001010011010100000000100001011001111100111000001000001110000111010100111001101001001010100000000010101010110010110011000100001110110100000001110100000110001101001101110010100011010001000101000
0100010001110100100101001100110110001110010100001000001110110111001010100100001110011101110010011100010110101010010000100100011100101000101001000010010111100110000110000100110110100111011010101111111100111010100000001000100110111100110001000011010101001110
0011111000110010011000111101000100011100110011100111110011001111001000001000111001000000011000010000100111110001110111100011101000001010001000001101011000001011110011000110010001001100110101001010001110101011001100111000101011101111010000101010100111010000
1001100100001000101010011011001111110001101010111010000001101000011011011001100001100100001101101010000001110001001011101011110001000011010001001101100110011001110101111110011101010011110000111100100110110100101010110001001011000011101110111000001000110000
1001100100100000101000010011011011010011100010110111000011101010110011011000110001100100001101100101000000010000001011011011000001000011010101101110110110001001111011110010000110011011100101111100110000010000101010110000011001100010111110111000101000010001
1011110100101011001000010111011011011010101010100111000001101100101010001100110001100010000101100101000000010000101010011011000001100011010101101111110110001001111010110010000110011101100101111010111000011010001010110000111001100010101110111010101000110000
0011100101011110011101011011010100010100100010111011000001011100001000001010111001000000011001000000110011110010001110100001100101001010001001001101001010011011101000100110010001000000110100001010001110100001001010011100001011001001000000110110100111010100
0011110000111011011000010111011011011010110011100010000001111001101010101100110001000010100111100101000000011000101011011011001101100010011000101111100010011001111110110011000010001100100100001010111100111010000010111000101010100010101100101010101000010001
0011110001111110011101111111110100011100110011100001010010011101001000000000111011000001111101000000110001110011111111100001101000000000001000101101011010011011111011100110010001001100110100001010001100111010000110001000001010100011000010101010110111010001
0011011000111110011100111111110100011100110011110011000011011101011000001000111000000000111101000000010001110001101101100101101101001010001000100111001010011010101001100100101001001000110100001110001110111011000110001001101100100011001010101010110111000010
0011010101011111011101001011010100011000100111111011000000011101001000001010111000000100111101000000010001100010111100100001101101001010101000100111001010011010101000100000000001100000110100001011001110110010000110001100001010000101001010100110110111000101
0001010001111011011100000110111110011000100011111011010001011101101010100100111000100010100111000000000000111010111001001011001101111010001000000110001010011010100111100001001011100001100100001011111101111000000010001001001010101010100010101010100101000001
0010011001110011011100100011110100011000100011111001000010011111101000000000111010100000111101000000010000100011111101100111101100101010001000101110001010001010110111100000000001100001111100001011001100101010000110001000001010101011001010101010110111000001
1011100100011010000001111011001010111001000101110010000000100000101111011000100101110001011111010011000100010000101100000001000000100000000100111111011010010000111000011010000011111000110011111110100000000000011010011001101101100010011101111011101100100110
1011001101111110010001111011001010011000100001110000111000010100101000101100101000000001111111010001010001111000101010000001100000010010000100101111010010011000111001100010000001001000110101011010101100101001000010111001101101101010000100111011101100000110
1011100101111010010000110010011010011001000101110010110001100100101101111100100001000011010111011001110000011100101000000001001010100010010100001101000010010000111000100010000001001000110101011110101000001010000010101001011101101010010100111010101100000011
1011100100111010010000111011111011111001000001110010000000100101001111011100100101010001001111011011110000010010101100000001000010100000010100001101011010010000111000001011000011001000110010101010100000001000011010101001101101100010111100111011101101000011
1010000100111110010101101011001011001000001001110000000100110000101011010001100110010101111111000001001100001000101101100101001000100110110100101111011010010100011001110001100011111000111011110010100100101100000010011001010010110010111111111001011100100111
1011110101111010010001110010111011011001000101110010010000010101101000101100101011100011110111111001111000011010101100000001000100110000010100001100100010011000111000100011000001001000011101001010101000001000000010101001001100101010001110101010111100000111
1010000100111110010101101011101011001001001101010000000100110001100011000001100110110001111111110001001100001000101101100101010000000010110100100111111010110100111001110001101011111000111011010010100110101100001010001001110110110010011101111001111100000111
1011110000111010000111010101000000001100010101000100100010000001101110100100100101011001011101000000010111111000101000000011000000100000111100111111011000011101111010100010100011101110100011111110110100001100011010011000100110101011100101101010011000000111
1010010100111110110101101000101011001000000001010000001100110001100001000001000100110001111101110000001100000000101101101001000001010010110100100110111011100100100011110001101001101100011011110000110100101100000010001000110010110001111111101001111101000111
0111110111111110001000010111010100110000000111110001100010001100001100001000111110000000001100001000110010110111101000000000001100100000001000011001000010010011011000000110010011001000110100101110001101001010110010111100101111101011000100001111001100111001
0000110101111011010101110110111110001001000101111000011000010101101001100100001011110011110111111001110000011010001100100101000100011000010000000100100011010010101010100001011001000000011100001111111010001000100110101000001100110000001010100010110011000111
1110010100100111110101101000101011001000100001000000001100111011100001000000000100110001111101110000011100000010111101111001010001010010110100100110111011100100100011101001101001101100011011111001110111111100000100001000110110110001111101000000110011000111
1010011100100011110101000100111011001010000001000000011100111111100000000000001100110001111001100100011100001010100101111001110001010010111101101110111011100100110111100001101000101100011011111011110100101000000100000000110010110001011100100010110011000111
0010110001111111110001010100110110001001100101000000001100000101101010000000001110110111010000010000111110010011110100100101100101011000001001100100011011111110101010001111111001001100011110001011111000001000001100001000100100100101011000100010110101000111
0010010001110001110101000100111110001000110001000000001100000111100010000000001110110101110000000000110110000010100100101101110101011000101001100110111011100110101110001011101001101100011111001011011011001000001100001000100100100101011000100010110111000111
1110011101100001111101000100111011000010100001001000011100111011100001000000000100100100111101110100011000000010101101111001100001010011111101100110111111100100110111100001101000100100011101010011010010111000000100000010010010110001011110010000110011000110
0001010100111010011000000011010110011000000010111010000011010100101010101100101000000011010000000001010000000000000000000001001101101010000000000100000010011010100000000000001011000000100100101011111110001011000010011000001110100010101010111011100101000100
1001000100111010000100101011001010101000101001111010110110010000111010111000100000011001101111010001000000000000001001001001000010100010110100111111010000010000011001111000000111110001110011010110100000001110110010111000010100111010000111111010001000100010
1010010000100011100101101101000011001010011101000100000100100010100110000100000110110011010010110101011100101000100000010111010000011000111101110010111000100100000110010001100010111101001011110010110100001101011000011001110100110110110001101000010000001111
1011101001011010000000011011011010110101110001100111000101001100101110101100101101000010000111111001110000010011101010000011000010010010010000001100100010011000111000001010000101001010110100101110111000001000001110111001001101000010100110101010101011000010
1111100110001110000111100000001001001101001000000010011000000000000101111011100101010011010011100111001101011100000111010000000000010100010100111001111010000101010011010011100100011110110011010100100000000100011000011010110100001000001101001101001010111111
0001011101111110000011000011011110011000100100111010110011111101111000101000101010101001110111000000010000101010001100100001001100110010000001001110000000010010111100101001000011000000110100001110111111101011000010011100001100101010101010111011111100000110
0111000101011110000111000010111110010000100101111101001010111101011010010010101110001100110101000000010001100111101100101000100101011000100000111010001001010010111000101000001001101000110100101111001010100011000110001110001100000001111010010011110111001110
0000010101111110000111000010111110011000100100111001111110011101111010100100101110101010110111000001010000101010001100001101001101110000000000000100000000010010111000001001001011000000110100001110111111101010000010001100001100111010101110111010111101000111
0110011111111110000111100010111000011000100100111101101100111101001000000100101110011100110101000000010001100011101100101110101001011000100000111110001001010010111100101000001001101000111100101111001100101010000110001100001110111001001110010110110111001110
1000111000100011100111100101101011001111111000000000001000100011100111110001000110010011010010110101111110101000110000110101011000110000011101110110111100100100010010010001100010111101111011110000100111101110010100010100110100110110110101101001011010000110
0000111101111011001000110111010110101001100011111001101100011101101000100100111111001010100110001001100000011011001011100111000110111010001000000101000000011010101011000101110001010000111100001010001001001000101110101000000000101010000000101010010111010001
0100011111111010001111000010111100001000000111111101101110111101001000000110111110010000100101000000010001100111101100101110101101011000100000110010001001010010001000101000101001100000001100101011001111101010000110001110000010111001000010010110010111001111
0100010111011010001101000010111100101000101111111101101110111101001000000010011110010100101100000000000001000111111100101110110101001100100000110010001001111110001100100000101001100000001100100011011111100011010110001110000010011001000011010110010111101001
0100011111111010001101000010111100101000100110111101111110010101001000100110011110110000101100000000001000001111011100100110001101111000100000110010001011111110000100100000101001100000001100001011011011101000010110001110000010111001000010010110010111001001
0011010001111011001000110101010110111001101011011011100101000100101100101100011100101010000110001001101010011000110010001011000110011110001000010100000001111010101011001111010001010000001100001010111001011000011010111000001001100110011000101010000101010001
0000010111110010001101000000110100101001100110001101001100011111100010000100011110110110100000000000001000100010010100001111011101111000100000110010001001101110100100100000101011100000001100101111011100001000110100001110000000110001100010100110010111000000
0001000110000000101100000000101100100010001010011011100101100010010011111001110000001100011000010010001000000001010001001011011011100011100101100111001101101110100101110000101010110001100001110000100000000110100000100000010001110111110010111100001101001000
1010001110000000111100000100101001100010010000001010110001110011110001111101000000001101010001110110001101000001010001011011000011010011101101100010111101101101010101101000101100110110001001010101010001100110001100000100010001001111010111110101000011010100
0011000000100001000000010111000110110111110001101010110101001010101111111100100110100011000010001001110010011000110000001011001110110001001000010100000110001011110100010111011011010000100010001010111011011010010000110000001101110110011000101010101100010000
1110101011000101110111110110101001000011001100111000111100110010010001110011000011000011110101100111011001001111001111010100110000010111010101001011101101100001011011110011001100110010011101010001001001010101001110000110010000001000011111010101011010111111
0000011010000000101100001100110100100110010010101101101100110111001110100110111110011100100010011000000101100001010001100110010110111001101001000010010101001110010101000000001110100000001110101011011101100011111100000111001011011101010010110110010111001000
0100001010010101101000111100010100100101011010000001011000001110001100010011011010011100001000111010101111110111010100100100110110011100001000010001010011100110001010010110111001001100011010000000001100110101111100101111100011001101001000000101000110101000
0000011100010111101100000001011100101110100010000001000100101111011110000000111100011100001000010000100111100001000001100111111011001000100101011100011011001110110101000101111001101100111011001111010111111011111100101100101011010111010000110110000111000000
1010011100100010101000000001001010101110110010001010110011100011100100100000111000000100001000010100000111101001110001111011111011101010100101110110011001101100110101000000100000110100001011011011010101101111011000111000111011111111010100111010000101000000
1011001000000101000011100101101000000110110000000111111000101011010100100010100000010010000000110111000111001001100100111011101000110001001100111111111110001100110110000001101100101110110011011011000001100110010100010110111110001100011101100010001011000010
1001110000101010100111011111001010010010110011100010000010111010111010001000111001011100111101000100010100100000001011111011011001100011001101111110011100001001111001100010001110101101100011111011010110111011000100011100001110100011110111111010011101010110
0001011010010010001010100101000000101101010011000111110011000011110100101010111001011010000010110001100111001001100111011011100010011000001100110101110000101110101011001000101101111100101011011010000001101111010100011110111001001100011001100110000111000001
0011110101111010001000011011011110111000100101111000000000000100111110001100101111001101001100001000100000110010101000101111001011100000001000010100001000010010011000001100010011010000100100001110111100111111011010111100001011100011110111111010011100000001
1000011011000100001110001100111001101011110011000101001010101111010010000011011000001100101001100110001100100100010111110011011011111110111100101110110101101101100111101000101110101111001101101001010100100001100100000111110001010001101000000101000011000001
0011110001111010000000011011000110111000101001111001000011010000101110001100101111001100001100001000100000110000101000100011001110101000000000011101001000011010010100011100010011010010100000100010111100111110011010111100001011100011110011111010011100100001
0000111110110010101100100000101100101101100010011101110010011111101100100100111011111010100010010001000111001001010111000111111110111000100001010100011001101111100101001101111001110001001011001011000011001110111100001100100010111110000001101110010111000001
1001100010100011000010100101001000101010010000000010110001000010111100101100100001111001001001110100000101001001000011010011101011100000001100011011110100000101011011010011100000011100100011011110100001101110011000111100111101101011000101101111001000000010
0001100110111010101100101011000100111001000010111111000011000000101110011000110101010100001101011000000000010000011001000111011010100010000001000101001010011010111001110100010011000000100010111110100110001010111010101100000011100011100110111110001100000011
1100010111111010011000010011011010011000000011110000000010000100001010000000101010000011001101011000000100100010101000101000010110100000000000101011010010010000011001001010000001011000101100001010111110001000000010111001101001110010110100011111001101001101
1100010111111110001000101011011000111000000011110000000000000100001010000000111000010100001101010000000100100010101000001000010010100000000100101010010010010000011000001010000011101001101101101110111100001000000010101001101001110010110100011111001101001001
1000110110111110101000101010111000101001000010110000000000100101001110000000111001010101001100011000000100000010001001000001011011100010100100001010010011011100110001101010000011001000111011111010110000001010110010101001011001110011100110011111101101001001
1000110110111111101010101011011001101000000000110000000001101101011110000000101001100101011011011000000100000000001000001000011010100010010100001000010011111100110001001010100001001000011001101011110000001000111010111001111101110011100110011111100101001001
1011111000100010101000100001010000111111110010000011110011101010001100101010111001010010000011010001000101001001000011000011101010100010000101101111011100001011110101001011000000111101110011011010000011001010011000111100101001101110010100111010101100010000
1101101111001000001101110011011011010100101010110111111011111000101001111111110001001010110101111110110001011101001111010000100000010111010100001001100100010001011001110110011100011010100100010000000011010100100110110110010000001000001110011000011010101100
1011000100101010000000111011000011111111111001110010000111010000110111111101100000001110000111100101001000110000101001011011001010100010010100111111111100011001011001111010000110111010100001111000110110011111010010111001010101100010100111111000001000010010
1111101111011110000011110011011001010000000101110100111000010100001000110110101011100011110111111011110001011111101010110000100000010110010100011011110010010000011000100011000001011000110101011110001001000100000110111110001100001000011111000111011010101111
1101000010011111110001100011111000011001100001110011001000001000001100110100111000110010010111000001010100001010001110000000110000000000010101101111011000010001110000100011000001101000110011111010100000000000000010001100101101110010010110011111101101010111
1000010000111111101000101010101001001001100111110001001000001001101000000100110000111010101011000001000000000010001100000001010000000000011101101111011000011001111000100111011001001000111011011010100000011000100110001101010100100000000110111110111111010011
1111001010001101000111111111001001010000011101100010001100000000000111011111000110110011000101100110101011011101101110110100100000010101111000111001101100010001011010111001001100010010110010110000000001000100010110010111010100000000000111000101011010111111
0110010011011111011110110000110100001001000110000001011100111101001000100110111010100010110111100001100110011110101101000100100100011100100000000000010001011110101011001001100001001101011101001011111010010000000110001110101000110100010000000111110111101101
0000011011011111001000100000110000001101100010000001011000111101001000000110011010100010100111100001000100000010101100000000100100011000100100000110111001101110101111001001101001101101011101001011011010011000000110001110101000110000010000000110110111001101
1011100000111011000000111111000000111000001001110010000001000000001110011100100001000000001111001000100100010000101011100011000010000010011100001001010000011001011001010011000001011000100011111010100000001100011010111001111001100010000100101110001100110001
1011100000111011000000111111000001111000001001100010010001000000001101011000100001110000001111100001100110011000101011100000000010000010011100101001110000010001011001010011000001011001100011010010100000001100010010111001111001100010000100001000001000110001
1001000000011011000000101111000001011001001000110010010001000000001001110011100000110010000110100011000000001000001000100000100000000110011000001001100000010000011010010001000001001000100010010000100000000100000010011011001000100000000110001000001000100001
1010100000111010000000111010000001011101010001100000010000000000001001010000100001000000000111000101100101010000101010000000001000000000010100101001111000010001011000000010000100001100100001010010100000011000000000001001111000101000000100001010001000010000
1010100000111010000000111110001001001101010001100000010000000000001001010000100000000000000111100101100101010000101010010000001000100000011100101001111000010001011010100010000100001010100001000010100000111000000010001001110000100000000100001010001000010000
