561.000000 115.000000 0.385093 -0.196363
552.000000 116.000000 0.370664 -0.194848
555.000000 116.000000 0.375475 -0.194815
561.000000 117.000000 0.385113 -0.193142
551.000000 118.000000 0.369083 -0.191638
551.000000 120.000000 0.369106 -0.188416
551.000000 125.000000 0.369162 -0.180360
558.000000 125.000000 0.380382 -0.180283
554.000000 128.000000 0.374003 -0.175492
561.000000 131.000000 0.385253 -0.170582
552.000000 132.000000 0.370844 -0.169066
559.000000 133.000000 0.382069 -0.167378
555.000000 135.000000 0.375682 -0.164196
559.000000 140.000000 0.382141 -0.156090
554.000000 142.000000 0.374156 -0.152917
558.000000 144.000000 0.380581 -0.149648
557.000000 147.000000 0.379011 -0.144818
554.000000 149.000000 0.374231 -0.141621
559.000000 151.000000 0.382252 -0.138342
558.000000 153.000000 0.380672 -0.135123
557.000000 156.000000 0.379102 -0.130290
554.000000 158.000000 0.374323 -0.127090
555.000000 161.000000 0.375952 -0.122234
559.000000 166.000000 0.382396 -0.114119
559.000000 168.000000 0.382414 -0.110887
555.000000 171.000000 0.376046 -0.106075
560.000000 174.000000 0.384066 -0.101181
554.000000 176.000000 0.374493 -0.098000
561.000000 176.000000 0.385681 -0.097940
555.000000 179.000000 0.376116 -0.093140
557.000000 181.000000 0.379329 -0.089888
557.000000 183.000000 0.379345 -0.086653
560.000000 186.000000 0.384162 -0.081778
556.000000 189.000000 0.377794 -0.076954
560.000000 193.000000 0.384213 -0.070452
554.000000 197.000000 0.374656 -0.064019
562.000000 198.000000 0.387441 -0.062348
557.000000 200.000000 0.379467 -0.059142
555.000000 201.000000 0.376279 -0.057536
561.000000 202.000000 0.385868 -0.055880
556.000000 205.000000 0.377900 -0.051052
557.000000 208.000000 0.379514 -0.046187
561.000000 211.000000 0.385917 -0.041308
556.000000 214.000000 0.377948 -0.036473
558.000000 214.000000 0.381141 -0.036464
557.000000 216.000000 0.379554 -0.033228
566.000000 216.000000 0.393927 -0.033188
556.000000 219.000000 0.377970 -0.028372
567.000000 219.000000 0.395537 -0.028326
570.000000 219.000000 0.400330 -0.028314
557.000000 221.000000 0.379575 -0.025127
560.000000 221.000000 0.384365 -0.025115
562.000000 222.000000 0.387563 -0.023487
631.000000 222.000000 0.498477 -0.023260
557.000000 223.000000 0.379583 -0.021886
563.000000 224.000000 0.389168 -0.020244
619.000000 224.000000 0.479009 -0.020060
561.000000 226.000000 0.385981 -0.017011
636.000000 227.000000 0.506642 -0.015165
555.000000 228.000000 0.376407 -0.013789
564.000000 229.000000 0.390781 -0.012141
601.000000 229.000000 0.450009 -0.012030
607.000000 230.000000 0.459662 -0.010396
345.000000 232.000000 0.035732 -0.007673
557.000000 232.000000 0.379612 -0.007300
563.000000 232.000000 0.389193 -0.007284
619.000000 232.000000 0.479032 -0.007129
557.000000 234.000000 0.379617 -0.004058
555.000000 235.000000 0.376426 -0.002442
607.000000 235.000000 0.459676 -0.002312
630.000000 236.000000 0.496887 -0.000632
632.000000 237.000000 0.500146 0.000991
363.000000 238.000000 0.065413 0.002210
605.000000 238.000000 0.456465 0.002534
627.000000 238.000000 0.492016 0.002593
556.000000 239.000000 0.378031 0.004045
608.000000 239.000000 0.461296 0.004158
563.000000 240.000000 0.389211 0.005679
628.000000 240.000000 0.493646 0.005830
632.000000 240.000000 0.500155 0.005841
588.000000 241.000000 0.429186 0.007347
590.000000 241.000000 0.432390 0.007351
619.000000 241.000000 0.479056 0.007421
621.000000 241.000000 0.482294 0.007426
635.000000 242.000000 0.505052 0.009084
588.000000 243.000000 0.429190 0.010583
608.000000 243.000000 0.461306 0.010626
620.000000 243.000000 0.480680 0.010657
636.000000 244.000000 0.506691 0.012322
608.000000 245.000000 0.461311 0.013860
588.000000 247.000000 0.429197 0.017055
611.000000 247.000000 0.466151 0.017102
561.000000 248.000000 0.386028 0.018641
558.000000 249.000000 0.381237 0.020259
633.000000 249.000000 0.501813 0.020398
636.000000 249.000000 0.506708 0.020408
562.000000 251.000000 0.387627 0.023504
560.000000 252.000000 0.384433 0.025123
636.000000 253.000000 0.506722 0.026877
624.000000 254.000000 0.487193 0.028455
624.000000 256.000000 0.487198 0.031689
380.000000 257.000000 0.093387 0.033466
558.000000 258.000000 0.381239 0.034850
571.000000 258.000000 0.402009 0.034848
567.000000 259.000000 0.395616 0.036468
566.000000 261.000000 0.394018 0.039709
556.000000 262.000000 0.378042 0.041336
564.000000 263.000000 0.390821 0.042951
558.000000 265.000000 0.381234 0.046197
558.000000 269.000000 0.381229 0.052682
557.000000 272.000000 0.379626 0.057546
563.000000 273.000000 0.389212 0.059156
559.000000 275.000000 0.382815 0.062405
402.000000 290.000000 0.129397 0.087591
391.000000 291.000000 0.111366 0.089279
396.000000 291.000000 0.119564 0.089257
400.000000 292.000000 0.126113 0.090878
408.000000 292.000000 0.139206 0.090839
395.000000 294.000000 0.117911 0.094179
407.000000 294.000000 0.137561 0.094120
375.000000 296.000000 0.085074 0.097540
408.000000 297.000000 0.139180 0.099027
369.000000 299.000000 0.075199 0.102480
395.000000 299.000000 0.117888 0.102370
407.000000 299.000000 0.137534 0.102306
407.000000 302.000000 0.137516 0.107216
402.000000 303.000000 0.129330 0.108881
404.000000 303.000000 0.132603 0.108870
409.000000 303.000000 0.140780 0.108840
567.000000 303.000000 0.395524 0.107741
362.000000 305.000000 0.063665 0.112338
377.000000 306.000000 0.088321 0.113920
352.000000 308.000000 0.047197 0.117282
335.000000 309.000000 0.019192 0.118952
564.000000 309.000000 0.390696 0.117468
558.000000 311.000000 0.381081 0.120736
565.000000 312.000000 0.392284 0.122321
560.000000 313.000000 0.384273 0.123964
377.000000 314.000000 0.088284 0.127013
352.000000 316.000000 0.047176 0.130381
560.000000 316.000000 0.384257 0.128821
559.000000 318.000000 0.382645 0.132065
563.000000 318.000000 0.389052 0.132044
355.000000 319.000000 0.052103 0.135280
570.000000 319.000000 0.400266 0.133630
534.000000 322.000000 0.342588 0.138713
511.000000 324.000000 0.305703 0.142159
356.000000 325.000000 0.053728 0.145085
341.000000 326.000000 0.029047 0.146760
455.000000 327.000000 0.215427 0.147606
373.000000 328.000000 0.081647 0.149911
437.000000 329.000000 0.186208 0.151042
440.000000 331.000000 0.191061 0.154267
378.000000 338.000000 0.089793 0.166190
425.000000 339.000000 0.166591 0.167431
378.000000 349.000000 0.089723 0.184094
419.000000 350.000000 0.156708 0.185367
365.000000 351.000000 0.068398 0.187424
419.000000 352.000000 0.156687 0.188614
353.000000 355.000000 0.048687 0.193980
380.000000 356.000000 0.092951 0.195455
417.000000 356.000000 0.153388 0.195125
411.000000 359.000000 0.143579 0.200053
413.000000 359.000000 0.146839 0.200033
416.000000 359.000000 0.151727 0.200001
417.000000 361.000000 0.153334 0.203233
353.000000 364.000000 0.048651 0.208591
345.000000 368.000000 0.035513 0.215106
360.000000 368.000000 0.060111 0.215045
395.000000 368.000000 0.117384 0.214794
404.000000 368.000000 0.132073 0.214708
407.000000 370.000000 0.136945 0.217916
390.000000 372.000000 0.109181 0.221315
404.000000 375.000000 0.132003 0.226037
406.000000 376.000000 0.135253 0.227634
591.000000 457.000000 0.435242 0.358085
595.000000 459.000000 0.441969 0.361528
630.000000 472.000000 0.502199 0.385294
492.000000 475.000000 0.273651 0.386289
494.000000 476.000000 0.276893 0.387909
