636.000000 145.000000 0.506650 -0.147709
429.000000 267.000000 0.173593 0.049790
400.000000 268.000000 0.126198 0.051507
402.000000 268.000000 0.129475 0.051503
406.000000 268.000000 0.136025 0.051493
405.000000 271.000000 0.134380 0.056419
411.000000 271.000000 0.144197 0.056401
417.000000 271.000000 0.154003 0.056383
420.000000 271.000000 0.158902 0.056374
396.000000 274.000000 0.119626 0.061369
430.000000 275.000000 0.175196 0.062893
449.000000 297.000000 0.205963 0.098768
462.000000 333.000000 0.226692 0.157284
475.000000 333.000000 0.247691 0.157140
446.000000 334.000000 0.200767 0.159083
472.000000 334.000000 0.242838 0.158797
481.000000 334.000000 0.257356 0.158696
466.000000 336.000000 0.233125 0.162112
480.000000 337.000000 0.255710 0.163575
468.000000 338.000000 0.236333 0.165336
481.000000 340.000000 0.257287 0.168430
440.000000 341.000000 0.190955 0.170524
461.000000 342.000000 0.224972 0.171909
467.000000 342.000000 0.234671 0.171838
480.000000 342.000000 0.255652 0.171685
510.000000 343.000000 0.303902 0.172960
462.000000 344.000000 0.226566 0.175142
464.000000 345.000000 0.229788 0.176741
469.000000 345.000000 0.237866 0.176681
472.000000 345.000000 0.242710 0.176645
476.000000 345.000000 0.249165 0.176596
481.000000 345.000000 0.257228 0.176536
431.000000 347.000000 0.176268 0.180368
447.000000 347.000000 0.202244 0.180187
473.000000 349.000000 0.244276 0.183116
402.000000 350.000000 0.128979 0.185532
421.000000 350.000000 0.159965 0.185346
483.000000 351.000000 0.260379 0.186233
505.000000 354.000000 0.295745 0.190822
493.000000 357.000000 0.276409 0.195821
407.000000 359.000000 0.137056 0.200093
423.000000 361.000000 0.163102 0.203167
425.000000 362.000000 0.166344 0.204765
422.000000 363.000000 0.161452 0.206419
408.000000 366.000000 0.138616 0.211429
633.000000 366.000000 0.502758 0.210055
606.000000 367.000000 0.458388 0.211353
408.000000 368.000000 0.138596 0.214668
418.000000 368.000000 0.154886 0.214561
619.000000 368.000000 0.479677 0.213101
414.000000 369.000000 0.148362 0.216223
494.000000 369.000000 0.277868 0.215214
595.000000 369.000000 0.440498 0.214538
447.000000 370.000000 0.201961 0.217446
436.000000 371.000000 0.184110 0.219203
443.000000 371.000000 0.195465 0.219115
495.000000 371.000000 0.279452 0.218433
515.000000 372.000000 0.311607 0.219807
445.000000 376.000000 0.198643 0.227172
515.000000 376.000000 0.311562 0.226269
448.000000 377.000000 0.203491 0.228749
224.000000 380.000000 -0.162485 0.233960
448.000000 382.000000 0.203425 0.236824
502.000000 383.000000 0.290569 0.237726
509.000000 383.000000 0.301833 0.237642
499.000000 384.000000 0.285728 0.239377
501.000000 385.000000 0.288935 0.240967
447.000000 394.000000 0.201647 0.256198
429.000000 396.000000 0.172435 0.259653
434.000000 396.000000 0.180549 0.259590
495.000000 398.000000 0.279113 0.262014
419.000000 400.000000 0.156144 0.266219
451.000000 400.000000 0.208044 0.265814
494.000000 400.000000 0.277477 0.265251
406.000000 405.000000 0.134946 0.274417
492.000000 405.000000 0.274192 0.273337
484.000000 407.000000 0.261267 0.276658
495.000000 407.000000 0.279005 0.276525
488.000000 408.000000 0.267706 0.278220
491.000000 408.000000 0.272544 0.278184
422.000000 410.000000 0.160899 0.282281
488.000000 410.000000 0.267682 0.281443
426.000000 411.000000 0.167382 0.283842
407.000000 412.000000 0.136498 0.285668
428.000000 412.000000 0.170615 0.285426
430.000000 415.000000 0.173823 0.290227
465.000000 415.000000 0.230489 0.289783
477.000000 416.000000 0.249859 0.291242
470.000000 417.000000 0.238542 0.292939
512.000000 418.000000 0.306296 0.294087
478.000000 423.000000 0.251390 0.302501
496.000000 473.000000 0.280137 0.383044
