495.000000 273.000000 0.280368 0.059363
469.000000 274.000000 0.238470 0.061099
491.000000 274.000000 0.273933 0.061008
473.000000 275.000000 0.244925 0.062714
499.000000 275.000000 0.286787 0.062604
472.000000 277.000000 0.243302 0.065983
469.000000 280.000000 0.238443 0.070894
470.000000 282.000000 0.240048 0.074153
494.000000 283.000000 0.278715 0.075655
474.000000 284.000000 0.246495 0.077394
471.000000 285.000000 0.241646 0.079042
496.000000 286.000000 0.281913 0.080529
499.000000 287.000000 0.286728 0.082139
534.000000 349.000000 0.342352 0.182424
548.000000 349.000000 0.364808 0.182305
555.000000 349.000000 0.376041 0.182255
551.000000 350.000000 0.369615 0.183901
546.000000 351.000000 0.361584 0.185556
542.000000 352.000000 0.355158 0.187206
558.000000 353.000000 0.380832 0.188706
540.000000 355.000000 0.351924 0.192075
557.000000 355.000000 0.379214 0.191947
540.000000 358.000000 0.351898 0.196926
557.000000 358.000000 0.379195 0.196799
509.000000 361.000000 0.302092 0.202098
557.000000 361.000000 0.379177 0.201651
549.000000 364.000000 0.366302 0.206555
558.000000 364.000000 0.380767 0.206497
502.000000 365.000000 0.290790 0.208649
521.000000 365.000000 0.321325 0.208429
493.000000 381.000000 0.276105 0.234610
495.000000 385.000000 0.279275 0.241041
488.000000 388.000000 0.267959 0.245973
612.000000 391.000000 0.468477 0.250431
591.000000 394.000000 0.434124 0.255079
595.000000 396.000000 0.440667 0.258361
519.000000 402.000000 0.317724 0.268202
507.000000 417.000000 0.298243 0.292519
566.000000 424.000000 0.393618 0.303656
561.000000 428.000000 0.385509 0.310128
563.000000 428.000000 0.388761 0.310139
496.000000 430.000000 0.280373 0.313586
568.000000 430.000000 0.396915 0.313426
479.000000 432.000000 0.252904 0.316979
569.000000 432.000000 0.398563 0.316690
484.000000 435.000000 0.260949 0.321759
504.000000 435.000000 0.293247 0.321582
502.000000 436.000000 0.290009 0.323211
551.000000 436.000000 0.369297 0.323079
556.000000 439.000000 0.377440 0.327980
556.000000 441.000000 0.377453 0.331234
550.000000 443.000000 0.367704 0.334450
555.000000 446.000000 0.375863 0.339366
