574.000000 281.000000 0.406788 0.072096
578.000000 281.000000 0.413190 0.072090
580.000000 281.000000 0.416393 0.072088
546.000000 282.000000 0.362021 0.073792
549.000000 282.000000 0.366816 0.073781
551.000000 282.000000 0.370012 0.073774
549.000000 289.000000 0.366789 0.085131
553.000000 289.000000 0.373184 0.085115
577.000000 295.000000 0.411563 0.094758
581.000000 295.000000 0.417973 0.094749
569.000000 297.000000 0.398746 0.098018
550.000000 299.000000 0.368343 0.101337
553.000000 299.000000 0.373141 0.101322
556.000000 299.000000 0.377939 0.101308
613.000000 324.000000 0.469562 0.141694
611.000000 326.000000 0.466322 0.144926
614.000000 326.000000 0.471195 0.144937
607.000000 372.000000 0.460059 0.219476
632.000000 377.000000 0.501308 0.227967
608.000000 380.000000 0.461769 0.232482
634.000000 381.000000 0.504726 0.234540
557.000000 384.000000 0.379055 0.238846
559.000000 385.000000 0.382275 0.240456
580.000000 385.000000 0.416212 0.240431
610.000000 385.000000 0.465106 0.240635
575.000000 394.000000 0.408125 0.255008
562.000000 395.000000 0.387089 0.256629
581.000000 399.000000 0.417879 0.263137
565.000000 405.000000 0.391937 0.272824
574.000000 405.000000 0.406532 0.272844
581.000000 405.000000 0.417911 0.272878
583.000000 405.000000 0.421167 0.272891
610.000000 405.000000 0.465418 0.273230
604.000000 406.000000 0.455546 0.274757
611.000000 411.000000 0.467193 0.283056
613.000000 411.000000 0.470506 0.283101
605.000000 413.000000 0.457318 0.286202
593.000000 434.000000 0.437945 0.320316
595.000000 435.000000 0.441269 0.321999
580.000000 438.000000 0.416632 0.326617
613.000000 439.000000 0.471330 0.329116
581.000000 449.000000 0.418484 0.344650
583.000000 450.000000 0.421804 0.346337
584.000000 452.000000 0.423503 0.349647
589.000000 452.000000 0.431774 0.349779
570.000000 454.000000 0.400494 0.352630
633.000000 456.000000 0.506201 0.358469
636.000000 457.000000 0.511465 0.360366
595.000000 458.000000 0.441934 0.359873
628.000000 465.000000 0.498197 0.373284
