436.000000 65.000000 0.183282 -0.278474
376.000000 74.000000 0.085931 -0.264782
376.000000 105.000000 0.086186 -0.214953
404.000000 109.000000 0.131916 -0.208229
543.000000 115.000000 0.356223 -0.196564
345.000000 123.000000 0.035519 -0.186030
472.000000 123.000000 0.242333 -0.184702
617.000000 133.000000 0.475582 -0.167056
469.000000 138.000000 0.237712 -0.160504
471.000000 138.000000 0.240939 -0.160477
526.000000 139.000000 0.329300 -0.158095
509.000000 140.000000 0.302071 -0.156710
514.000000 140.000000 0.310088 -0.156641
513.000000 142.000000 0.308512 -0.153424
587.000000 142.000000 0.427082 -0.152627
601.000000 142.000000 0.449647 -0.152554
473.000000 143.000000 0.244233 -0.152357
513.000000 144.000000 0.308538 -0.150193
543.000000 144.000000 0.356574 -0.149814
535.000000 146.000000 0.343796 -0.146680
561.000000 146.000000 0.385404 -0.146391
510.000000 147.000000 0.303769 -0.145384
530.000000 147.000000 0.335806 -0.145127
526.000000 148.000000 0.329415 -0.143561
596.000000 148.000000 0.441606 -0.142895
535.000000 150.000000 0.343844 -0.140221
569.000000 150.000000 0.398255 -0.139861
517.000000 151.000000 0.315039 -0.138826
530.000000 151.000000 0.335855 -0.138665
533.000000 151.000000 0.340655 -0.138629
570.000000 152.000000 0.399874 -0.136625
597.000000 153.000000 0.443243 -0.134822
599.000000 153.000000 0.446466 -0.134812
527.000000 154.000000 0.331089 -0.133853
591.000000 154.000000 0.433590 -0.133241
581.000000 155.000000 0.417533 -0.131694
584.000000 155.000000 0.422348 -0.131673
391.000000 156.000000 0.111126 -0.132138
395.000000 157.000000 0.117680 -0.130479
571.000000 157.000000 0.401519 -0.128546
603.000000 157.000000 0.452937 -0.128338
378.000000 158.000000 0.089837 -0.128965
387.000000 158.000000 0.104590 -0.128907
505.000000 158.000000 0.295890 -0.127651
599.000000 158.000000 0.446490 -0.126742
367.000000 159.000000 0.071789 -0.127393
380.000000 159.000000 0.093123 -0.127322
592.000000 159.000000 0.435227 -0.125166
356.000000 160.000000 0.053718 -0.125808
360.000000 160.000000 0.060293 -0.125792
365.000000 160.000000 0.068508 -0.125771
527.000000 160.000000 0.331160 -0.124151
562.000000 160.000000 0.387139 -0.123783
586.000000 160.000000 0.425593 -0.123589
540.000000 161.000000 0.351966 -0.122389
576.000000 161.000000 0.409562 -0.122048
570.000000 162.000000 0.399960 -0.120482
545.000000 163.000000 0.359982 -0.119103
571.000000 164.000000 0.401578 -0.117244
574.000000 164.000000 0.406382 -0.117220
250.000000 167.000000 -0.120577 -0.114175
518.000000 169.000000 0.316853 -0.109685
549.000000 169.000000 0.366437 -0.109364
252.000000 170.000000 -0.117321 -0.109289
254.000000 170.000000 -0.114045 -0.109302
256.000000 170.000000 -0.110767 -0.109315
260.000000 170.000000 -0.104209 -0.109338
556.000000 170.000000 0.377636 -0.107682
528.000000 171.000000 0.332880 -0.106340
548.000000 172.000000 0.364867 -0.104523
251.000000 174.000000 -0.118985 -0.102747
519.000000 175.000000 0.318518 -0.099954
251.000000 176.000000 -0.118997 -0.099478
254.000000 176.000000 -0.114081 -0.099496
312.000000 176.000000 -0.018709 -0.099697
253.000000 179.000000 -0.115737 -0.094584
520.000000 180.000000 0.320168 -0.091840
550.000000 180.000000 0.368135 -0.091565
552.000000 180.000000 0.371331 -0.091548
255.000000 181.000000 -0.112470 -0.091323
548.000000 183.000000 0.364965 -0.086727
254.000000 184.000000 -0.114125 -0.086408
542.000000 184.000000 0.355386 -0.085159
544.000000 184.000000 0.358582 -0.085142
253.000000 187.000000 -0.115780 -0.081491
256.000000 187.000000 -0.110861 -0.081506
530.000000 189.000000 0.336248 -0.077161
544.000000 190.000000 0.358631 -0.075427
255.000000 191.000000 -0.112520 -0.074948
254.000000 194.000000 -0.114174 -0.070027
548.000000 195.000000 0.365058 -0.067299
256.000000 197.000000 -0.110905 -0.065117
549.000000 198.000000 0.366676 -0.062433
539.000000 199.000000 0.350709 -0.060882
531.000000 200.000000 0.337930 -0.059315
255.000000 201.000000 -0.112562 -0.058553
544.000000 204.000000 0.358729 -0.052744
254.000000 205.000000 -0.114217 -0.051987
257.000000 205.000000 -0.109293 -0.051997
536.000000 205.000000 0.345955 -0.051173
255.000000 207.000000 -0.112583 -0.048708
530.000000 208.000000 0.336383 -0.046342
258.000000 210.000000 -0.107667 -0.043792
256.000000 213.000000 -0.110959 -0.038860
545.000000 213.000000 0.360377 -0.038148
533.000000 214.000000 0.341211 -0.036587
258.000000 217.000000 -0.107685 -0.032295
256.000000 219.000000 -0.110974 -0.029005
543.000000 219.000000 0.357211 -0.028428
407.000000 220.000000 0.137661 -0.027319
255.000000 222.000000 -0.112622 -0.024074
259.000000 222.000000 -0.106053 -0.024082
413.000000 223.000000 0.147482 -0.022381
394.000000 224.000000 0.116370 -0.020781
547.000000 224.000000 0.363619 -0.020302
256.000000 225.000000 -0.110986 -0.019146
398.000000 226.000000 0.122933 -0.017488
405.000000 226.000000 0.134401 -0.017475
416.000000 226.000000 0.152392 -0.017453
550.000000 227.000000 0.368420 -0.015427
555.000000 227.000000 0.376403 -0.015410
257.000000 228.000000 -0.109348 -0.014217
403.000000 228.000000 0.131129 -0.014195
411.000000 228.000000 0.144223 -0.014181
545.000000 230.000000 0.360445 -0.010577
257.000000 231.000000 -0.109352 -0.009286
259.000000 234.000000 -0.106070 -0.004356
408.000000 234.000000 0.139324 -0.004335
532.000000 236.000000 0.339691 -0.000869
548.000000 236.000000 0.365251 -0.000836
258.000000 237.000000 -0.107715 0.000577
308.000000 237.000000 -0.025344 0.000558
282.000000 238.000000 -0.068227 0.002211
285.000000 238.000000 -0.063284 0.002210
375.000000 238.000000 0.085170 0.002215
265.000000 239.000000 -0.096211 0.003863
371.000000 239.000000 0.078587 0.003859
543.000000 239.000000 0.357271 0.004022
256.000000 240.000000 -0.111001 0.005511
376.000000 240.000000 0.086815 0.005505
379.000000 240.000000 0.091749 0.005506
414.000000 240.000000 0.149142 0.005520
399.000000 241.000000 0.124588 0.007156
401.000000 241.000000 0.127865 0.007157
407.000000 241.000000 0.137692 0.007158
550.000000 241.000000 0.368454 0.007278
261.000000 242.000000 -0.102787 0.008798
297.000000 242.000000 -0.043497 0.008794
531.000000 242.000000 0.338102 0.008876
533.000000 242.000000 0.341299 0.008878
258.000000 243.000000 -0.107717 0.010443
293.000000 243.000000 -0.050095 0.010440
374.000000 243.000000 0.083525 0.010440
406.000000 243.000000 0.136055 0.010443
412.000000 243.000000 0.145873 0.010444
256.000000 246.000000 -0.111002 0.015375
407.000000 246.000000 0.137692 0.015370
400.000000 247.000000 0.126227 0.017014
552.000000 247.000000 0.371654 0.017012
302.000000 248.000000 -0.035247 0.018674
373.000000 248.000000 0.081879 0.018667
258.000000 249.000000 -0.107716 0.020308
261.000000 249.000000 -0.102787 0.020309
403.000000 249.000000 0.131141 0.020298
374.000000 250.000000 0.083524 0.021957
376.000000 250.000000 0.086814 0.021956
534.000000 250.000000 0.342902 0.021873
387.000000 251.000000 0.104895 0.023594
283.000000 252.000000 -0.066579 0.025255
299.000000 252.000000 -0.040196 0.025260
307.000000 252.000000 -0.026994 0.025262
547.000000 253.000000 0.363671 0.026743
91.000000 254.000000 -0.377839 0.028378
281.000000 255.000000 -0.069872 0.030191
290.000000 255.000000 -0.055039 0.030196
372.000000 255.000000 0.080230 0.030184
70.000000 256.000000 -0.411445 0.031628
89.000000 256.000000 -0.381038 0.031623
269.000000 256.000000 -0.089628 0.031827
383.000000 256.000000 0.098319 0.031819
535.000000 256.000000 0.344498 0.031617
547.000000 256.000000 0.363671 0.031610
65.000000 257.000000 -0.419458 0.033251
284.000000 257.000000 -0.064928 0.033484
294.000000 257.000000 -0.048442 0.033490
91.000000 258.000000 -0.377839 0.034867
97.000000 258.000000 -0.368242 0.034870
301.000000 258.000000 -0.036894 0.035140
294.000000 259.000000 -0.048441 0.036783
379.000000 259.000000 0.091741 0.036756
382.000000 259.000000 0.096673 0.036752
544.000000 259.000000 0.358877 0.036480
291.000000 260.000000 -0.053387 0.038427
71.000000 261.000000 -0.409845 0.039728
259.000000 261.000000 -0.106062 0.040038
374.000000 261.000000 0.083515 0.040051
287.000000 262.000000 -0.059980 0.041715
310.000000 262.000000 -0.022040 0.041728
70.000000 264.000000 -0.411447 0.044589
258.000000 264.000000 -0.107700 0.044967
278.000000 264.000000 -0.074805 0.044996
281.000000 264.000000 -0.069864 0.045000
287.000000 264.000000 -0.059978 0.045006
382.000000 264.000000 0.096666 0.044972
384.000000 264.000000 0.099952 0.044969
267.000000 265.000000 -0.092907 0.046625
547.000000 265.000000 0.363662 0.046212
259.000000 266.000000 -0.106054 0.048256
383.000000 266.000000 0.098305 0.048258
80.000000 267.000000 -0.395433 0.049454
377.000000 268.000000 0.088439 0.051556
537.000000 268.000000 0.347677 0.051100
258.000000 269.000000 -0.107691 0.053183
262.000000 269.000000 -0.101119 0.053191
383.000000 269.000000 0.098300 0.053188
377.000000 270.000000 0.088435 0.054844
550.000000 271.000000 0.368444 0.055939
73.000000 272.000000 -0.406638 0.057552
259.000000 272.000000 -0.106042 0.058114
380.000000 272.000000 0.093363 0.058124
132.000000 273.000000 -0.312171 0.059312
348.000000 274.000000 0.040667 0.061466
261.000000 275.000000 -0.102749 0.063047
552.000000 276.000000 0.371628 0.064043
73.000000 278.000000 -0.406631 0.067273
260.000000 278.000000 -0.104384 0.067972
70.000000 279.000000 -0.411438 0.068890
513.000000 279.000000 0.309232 0.069053
558.000000 279.000000 0.381208 0.068891
73.000000 280.000000 -0.406628 0.070514
263.000000 281.000000 -0.099447 0.072907
71.000000 282.000000 -0.409831 0.073751
555.000000 282.000000 0.376405 0.073762
72.000000 284.000000 -0.408225 0.076993
526.000000 285.000000 0.330024 0.078744
260.000000 286.000000 -0.104359 0.081105
520.000000 286.000000 0.320414 0.080398
522.000000 288.000000 0.323606 0.083637
538.000000 288.000000 0.349207 0.083557
553.000000 288.000000 0.373188 0.083494
263.000000 289.000000 -0.099422 0.086038
320.000000 289.000000 -0.005531 0.086142
70.000000 290.000000 -0.411421 0.086709
527.000000 290.000000 0.331600 0.086858
68.000000 292.000000 -0.414626 0.089944
550.000000 292.000000 0.368376 0.089991
518.000000 294.000000 0.317165 0.093406
527.000000 295.000000 0.331571 0.094976
551.000000 295.000000 0.369961 0.094849
563.000000 295.000000 0.389152 0.094800
570.000000 295.000000 0.400353 0.094776
517.000000 297.000000 0.315543 0.098286
153.000000 298.000000 -0.278296 0.100108
156.000000 298.000000 -0.273466 0.100130
67.000000 299.000000 -0.416218 0.101280
143.000000 299.000000 -0.294372 0.101665
264.000000 299.000000 -0.097742 0.102440
521.000000 300.000000 0.321932 0.103131
526.000000 300.000000 0.329939 0.103098
264.000000 301.000000 -0.097734 0.105718
156.000000 302.000000 -0.273436 0.106640
175.000000 302.000000 -0.242785 0.106786
518.000000 302.000000 0.317112 0.106399
146.000000 304.000000 -0.289513 0.109817
493.000000 304.000000 0.276967 0.109839
74.000000 305.000000 -0.404967 0.111015
128.000000 305.000000 -0.318415 0.111308
141.000000 305.000000 -0.297543 0.111405
261.000000 305.000000 -0.102641 0.112257
155.000000 306.000000 -0.275015 0.113141
267.000000 306.000000 -0.092785 0.113921
455.000000 306.000000 0.215622 0.113407
470.000000 306.000000 0.239884 0.113283
146.000000 307.000000 -0.289490 0.114694
125.000000 308.000000 -0.323206 0.116157
414.000000 308.000000 0.148917 0.116983
455.000000 308.000000 0.215605 0.116667
157.000000 309.000000 -0.271770 0.118037
253.000000 309.000000 -0.115744 0.118763
256.000000 309.000000 -0.110825 0.118779
468.000000 309.000000 0.236628 0.118185
602.000000 309.000000 0.451727 0.117390
473.000000 310.000000 0.244693 0.119770
121.000000 311.000000 -0.329599 0.120997
129.000000 311.000000 -0.316766 0.121057
242.000000 311.000000 -0.133748 0.121969
341.000000 311.000000 0.029075 0.122220
237.000000 312.000000 -0.141919 0.123571
310.000000 312.000000 -0.022006 0.123868
85.000000 313.000000 -0.387291 0.124016
117.000000 314.000000 -0.335991 0.125834
163.000000 314.000000 -0.262056 0.126222
228.000000 314.000000 -0.156607 0.126775
266.000000 314.000000 -0.094391 0.127010
268.000000 314.000000 -0.091107 0.127020
426.000000 314.000000 0.168445 0.126693
602.000000 314.000000 0.451731 0.125482
112.000000 315.000000 -0.344000 0.127419
447.000000 315.000000 0.202576 0.128146
609.000000 315.000000 0.463050 0.127111
602.000000 316.000000 0.451733 0.128719
618.000000 316.000000 0.477656 0.128758
98.000000 317.000000 -0.366428 0.130567
603.000000 318.000000 0.453350 0.131957
447.000000 319.000000 0.202539 0.134663
71.000000 320.000000 -0.409738 0.135297
171.000000 320.000000 -0.249091 0.136055
628.000000 320.000000 0.493989 0.135293
191.000000 321.000000 -0.216727 0.137874
617.000000 321.000000 0.476051 0.136851
636.000000 321.000000 0.507124 0.136980
166.000000 322.000000 -0.257142 0.139258
610.000000 322.000000 0.464688 0.138446
626.000000 322.000000 0.490732 0.138521
633.000000 322.000000 0.502202 0.138574
108.000000 323.000000 -0.350355 0.140357
456.000000 323.000000 0.217087 0.141088
462.000000 323.000000 0.226797 0.141028
601.000000 323.000000 0.450124 0.140048
111.000000 324.000000 -0.345536 0.142001
634.000000 324.000000 0.503863 0.141827
178.000000 325.000000 -0.237731 0.144255
599.000000 325.000000 0.446895 0.143283
602.000000 326.000000 0.451744 0.144905
115.000000 327.000000 -0.339097 0.146894
189.000000 327.000000 -0.219909 0.147618
609.000000 327.000000 0.463081 0.146539
618.000000 327.000000 0.477707 0.146575
625.000000 327.000000 0.489131 0.146617
629.000000 327.000000 0.495680 0.146648
633.000000 327.000000 0.502246 0.146683
128.000000 328.000000 -0.318226 0.148629
132.000000 328.000000 -0.311803 0.148666
451.000000 328.000000 0.208937 0.149273
109.000000 329.000000 -0.348705 0.150087
171.000000 330.000000 -0.248990 0.152309
177.000000 330.000000 -0.239296 0.152372
601.000000 330.000000 0.450132 0.151379
606.000000 331.000000 0.458228 0.153008
612.000000 331.000000 0.467965 0.153027
619.000000 332.000000 0.479365 0.154682
629.000000 332.000000 0.495723 0.154756
633.000000 332.000000 0.502295 0.154794
603.000000 335.000000 0.453377 0.159478
607.000000 335.000000 0.459861 0.159488
609.000000 336.000000 0.463110 0.161115
617.000000 336.000000 0.476127 0.161153
132.000000 337.000000 -0.311715 0.163256
633.000000 337.000000 0.502348 0.162909
450.000000 338.000000 0.207209 0.165540
604.000000 338.000000 0.455004 0.164338
611.000000 338.000000 0.466368 0.164363
604.000000 340.000000 0.455010 0.167578
165.000000 341.000000 -0.258553 0.170098
616.000000 341.000000 0.474527 0.169251
628.000000 341.000000 0.494166 0.169348
632.000000 341.000000 0.500746 0.169391
132.000000 344.000000 -0.311644 0.174596
164.000000 344.000000 -0.260132 0.174952
604.000000 344.000000 0.455022 0.174057
613.000000 345.000000 0.469660 0.175718
618.000000 345.000000 0.477819 0.175751
164.000000 346.000000 -0.260109 0.178194
600.000000 346.000000 0.448541 0.177285
628.000000 346.000000 0.494218 0.177465
632.000000 346.000000 0.500805 0.177511
121.000000 347.000000 -0.329286 0.179343
118.000000 348.000000 -0.334095 0.180933
160.000000 348.000000 -0.266536 0.181389
164.000000 348.000000 -0.260085 0.181436
507.000000 348.000000 0.299028 0.181089
134.000000 349.000000 -0.308377 0.182713
482.000000 349.000000 0.258792 0.183006
604.000000 349.000000 0.455039 0.182157
608.000000 349.000000 0.461540 0.182175
611.000000 349.000000 0.466424 0.182191
492.000000 350.000000 0.274885 0.184503
618.000000 350.000000 0.477857 0.183861
113.000000 351.000000 -0.342098 0.185742
138.000000 351.000000 -0.301923 0.185995
481.000000 351.000000 0.257155 0.186258
515.000000 351.000000 0.311843 0.185854
547.000000 351.000000 0.363189 0.185548
628.000000 351.000000 0.494275 0.185585
632.000000 351.000000 0.500870 0.185636
178.000000 352.000000 -0.237430 0.188086
438.000000 352.000000 0.187584 0.188404
526.000000 352.000000 0.329488 0.187355
600.000000 352.000000 0.448557 0.187005
604.000000 352.000000 0.455050 0.187019
139.000000 354.000000 -0.300282 0.190862
159.000000 354.000000 -0.268077 0.191096
442.000000 354.000000 0.194053 0.191600
444.000000 354.000000 0.197297 0.191576
604.000000 354.000000 0.455059 0.190260
612.000000 354.000000 0.468086 0.190305
436.000000 355.000000 0.184302 0.193292
617.000000 355.000000 0.476263 0.191966
628.000000 355.000000 0.494325 0.192084
632.000000 355.000000 0.500926 0.192138
153.000000 356.000000 -0.277722 0.194262
434.000000 356.000000 0.181042 0.194937
38.000000 357.000000 -0.463165 0.195266
437.000000 357.000000 0.185902 0.196523
32.000000 358.000000 -0.472987 0.196936
604.000000 358.000000 0.455077 0.196744
606.000000 358.000000 0.458332 0.196755
115.000000 359.000000 -0.338812 0.198703
573.000000 359.000000 0.404929 0.198342
615.000000 359.000000 0.473026 0.198441
617.000000 359.000000 0.476300 0.198459
122.000000 360.000000 -0.327551 0.200388
144.000000 360.000000 -0.292167 0.200628
384.000000 360.000000 0.099469 0.201918
387.000000 360.000000 0.104377 0.201894
602.000000 360.000000 0.451834 0.199977
624.000000 360.000000 0.487801 0.200159
628.000000 360.000000 0.494392 0.200212
631.000000 360.000000 0.499347 0.200256
15.000000 361.000000 -0.501041 0.202028
153.000000 361.000000 -0.277662 0.202354
581.000000 361.000000 0.417825 0.201562
10.000000 362.000000 -0.509369 0.203746
108.000000 362.000000 -0.350037 0.203494
399.000000 362.000000 0.123970 0.205035
569.000000 362.000000 0.398476 0.203210
599.000000 362.000000 0.446968 0.203206
4.000000 363.000000 -0.519413 0.205501
578.000000 363.000000 0.412980 0.204804
604.000000 363.000000 0.455104 0.204851
609.000000 363.000000 0.463254 0.204884
150.000000 364.000000 -0.282459 0.207170
617.000000 364.000000 0.476349 0.206579
359.000000 365.000000 0.058487 0.210186
391.000000 365.000000 0.110875 0.209969
444.000000 365.000000 0.197162 0.209395
624.000000 365.000000 0.487865 0.208287
627.000000 365.000000 0.492813 0.208330
366.000000 366.000000 0.069955 0.211770
569.000000 366.000000 0.398462 0.209681
322.000000 367.000000 -0.002233 0.213522
324.000000 367.000000 0.001050 0.213521
356.000000 367.000000 0.053558 0.213443
521.000000 367.000000 0.321303 0.211661
587.000000 367.000000 0.427524 0.211278
601.000000 367.000000 0.450242 0.211322
610.000000 367.000000 0.464919 0.211384
381.000000 368.000000 0.094500 0.214911
486.000000 368.000000 0.264997 0.213701
501.000000 368.000000 0.289145 0.213510
603.000000 368.000000 0.453505 0.212956
366.000000 369.000000 0.069937 0.216632
376.000000 369.000000 0.086311 0.216568
444.000000 369.000000 0.197112 0.215867
505.000000 369.000000 0.295566 0.215077
615.000000 369.000000 0.473123 0.214680
617.000000 369.000000 0.476404 0.214703
623.000000 369.000000 0.486273 0.214779
627.000000 369.000000 0.492874 0.214839
494.000000 370.000000 0.277855 0.216830
584.000000 370.000000 0.422671 0.216134
598.000000 370.000000 0.445378 0.216172
631.000000 370.000000 0.499512 0.216535
323.000000 371.000000 -0.000592 0.220004
360.000000 371.000000 0.060096 0.219905
500.000000 371.000000 0.287499 0.218370
591.000000 372.000000 0.434016 0.219387
603.000000 372.000000 0.453531 0.219446
636.000000 372.000000 0.507861 0.219894
406.000000 373.000000 0.135284 0.222781
445.000000 373.000000 0.198682 0.222323
485.000000 373.000000 0.263320 0.221794
493.000000 373.000000 0.276207 0.221690
508.000000 373.000000 0.300342 0.221504
611.000000 373.000000 0.466610 0.221137
617.000000 373.000000 0.476452 0.221205
326.000000 374.000000 0.004329 0.224862
383.000000 374.000000 0.097724 0.224610
437.000000 374.000000 0.185695 0.224041
556.000000 374.000000 0.377494 0.222679
627.000000 374.000000 0.492957 0.222981
358.000000 375.000000 0.056799 0.226391
631.000000 375.000000 0.499606 0.224685
483.000000 376.000000 0.260057 0.226667
497.000000 376.000000 0.282609 0.226485
509.000000 376.000000 0.301915 0.226338
522.000000 376.000000 0.322814 0.226192
570.000000 376.000000 0.400046 0.225860
599.000000 376.000000 0.447038 0.225911
365.000000 377.000000 0.068253 0.229589
377.000000 377.000000 0.087890 0.229510
434.000000 377.000000 0.180789 0.228928
603.000000 377.000000 0.453568 0.227562
607.000000 377.000000 0.460103 0.227597
371.000000 378.000000 0.078067 0.231169
422.000000 378.000000 0.161280 0.230689
428.000000 378.000000 0.171033 0.230618
490.000000 378.000000 0.271311 0.229805
505.000000 378.000000 0.295457 0.229616
512.000000 378.000000 0.306716 0.229533
567.000000 378.000000 0.395201 0.229104
612.000000 378.000000 0.468303 0.229275
616.000000 378.000000 0.474873 0.229325
357.000000 379.000000 0.055141 0.232867
435.000000 379.000000 0.182387 0.232147
593.000000 379.000000 0.437291 0.230745
623.000000 379.000000 0.486427 0.231058
626.000000 379.000000 0.491390 0.231111
631.000000 379.000000 0.499686 0.231209
444.000000 380.000000 0.196971 0.233647
461.000000 380.000000 0.224489 0.233421
487.000000 380.000000 0.266452 0.233074
610.000000 380.000000 0.465046 0.232503
499.000000 381.000000 0.285765 0.234534
503.000000 381.000000 0.292203 0.234485
601.000000 381.000000 0.450335 0.234041
390.000000 382.000000 0.109093 0.237487
497.000000 382.000000 0.282533 0.236174
564.000000 382.000000 0.390349 0.235585
603.000000 382.000000 0.453610 0.235683
607.000000 382.000000 0.460153 0.235722
381.000000 383.000000 0.094384 0.239179
443.000000 383.000000 0.195311 0.238504
494.000000 383.000000 0.277690 0.237826
512.000000 383.000000 0.306659 0.237607
615.000000 383.000000 0.473297 0.237448
388.000000 384.000000 0.105810 0.240736
437.000000 384.000000 0.185569 0.240196
441.000000 384.000000 0.192056 0.240145
462.000000 384.000000 0.226051 0.239866
464.000000 384.000000 0.229284 0.239839
601.000000 384.000000 0.450360 0.238914
610.000000 384.000000 0.465094 0.239009
626.000000 384.000000 0.491485 0.239265
630.000000 384.000000 0.498130 0.239349
420.000000 385.000000 0.157946 0.242020
439.000000 385.000000 0.188800 0.241785
396.000000 386.000000 0.118847 0.243892
418.000000 386.000000 0.154682 0.243657
493.000000 386.000000 0.276041 0.242681
501.000000 386.000000 0.288923 0.242581
602.000000 386.000000 0.452012 0.242173
636.000000 386.000000 0.508191 0.242762
332.000000 387.000000 0.014153 0.245876
386.000000 387.000000 0.102518 0.245597
402.000000 387.000000 0.128620 0.245446
413.000000 387.000000 0.146535 0.245328
608.000000 387.000000 0.461849 0.243864
632.000000 387.000000 0.501532 0.244297
327.000000 388.000000 0.005959 0.247496
395.000000 388.000000 0.117197 0.247130
406.000000 388.000000 0.135127 0.247019
479.000000 388.000000 0.253448 0.246091
614.000000 388.000000 0.471724 0.245575
622.000000 388.000000 0.484934 0.245713
321.000000 389.000000 -0.003873 0.249112
325.000000 389.000000 0.002681 0.249112
604.000000 389.000000 0.455316 0.247071
607.000000 389.000000 0.460233 0.247106
626.000000 389.000000 0.491589 0.247427
631.000000 389.000000 0.499912 0.247542
323.000000 390.000000 -0.000596 0.250726
508.000000 390.000000 0.300142 0.248953
590.000000 391.000000 0.432475 0.250200
455.000000 392.000000 0.214624 0.252866
475.000000 392.000000 0.246941 0.252597
623.000000 392.000000 0.486672 0.252262
458.000000 393.000000 0.219463 0.254438
490.000000 393.000000 0.271118 0.254013
635.000000 394.000000 0.506736 0.255833
173.000000 395.000000 -0.244962 0.257530
423.000000 395.000000 0.162703 0.258115
284.000000 396.000000 -0.064435 0.260305
286.000000 396.000000 -0.061164 0.260315
462.000000 396.000000 0.225890 0.259221
486.000000 396.000000 0.264632 0.258902
294.000000 397.000000 -0.048071 0.261963
318.000000 397.000000 -0.008784 0.262016
309.000000 399.000000 -0.023516 0.265229
315.000000 399.000000 -0.013695 0.265237
346.000000 399.000000 0.037048 0.265197
420.000000 399.000000 0.157781 0.264597
489.000000 399.000000 0.269430 0.263701
598.000000 399.000000 0.445603 0.263271
600.000000 399.000000 0.448879 0.263295
634.000000 399.000000 0.505206 0.264001
508.000000 400.000000 0.300030 0.265088
315.000000 401.000000 -0.013693 0.268459
345.000000 401.000000 0.035405 0.268422
417.000000 401.000000 0.152881 0.267854
496.000000 401.000000 0.280688 0.266840
476.000000 402.000000 0.248422 0.268704
491.000000 402.000000 0.272617 0.268513
340.000000 403.000000 0.027219 0.271658
344.000000 403.000000 0.033762 0.271646
510.000000 403.000000 0.303219 0.269906
635.000000 403.000000 0.507015 0.270599
494.000000 404.000000 0.277428 0.271700
500.000000 404.000000 0.287098 0.271630
486.000000 405.000000 0.264518 0.273410
507.000000 405.000000 0.298365 0.273165
511.000000 405.000000 0.304809 0.273123
592.000000 405.000000 0.435853 0.272969
432.000000 406.000000 0.177179 0.275722
517.000000 406.000000 0.314465 0.274677
601.000000 406.000000 0.450614 0.274710
605.000000 406.000000 0.457192 0.274773
592.000000 407.000000 0.435874 0.276223
612.000000 407.000000 0.468763 0.276537
616.000000 407.000000 0.475389 0.276625
634.000000 407.000000 0.505466 0.277139
305.000000 409.000000 -0.030040 0.281319
628.000000 409.000000 0.495450 0.280228
308.000000 410.000000 -0.025132 0.282934
312.000000 410.000000 -0.018591 0.282940
398.000000 410.000000 0.121872 0.282544
434.000000 410.000000 0.180373 0.282135
436.000000 410.000000 0.183616 0.282110
470.000000 410.000000 0.238631 0.281669
497.000000 410.000000 0.282194 0.281338
303.000000 411.000000 -0.033305 0.284531
504.000000 411.000000 0.293467 0.282873
300.000000 412.000000 -0.038206 0.286130
472.000000 412.000000 0.241835 0.284864
594.000000 412.000000 0.439211 0.284391
246.000000 414.000000 -0.126315 0.288995
307.000000 415.000000 -0.026757 0.290970
324.000000 415.000000 0.001033 0.290984
425.000000 415.000000 0.165710 0.290287
428.000000 415.000000 0.170579 0.290251
305.000000 417.000000 -0.030021 0.294179
347.000000 417.000000 0.038618 0.294151
350.000000 417.000000 0.043519 0.294139
427.000000 417.000000 0.168932 0.293479
250.000000 418.000000 -0.119765 0.295462
279.000000 418.000000 -0.072482 0.295679
353.000000 418.000000 0.048415 0.295733
569.000000 418.000000 0.398464 0.293925
422.000000 419.000000 0.160794 0.296753
558.000000 419.000000 0.380610 0.295511
304.000000 420.000000 -0.031648 0.298995
376.000000 420.000000 0.085936 0.298808
554.000000 420.000000 0.374128 0.297127
616.000000 420.000000 0.475724 0.297930
220.000000 421.000000 -0.168514 0.299975
223.000000 421.000000 -0.163643 0.300008
226.000000 421.000000 -0.158770 0.300041
355.000000 421.000000 0.051666 0.300541
574.000000 421.000000 0.406622 0.298832
627.000000 421.000000 0.494179 0.299936
281.000000 422.000000 -0.069196 0.302115
303.000000 422.000000 -0.033277 0.302204
349.000000 422.000000 0.041866 0.302172
373.000000 422.000000 0.081030 0.302041
439.000000 422.000000 0.188328 0.301371
370.000000 423.000000 0.076131 0.303667
377.000000 423.000000 0.087544 0.303617
570.000000 423.000000 0.400121 0.302055
572.000000 423.000000 0.403378 0.302070
600.000000 423.000000 0.449265 0.302454
636.000000 423.000000 0.509486 0.303609
293.000000 424.000000 -0.049600 0.305382
360.000000 424.000000 0.059812 0.305332
597.000000 424.000000 0.444337 0.304029
274.000000 425.000000 -0.080597 0.306889
409.000000 425.000000 0.139611 0.306537
445.000000 425.000000 0.198010 0.306119
614.000000 425.000000 0.472536 0.306085
632.000000 425.000000 0.502784 0.306740
369.000000 426.000000 0.074481 0.308488
405.000000 426.000000 0.133099 0.308184
602.000000 426.000000 0.452635 0.307409
605.000000 426.000000 0.457602 0.307481
626.000000 426.000000 0.492685 0.308145
367.000000 427.000000 0.071213 0.310105
373.000000 427.000000 0.080995 0.310066
446.000000 427.000000 0.199605 0.309322
624.000000 427.000000 0.489354 0.309718
377.000000 428.000000 0.087507 0.311642
404.000000 428.000000 0.131453 0.311405
603.000000 428.000000 0.454338 0.310711
610.000000 428.000000 0.465960 0.310897
632.000000 428.000000 0.502917 0.311705
636.000000 428.000000 0.509721 0.311893
328.000000 429.000000 0.007558 0.313456
361.000000 429.000000 0.061416 0.313349
615.000000 429.000000 0.474330 0.312696
625.000000 429.000000 0.491117 0.313060
319.000000 430.000000 -0.007136 0.315062
451.000000 430.000000 0.207662 0.314084
457.000000 430.000000 0.217369 0.314012
622.000000 430.000000 0.486104 0.314594
325.000000 431.000000 0.002659 0.316665
448.000000 431.000000 0.202795 0.315727
616.000000 431.000000 0.476070 0.316024
192.000000 432.000000 -0.213780 0.317340
316.000000 432.000000 -0.012033 0.318268
321.000000 432.000000 -0.003871 0.318269
607.000000 432.000000 0.461083 0.317385
633.000000 432.000000 0.504804 0.318383
296.000000 433.000000 -0.044671 0.319830
299.000000 433.000000 -0.039776 0.319839
318.000000 433.000000 -0.008768 0.319872
328.000000 433.000000 0.007555 0.319869
447.000000 433.000000 0.201152 0.318953
626.000000 433.000000 0.492973 0.319717
314.000000 434.000000 -0.015296 0.321472
622.000000 434.000000 0.486262 0.321203
312.000000 435.000000 -0.018558 0.323073
450.000000 435.000000 0.205985 0.322132
456.000000 435.000000 0.215694 0.322063
533.000000 435.000000 0.340118 0.321441
605.000000 435.000000 0.457844 0.322260
616.000000 435.000000 0.476213 0.322622
213.000000 436.000000 -0.179707 0.323998
297.000000 436.000000 -0.043030 0.324642
306.000000 436.000000 -0.028347 0.324666
393.000000 436.000000 0.113490 0.324344
415.000000 436.000000 0.149242 0.324131
424.000000 436.000000 0.163847 0.324034
463.000000 436.000000 0.227003 0.323592
611.000000 436.000000 0.467877 0.324095
619.000000 436.000000 0.481291 0.324389
628.000000 436.000000 0.496497 0.324780
636.000000 436.000000 0.510133 0.325188
309.000000 437.000000 -0.023451 0.326274
323.000000 437.000000 -0.000608 0.326283
399.000000 437.000000 0.123238 0.325894
447.000000 437.000000 0.201106 0.325381
533.000000 437.000000 0.340115 0.324680
625.000000 437.000000 0.491458 0.326300
318.000000 438.000000 -0.008766 0.327885
392.000000 438.000000 0.111846 0.327560
426.000000 438.000000 0.167069 0.327223
453.000000 438.000000 0.210806 0.326920
462.000000 438.000000 0.225364 0.326820
219.000000 439.000000 -0.169943 0.328879
222.000000 439.000000 -0.165075 0.328909
300.000000 439.000000 -0.038127 0.329459
417.000000 439.000000 0.152457 0.328924
526.000000 439.000000 0.328782 0.327932
536.000000 439.000000 0.344972 0.327919
256.000000 440.000000 -0.109812 0.330823
290.000000 440.000000 -0.054430 0.331027
296.000000 440.000000 -0.044648 0.331049
306.000000 440.000000 -0.028339 0.331075
392.000000 440.000000 0.111829 0.330767
427.000000 440.000000 0.168669 0.330422
188.000000 441.000000 -0.220161 0.331771
288.000000 441.000000 -0.057687 0.332621
303.000000 441.000000 -0.033230 0.332671
317.000000 441.000000 -0.010396 0.332691
390.000000 441.000000 0.108568 0.332387
551.000000 441.000000 0.369319 0.331203
556.000000 441.000000 0.377453 0.331234
296.000000 442.000000 -0.044641 0.334253
352.000000 442.000000 0.046680 0.334229
419.000000 442.000000 0.155671 0.333716
525.000000 442.000000 0.327157 0.332790
532.000000 442.000000 0.338492 0.332782
561.000000 442.000000 0.385608 0.332903
253.000000 443.000000 -0.114669 0.335610
255.000000 443.000000 -0.111416 0.335625
300.000000 443.000000 -0.038116 0.335867
314.000000 443.000000 -0.015287 0.335892
348.000000 443.000000 0.040156 0.335846
548.000000 443.000000 0.364453 0.334439
568.000000 443.000000 0.397049 0.334611
214.000000 444.000000 -0.178003 0.336857
216.000000 444.000000 -0.174759 0.336877
222.000000 444.000000 -0.165025 0.336936
352.000000 444.000000 0.046672 0.337433
392.000000 444.000000 0.111795 0.337179
418.000000 444.000000 0.154028 0.336936
572.000000 444.000000 0.403610 0.336299
579.000000 444.000000 0.415094 0.336415
252.000000 445.000000 -0.116280 0.338808
312.000000 445.000000 -0.018546 0.339093
399.000000 445.000000 0.123165 0.338721
519.000000 445.000000 0.317439 0.337661
535.000000 445.000000 0.343355 0.337648
548.000000 445.000000 0.364463 0.337691
283.000000 446.000000 -0.065812 0.340608
306.000000 446.000000 -0.028327 0.340685
344.000000 446.000000 0.033626 0.340664
394.000000 446.000000 0.115030 0.340368
538.000000 446.000000 0.348224 0.339276
554.000000 446.000000 0.374234 0.339358
556.000000 446.000000 0.377493 0.339375
585.000000 446.000000 0.425012 0.339816
592.000000 446.000000 0.436579 0.339988
396.000000 447.000000 0.118272 0.341954
399.000000 447.000000 0.123148 0.341928
515.000000 447.000000 0.310961 0.340909
542.000000 447.000000 0.354722 0.340913
560.000000 447.000000 0.384027 0.341044
588.000000 447.000000 0.429988 0.341529
316.000000 448.000000 -0.012022 0.343900
348.000000 448.000000 0.040138 0.343853
389.000000 448.000000 0.106885 0.343614
402.000000 448.000000 0.128013 0.343504
420.000000 448.000000 0.157233 0.343333
526.000000 448.000000 0.328769 0.342508
553.000000 448.000000 0.372621 0.342607
566.000000 448.000000 0.393844 0.342749
598.000000 448.000000 0.446595 0.343456
605.000000 448.000000 0.458269 0.343694
618.000000 448.000000 0.480123 0.344235
318.000000 449.000000 -0.008762 0.345502
533.000000 449.000000 0.340118 0.344135
558.000000 449.000000 0.380784 0.344285
572.000000 449.000000 0.403689 0.344477
576.000000 449.000000 0.410257 0.344549
594.000000 449.000000 0.439979 0.344982
611.000000 449.000000 0.468366 0.345585
615.000000 449.000000 0.475102 0.345758
349.000000 450.000000 0.041761 0.347052
514.000000 450.000000 0.309334 0.345766
531.000000 450.000000 0.336875 0.345754
565.000000 450.000000 0.392235 0.346004
579.000000 450.000000 0.415212 0.346248
602.000000 450.000000 0.453328 0.346892
607.000000 450.000000 0.461693 0.347079
631.000000 450.000000 0.502369 0.348271
283.000000 451.000000 -0.065789 0.348616
332.000000 451.000000 0.014056 0.348696
494.000000 451.000000 0.276977 0.347473
510.000000 451.000000 0.302857 0.347396
537.000000 451.000000 0.346616 0.347394
545.000000 451.000000 0.359619 0.347433
584.000000 451.000000 0.423478 0.348004
589.000000 451.000000 0.431746 0.348133
628.000000 451.000000 0.497288 0.349764
636.000000 451.000000 0.511044 0.350269
422.000000 452.000000 0.160437 0.349731
543.000000 452.000000 0.356372 0.349048
549.000000 452.000000 0.366138 0.349091
553.000000 452.000000 0.372657 0.349126
621.000000 452.000000 0.485407 0.351044
625.000000 452.000000 0.492218 0.351263
557.000000 453.000000 0.379196 0.350801
567.000000 453.000000 0.395556 0.350940
578.000000 453.000000 0.413629 0.351150
582.000000 453.000000 0.420225 0.351242
596.000000 453.000000 0.443428 0.351642
523.000000 454.000000 0.323907 0.352235
555.000000 454.000000 0.375941 0.352410
561.000000 454.000000 0.385746 0.352486
565.000000 454.000000 0.392295 0.352545
590.000000 454.000000 0.433489 0.353104
598.000000 454.000000 0.446795 0.353363
634.000000 454.000000 0.507791 0.355174
254.000000 455.000000 -0.112953 0.354851
384.000000 455.000000 0.098702 0.354867
509.000000 455.000000 0.301227 0.353871
532.000000 455.000000 0.338510 0.353875
558.000000 455.000000 0.380854 0.354080
580.000000 455.000000 0.416973 0.354482
595.000000 455.000000 0.441830 0.354912
615.000000 455.000000 0.475385 0.355738
414.000000 456.000000 0.147422 0.356223
498.000000 456.000000 0.283420 0.355527
505.000000 456.000000 0.294749 0.355500
524.000000 456.000000 0.325530 0.355480
528.000000 456.000000 0.332020 0.355488
535.000000 456.000000 0.343387 0.355512
574.000000 456.000000 0.407108 0.355988
603.000000 456.000000 0.455228 0.356863
258.000000 457.000000 -0.106436 0.358084
388.000000 457.000000 0.105190 0.358042
419.000000 457.000000 0.155525 0.357782
431.000000 457.000000 0.174981 0.357670
553.000000 457.000000 0.372710 0.357285
566.000000 457.000000 0.393984 0.357474
607.000000 457.000000 0.461984 0.358691
628.000000 457.000000 0.497655 0.359818
261.000000 458.000000 -0.101551 0.359706
426.000000 458.000000 0.166867 0.359322
540.000000 458.000000 0.351530 0.358796
545.000000 458.000000 0.359672 0.358835
559.000000 458.000000 0.382531 0.358998
587.000000 458.000000 0.428632 0.359611
609.000000 458.000000 0.465396 0.360445
624.000000 458.000000 0.490861 0.361245
632.000000 458.000000 0.504612 0.361766
410.000000 459.000000 0.140905 0.361070
417.000000 459.000000 0.152263 0.361009
503.000000 459.000000 0.291502 0.360360
524.000000 459.000000 0.325536 0.360350
529.000000 459.000000 0.333653 0.360365
566.000000 459.000000 0.394020 0.360752
580.000000 459.000000 0.417073 0.361063
603.000000 459.000000 0.455351 0.361841
621.000000 459.000000 0.485795 0.362742
338.000000 460.000000 0.023815 0.363089
436.000000 460.000000 0.183055 0.362442
552.000000 460.000000 0.371113 0.362174
558.000000 460.000000 0.380924 0.362256
572.000000 460.000000 0.403903 0.362515
584.000000 460.000000 0.423719 0.362822
623.000000 460.000000 0.489272 0.364538
636.000000 460.000000 0.511689 0.365431
499.000000 461.000000 0.285020 0.363608
529.000000 461.000000 0.333661 0.363616
534.000000 461.000000 0.341788 0.363642
541.000000 461.000000 0.353181 0.363692
600.000000 461.000000 0.450404 0.365037
337.000000 462.000000 0.022182 0.366292
347.000000 462.000000 0.038463 0.366266
442.000000 462.000000 0.192757 0.365602
502.000000 462.000000 0.289875 0.365218
507.000000 462.000000 0.297974 0.365209
571.000000 462.000000 0.402301 0.365779
594.000000 462.000000 0.440411 0.366460
634.000000 462.000000 0.508365 0.368659
636.000000 462.000000 0.511843 0.368814
448.000000 463.000000 0.202465 0.367159
453.000000 463.000000 0.210561 0.367118
497.000000 463.000000 0.281776 0.366849
518.000000 463.000000 0.315808 0.366833
522.000000 463.000000 0.322300 0.366842
553.000000 463.000000 0.372787 0.367092
565.000000 463.000000 0.392454 0.367295
614.000000 463.000000 0.474107 0.369040
253.000000 464.000000 -0.114517 0.369269
261.000000 464.000000 -0.101514 0.369319
435.000000 464.000000 0.181400 0.368877
512.000000 464.000000 0.306078 0.368449
541.000000 464.000000 0.353208 0.368585
548.000000 464.000000 0.364629 0.368661
593.000000 464.000000 0.438817 0.369738
608.000000 464.000000 0.463998 0.370396
632.000000 464.000000 0.505046 0.371889
446.000000 465.000000 0.199210 0.370392
465.000000 465.000000 0.229970 0.370247
521.000000 465.000000 0.320682 0.370089
554.000000 465.000000 0.374453 0.370381
578.000000 465.000000 0.413929 0.370897
585.000000 465.000000 0.425532 0.371111
612.000000 465.000000 0.470822 0.372277
627.000000 465.000000 0.496471 0.373213
350.000000 466.000000 0.043333 0.372658
462.000000 466.000000 0.225107 0.371879
472.000000 466.000000 0.241294 0.371813
496.000000 466.000000 0.280148 0.371706
560.000000 466.000000 0.384303 0.372122
572.000000 466.000000 0.404044 0.372385
581.000000 466.000000 0.418927 0.372637
356.000000 467.000000 0.053093 0.374237
527.000000 467.000000 0.330440 0.373369
537.000000 467.000000 0.346717 0.373443
599.000000 467.000000 0.448984 0.374970
604.000000 467.000000 0.457396 0.375205
623.000000 467.000000 0.489723 0.376308
566.000000 468.000000 0.394205 0.375533
573.000000 468.000000 0.405747 0.375708
579.000000 468.000000 0.415673 0.375880
592.000000 468.000000 0.437302 0.376338
513.000000 469.000000 0.307706 0.376566
543.000000 469.000000 0.356525 0.376774
548.000000 469.000000 0.364696 0.376841
595.000000 469.000000 0.442363 0.378124
612.000000 469.000000 0.471047 0.378979
634.000000 469.000000 0.508923 0.380525
369.000000 470.000000 0.074222 0.378982
580.000000 470.000000 0.417395 0.379220
607.000000 470.000000 0.462619 0.380374
587.000000 471.000000 0.429073 0.381125
626.000000 472.000000 0.495258 0.384977
594.000000 473.000000 0.440862 0.384743
601.000000 473.000000 0.452637 0.385080
605.000000 473.000000 0.459396 0.385291
388.000000 474.000000 0.105075 0.385283
585.000000 474.000000 0.425853 0.386031
596.000000 474.000000 0.444266 0.386504
633.000000 475.000000 0.507692 0.390661
398.000000 476.000000 0.121299 0.388426
609.000000 476.000000 0.466360 0.390563
614.000000 476.000000 0.474894 0.390883
636.000000 476.000000 0.513052 0.392648
