628.000000 10.000000 0.496601 -0.367986
624.000000 13.000000 0.489587 -0.362758
177.000000 28.000000 -0.237364 -0.337221
138.000000 61.000000 -0.300660 -0.283894
143.000000 64.000000 -0.292648 -0.279148
131.000000 93.000000 -0.312357 -0.232417
150.000000 98.000000 -0.281881 -0.224660
287.000000 109.000000 -0.059590 -0.208624
5.000000 115.000000 -0.516880 -0.196471
290.000000 165.000000 -0.054907 -0.117647
290.000000 174.000000 -0.054935 -0.102929
14.000000 201.000000 -0.501692 -0.057232
10.000000 206.000000 -0.508245 -0.049140
12.000000 207.000000 -0.504972 -0.047526
53.000000 207.000000 -0.438579 -0.047649
16.000000 214.000000 -0.498450 -0.036213
11.000000 217.000000 -0.506627 -0.031351
48.000000 230.000000 -0.446699 -0.010425
54.000000 232.000000 -0.437060 -0.007205
31.000000 238.000000 -0.474145 0.002564
47.000000 239.000000 -0.448331 0.004141
44.000000 241.000000 -0.453166 0.007384
40.000000 243.000000 -0.459617 0.010630
45.000000 243.000000 -0.451560 0.010618
56.000000 243.000000 -0.433875 0.010594
16.000000 245.000000 -0.498533 0.013932
27.000000 252.000000 -0.480663 0.025225
19.000000 257.000000 -0.493682 0.033340
29.000000 257.000000 -0.477434 0.033310
49.000000 257.000000 -0.445149 0.033269
35.000000 258.000000 -0.467725 0.034913
147.000000 266.000000 -0.288106 0.047961
16.000000 272.000000 -0.498630 0.057630
17.000000 357.000000 -0.497666 0.195486
187.000000 365.000000 -0.222711 0.209252
221.000000 368.000000 -0.167501 0.214518
36.000000 370.000000 -0.466544 0.216393
22.000000 373.000000 -0.489641 0.221458
7.000000 374.000000 -0.514643 0.223396
41.000000 380.000000 -0.458450 0.232597
59.000000 382.000000 -0.429084 0.235717
184.000000 383.000000 -0.227335 0.238310
61.000000 384.000000 -0.425840 0.238954
16.000000 386.000000 -0.499876 0.242795
21.000000 387.000000 -0.491565 0.244315
13.000000 388.000000 -0.504944 0.246142
5.000000 389.000000 -0.518429 0.248015
185.000000 393.000000 -0.225587 0.254460
188.000000 393.000000 -0.220733 0.254499
191.000000 397.000000 -0.215825 0.260987
194.000000 399.000000 -0.210942 0.264250
193.000000 404.000000 -0.212497 0.272293
185.000000 410.000000 -0.225370 0.281856
38.000000 414.000000 -0.463931 0.288091
38.000000 417.000000 -0.464000 0.293004
42.000000 417.000000 -0.457371 0.292913
44.000000 425.000000 -0.454239 0.305972
46.000000 426.000000 -0.450949 0.307564
43.000000 430.000000 -0.456025 0.314202
35.000000 431.000000 -0.469389 0.316084
44.000000 436.000000 -0.454530 0.324036
144.000000 436.000000 -0.291371 0.323324
49.000000 440.000000 -0.446330 0.330474
46.000000 441.000000 -0.451349 0.332208
48.000000 442.000000 -0.448050 0.333794
15.000000 446.000000 -0.503934 0.341869
17.000000 448.000000 -0.500619 0.345095
22.000000 449.000000 -0.492119 0.346479
