25.000000 19.000000 -0.485939 -0.352926
215.000000 82.000000 -0.176671 -0.251356
225.000000 91.000000 -0.160565 -0.237038
52.000000 110.000000 -0.439753 -0.204317
142.000000 132.000000 -0.295247 -0.169750
64.000000 149.000000 -0.420569 -0.141437
61.000000 178.000000 -0.425580 -0.094577
69.000000 179.000000 -0.412748 -0.093012
71.000000 180.000000 -0.409548 -0.091409
41.000000 182.000000 -0.457802 -0.088013
107.000000 228.000000 -0.352212 -0.013844
107.000000 232.000000 -0.352223 -0.007349
110.000000 235.000000 -0.347431 -0.002484
103.000000 238.000000 -0.358634 0.002402
117.000000 239.000000 -0.336237 0.004002
121.000000 243.000000 -0.329837 0.010500
53.000000 248.000000 -0.438703 0.018694
55.000000 249.000000 -0.435492 0.020309
77.000000 251.000000 -0.400234 0.023521
139.000000 253.000000 -0.300980 0.026770
124.000000 258.000000 -0.325030 0.034893
68.000000 260.000000 -0.414651 0.038109
131.000000 260.000000 -0.313807 0.038157
136.000000 261.000000 -0.305784 0.039793
125.000000 263.000000 -0.323420 0.043027
136.000000 263.000000 -0.305781 0.043049
117.000000 264.000000 -0.336233 0.044638
126.000000 265.000000 -0.321813 0.046282
131.000000 265.000000 -0.313797 0.046293
66.000000 266.000000 -0.417858 0.047828
76.000000 266.000000 -0.401837 0.047831
64.000000 273.000000 -0.421065 0.059166
113.000000 273.000000 -0.342616 0.059252
61.000000 274.000000 -0.425878 0.060785
66.000000 274.000000 -0.417856 0.060787
139.000000 275.000000 -0.300929 0.062592
121.000000 276.000000 -0.329794 0.064152
134.000000 279.000000 -0.308939 0.069081
117.000000 280.000000 -0.336187 0.070637
137.000000 280.000000 -0.304119 0.070722
142.000000 281.000000 -0.296085 0.072372
134.000000 282.000000 -0.308925 0.073962
162.000000 283.000000 -0.263891 0.075730
129.000000 284.000000 -0.316937 0.077190
132.000000 284.000000 -0.312125 0.077205
165.000000 284.000000 -0.259048 0.077377
169.000000 284.000000 -0.252594 0.077398
138.000000 285.000000 -0.302490 0.078862
169.000000 286.000000 -0.252583 0.080660
227.000000 301.000000 -0.158328 0.105523
229.000000 301.000000 -0.155062 0.105535
296.000000 388.000000 -0.044831 0.247452
112.000000 389.000000 -0.343380 0.247177
267.000000 389.000000 -0.092273 0.248906
127.000000 400.000000 -0.319112 0.265073
259.000000 400.000000 -0.105251 0.266581
261.000000 400.000000 -0.101987 0.266597
120.000000 401.000000 -0.330390 0.266629
125.000000 401.000000 -0.322327 0.266671
116.000000 404.000000 -0.336821 0.271447
152.000000 404.000000 -0.278755 0.271786
111.000000 405.000000 -0.344884 0.273032
151.000000 406.000000 -0.280345 0.275001
98.000000 407.000000 -0.365880 0.276211
262.000000 410.000000 -0.100276 0.282702
260.000000 411.000000 -0.103529 0.284295
262.000000 412.000000 -0.100260 0.285919
66.000000 413.000000 -0.417871 0.286031
155.000000 417.000000 -0.273769 0.292779
268.000000 417.000000 -0.090437 0.294001
36.000000 418.000000 -0.467347 0.294692
42.000000 419.000000 -0.457415 0.296187
24.000000 420.000000 -0.487457 0.298336
19.000000 421.000000 -0.495913 0.300167
268.000000 421.000000 -0.090408 0.300427
17.000000 423.000000 -0.499375 0.303549
36.000000 423.000000 -0.467480 0.302897
21.000000 424.000000 -0.492653 0.305040
24.000000 425.000000 -0.487635 0.306577
259.000000 427.000000 -0.105030 0.309992
17.000000 434.000000 -0.499867 0.321768
133.000000 437.000000 -0.309156 0.324874
133.000000 448.000000 -0.309115 0.342664
33.000000 451.000000 -0.473536 0.349252
63.000000 451.000000 -0.423417 0.348193
36.000000 452.000000 -0.468516 0.350776
131.000000 453.000000 -0.312348 0.350758
154.000000 454.000000 -0.275084 0.352446
53.000000 455.000000 -0.440136 0.355081
51.000000 456.000000 -0.443508 0.356805
133.000000 456.000000 -0.309103 0.355620
137.000000 456.000000 -0.302617 0.355624
54.000000 457.000000 -0.438537 0.358353
227.000000 457.000000 -0.156793 0.357845
225.000000 458.000000 -0.160030 0.359433
139.000000 459.000000 -0.299371 0.360486
136.000000 461.000000 -0.304236 0.363726
139.000000 461.000000 -0.299369 0.363726
108.000000 466.000000 -0.349806 0.371995
58.000000 468.000000 -0.432263 0.376432
134.000000 469.000000 -0.307495 0.376714
136.000000 469.000000 -0.304246 0.376708
55.000000 472.000000 -0.437448 0.383208
54.000000 475.000000 -0.439262 0.388257
59.000000 475.000000 -0.430874 0.388033
98.000000 475.000000 -0.366299 0.386875
