172.000000 67.000000 -0.245965 -0.274760
323.000000 67.000000 -0.000598 -0.276223
298.000000 106.000000 -0.041560 -0.213515
302.000000 109.000000 -0.035016 -0.208685
147.000000 126.000000 -0.287126 -0.179508
144.000000 127.000000 -0.291962 -0.177850
163.000000 127.000000 -0.261393 -0.178127
165.000000 128.000000 -0.258185 -0.176541
139.000000 129.000000 -0.300023 -0.174551
168.000000 132.000000 -0.253408 -0.170121
5.000000 136.000000 -0.516653 -0.162416
290.000000 136.000000 -0.054798 -0.164904
309.000000 140.000000 -0.023599 -0.158457
181.000000 143.000000 -0.232577 -0.152499
218.000000 147.000000 -0.172633 -0.146459
5.000000 150.000000 -0.516556 -0.139741
4.000000 153.000000 -0.518194 -0.134890
11.000000 155.000000 -0.506633 -0.131623
180.000000 158.000000 -0.234379 -0.128158
3.000000 159.000000 -0.519819 -0.125182
5.000000 164.000000 -0.516493 -0.117081
7.000000 165.000000 -0.513191 -0.115457
179.000000 175.000000 -0.236179 -0.100515
151.000000 176.000000 -0.281325 -0.098607
153.000000 177.000000 -0.278119 -0.097003
155.000000 178.000000 -0.274911 -0.095398
5.000000 181.000000 -0.516454 -0.089576
176.000000 181.000000 -0.241084 -0.090720
3.000000 186.000000 -0.519745 -0.081489
179.000000 192.000000 -0.236329 -0.072825
148.000000 193.000000 -0.286302 -0.070952
150.000000 194.000000 -0.283095 -0.069341
154.000000 195.000000 -0.276669 -0.067746
129.000000 197.000000 -0.316828 -0.064305
12.000000 198.000000 -0.504960 -0.062080
177.000000 205.000000 -0.239651 -0.051608
40.000000 206.000000 -0.459506 -0.049216
35.000000 213.000000 -0.467604 -0.037881
29.000000 215.000000 -0.477319 -0.034629
36.000000 222.000000 -0.466016 -0.023330
49.000000 223.000000 -0.445069 -0.021753
29.000000 225.000000 -0.477347 -0.018458
49.000000 225.000000 -0.445075 -0.018517
38.000000 228.000000 -0.462804 -0.013631
29.000000 230.000000 -0.477361 -0.010371
45.000000 235.000000 -0.451540 -0.002327
190.000000 235.000000 -0.218720 -0.002633
59.000000 236.000000 -0.429045 -0.000744
65.000000 237.000000 -0.419427 0.000861
67.000000 239.000000 -0.416227 0.004095
55.000000 240.000000 -0.435475 0.005740
186.000000 240.000000 -0.225208 0.005551
59.000000 242.000000 -0.429059 0.008969
189.000000 243.000000 -0.220349 0.010457
4.000000 245.000000 -0.518184 0.013972
13.000000 247.000000 -0.503438 0.017177
56.000000 247.000000 -0.433883 0.017070
187.000000 247.000000 -0.223590 0.017001
15.000000 248.000000 -0.500175 0.018789
48.000000 248.000000 -0.446742 0.018704
59.000000 248.000000 -0.429070 0.018684
192.000000 248.000000 -0.215485 0.018638
74.000000 249.000000 -0.405034 0.020283
78.000000 249.000000 -0.398632 0.020279
19.000000 250.000000 -0.493659 0.022012
182.000000 250.000000 -0.231685 0.021905
90.000000 251.000000 -0.379438 0.023512
93.000000 251.000000 -0.374640 0.023511
188.000000 252.000000 -0.221967 0.025180
198.000000 252.000000 -0.205745 0.025190
58.000000 254.000000 -0.430683 0.028400
62.000000 254.000000 -0.424265 0.028395
64.000000 254.000000 -0.421058 0.028393
177.000000 254.000000 -0.239770 0.028439
190.000000 254.000000 -0.218723 0.028454
192.000000 255.000000 -0.215479 0.030093
196.000000 255.000000 -0.208988 0.030099
60.000000 257.000000 -0.427477 0.033255
131.000000 259.000000 -0.313809 0.036529
138.000000 261.000000 -0.302575 0.039797
146.000000 261.000000 -0.289725 0.039812
50.000000 263.000000 -0.443548 0.042980
214.000000 264.000000 -0.179697 0.044875
158.000000 265.000000 -0.270408 0.046361
150.000000 266.000000 -0.283282 0.047970
152.000000 266.000000 -0.280064 0.047975
209.000000 267.000000 -0.187831 0.049777
133.000000 268.000000 -0.310582 0.051180
152.000000 269.000000 -0.280055 0.052865
203.000000 269.000000 -0.197585 0.053033
213.000000 272.000000 -0.181302 0.057979
219.000000 272.000000 -0.171523 0.058000
150.000000 273.000000 -0.283259 0.059377
209.000000 273.000000 -0.187812 0.059603
47.000000 275.000000 -0.448390 0.062409
49.000000 275.000000 -0.445169 0.062407
50.000000 277.000000 -0.443560 0.065644
149.000000 277.000000 -0.284851 0.065890
151.000000 277.000000 -0.281634 0.065899
144.000000 278.000000 -0.292885 0.067497
187.000000 278.000000 -0.223516 0.067692
89.000000 283.000000 -0.380998 0.075411
189.000000 283.000000 -0.220251 0.075872
16.000000 284.000000 -0.498683 0.077060
149.000000 284.000000 -0.284818 0.077291
166.000000 284.000000 -0.257435 0.077382
211.000000 284.000000 -0.184509 0.077619
86.000000 285.000000 -0.385795 0.078645
106.000000 285.000000 -0.353781 0.078713
161.000000 286.000000 -0.265487 0.080615
55.000000 287.000000 -0.435516 0.081834
92.000000 287.000000 -0.376184 0.081906
187.000000 287.000000 -0.223470 0.082395
199.000000 287.000000 -0.204006 0.082463
190.000000 288.000000 -0.218603 0.084046
85.000000 289.000000 -0.387385 0.085126
194.000000 289.000000 -0.212110 0.085703
202.000000 289.000000 -0.199121 0.085749
210.000000 290.000000 -0.186105 0.087430
218.000000 290.000000 -0.173074 0.087474
194.000000 291.000000 -0.212098 0.088970
196.000000 291.000000 -0.208853 0.088982
228.000000 291.000000 -0.156752 0.089164
158.000000 293.000000 -0.270278 0.092002
221.000000 293.000000 -0.168166 0.092400
237.000000 294.000000 -0.142025 0.094123
188.000000 295.000000 -0.221800 0.095463
190.000000 295.000000 -0.218559 0.095476
241.000000 295.000000 -0.135475 0.095781
209.000000 296.000000 -0.187697 0.097234
215.000000 296.000000 -0.177928 0.097272
301.000000 312.000000 -0.036832 0.123855
144.000000 368.000000 -0.292073 0.213567
149.000000 368.000000 -0.284021 0.213627
145.000000 371.000000 -0.290428 0.218428
148.000000 371.000000 -0.285596 0.218464
166.000000 383.000000 -0.256421 0.238076
190.000000 387.000000 -0.217573 0.244845
132.000000 390.000000 -0.311151 0.248974
205.000000 392.000000 -0.193203 0.253104
326.000000 392.000000 0.004318 0.253952
200.000000 394.000000 -0.201284 0.256266
203.000000 395.000000 -0.196408 0.257916
187.000000 397.000000 -0.222299 0.260936
332.000000 398.000000 0.014137 0.263621
359.000000 399.000000 0.058312 0.265139
162.000000 400.000000 -0.262664 0.265455
183.000000 401.000000 -0.228719 0.267332
149.000000 402.000000 -0.283617 0.268527
321.000000 403.000000 -0.003872 0.271683
167.000000 404.000000 -0.254541 0.271965
196.000000 407.000000 -0.207601 0.277163
203.000000 408.000000 -0.196246 0.278861
178.000000 409.000000 -0.236704 0.280158
198.000000 409.000000 -0.204336 0.280409
325.000000 409.000000 0.002671 0.281337
186.000000 411.000000 -0.223740 0.283479
191.000000 411.000000 -0.215648 0.283541
179.000000 413.000000 -0.235038 0.286613
227.000000 413.000000 -0.157233 0.287190
166.000000 414.000000 -0.256037 0.288068
173.000000 414.000000 -0.244726 0.288151
229.000000 418.000000 -0.153928 0.295252
146.000000 419.000000 -0.288281 0.295913
324.000000 419.000000 0.001031 0.297410
190.000000 420.000000 -0.217157 0.298014
326.000000 420.000000 0.004299 0.299015
174.000000 422.000000 -0.243016 0.301045
177.000000 422.000000 -0.238165 0.301080
182.000000 423.000000 -0.230067 0.302747
193.000000 424.000000 -0.212252 0.304485
331.000000 424.000000 0.012463 0.305430
125.000000 425.000000 -0.322155 0.305439
191.000000 425.000000 -0.215479 0.306070
232.000000 425.000000 -0.148979 0.306532
102.000000 426.000000 -0.359377 0.306990
119.000000 426.000000 -0.331851 0.307026
196.000000 426.000000 -0.207371 0.307737
332.000000 426.000000 0.014094 0.308638
105.000000 428.000000 -0.354514 0.310232
107.000000 428.000000 -0.351272 0.310233
109.000000 428.000000 -0.348032 0.310236
111.000000 428.000000 -0.344793 0.310239
122.000000 428.000000 -0.326991 0.310273
148.000000 428.000000 -0.284969 0.310447
165.000000 428.000000 -0.257499 0.310609
100.000000 429.000000 -0.362623 0.311856
320.000000 429.000000 -0.005504 0.313459
128.000000 430.000000 -0.317278 0.313535
185.000000 430.000000 -0.225133 0.314045
107.000000 431.000000 -0.351271 0.315095
151.000000 431.000000 -0.280095 0.315311
333.000000 431.000000 0.015719 0.316656
147.000000 432.000000 -0.286552 0.316891
155.000000 432.000000 -0.273622 0.316959
207.000000 432.000000 -0.189479 0.317507
330.000000 432.000000 0.010820 0.318264
153.000000 434.000000 -0.276837 0.320166
157.000000 436.000000 -0.270354 0.323425
323.000000 436.000000 -0.000607 0.324681
325.000000 436.000000 0.002656 0.324680
103.000000 441.000000 -0.357780 0.331326
209.000000 442.000000 -0.186131 0.333594
212.000000 445.000000 -0.181236 0.338443
63.000000 448.000000 -0.423344 0.343262
213.000000 450.000000 -0.179567 0.346482
50.000000 451.000000 -0.445003 0.348573
89.000000 452.000000 -0.380689 0.349349
211.000000 453.000000 -0.182782 0.351282
153.000000 454.000000 -0.276703 0.352441
215.000000 454.000000 -0.176287 0.352924
210.000000 455.000000 -0.184385 0.354486
212.000000 455.000000 -0.181142 0.354503
153.000000 456.000000 -0.276694 0.355672
118.000000 457.000000 -0.333457 0.357266
145.000000 457.000000 -0.289649 0.357260
206.000000 457.000000 -0.190852 0.357664
213.000000 457.000000 -0.179503 0.357725
28.000000 458.000000 -0.482384 0.361185
206.000000 459.000000 -0.190835 0.360878
245.000000 459.000000 -0.127550 0.361197
194.000000 460.000000 -0.210272 0.362389
210.000000 460.000000 -0.184342 0.362519
138.000000 461.000000 -0.300991 0.363726
136.000000 462.000000 -0.304236 0.365347
230.000000 462.000000 -0.151883 0.365894
214.000000 464.000000 -0.177824 0.368979
216.000000 466.000000 -0.174565 0.372208
298.000000 467.000000 -0.041312 0.374282
216.000000 468.000000 -0.174550 0.375422
214.000000 469.000000 -0.177786 0.377015
189.000000 473.000000 -0.218288 0.383294
217.000000 473.000000 -0.172894 0.383466
192.000000 474.000000 -0.213420 0.384922
187.000000 475.000000 -0.221519 0.386510
210.000000 476.000000 -0.184227 0.388247
213.000000 476.000000 -0.179362 0.388266
