0011000100011000100100100011001111010001001000111010001101110000001001111011100000000011100111000011000001001100001000100000000100000111010001101111001110011000110000110001000101110010110100110000101010010100001010010010001010000010101110011000111100110001
0101001010000100100110101100000001100010011100011010001111110010010111011011000110010101101000100110001001100101000101110100100111000101111001110011101111100100000001110100101100110010010010110000000100110101010100010111010010010001000111010101011010111010
0000010001100000110111000100111001000010110100001101101000111111110000000100011110001100110101100100010001100011111100011111000101111000101101100110101101101110100110101000101110100100001101001111011001111011000100000100000100101001000010100010110011000110
1111101110000000101100101101001001100111011011001010110111110010000101111011010101000010000011100111001001001101110001010000110010000111111101101011111110100100000111110011100100110110100011010100000100000100011000010011010010001110011111011100001000111000
1001000100011010110101100011001011011001001001111010011111110000001001111011100000000011110111100011010001001100001011000000101000000110110000111011001010010000011001110001000101110011100000010000100110010100000010011010011010011000000111011000001100110001
0101000100011010010000110011001110011001001000111010011111010000001101111011100000100010000111001011010001011000001010000000000110010110000000011001000010010010011000110101010001010001100100010100101110010100110010111010001111011000001110011001101100110001
0110011001011101011101010110110110001000100101101001001000011101000000100010001011100010110101100000011000010111101110100100100101011000001000000100000011110011101110101011101001000000011100001001011001000000001110000010000010000001001010000010110011010111
0100100001000101000101100000110110001001001101011000011000010011000101110011000110110001110010101011011000001110110100000100110100011100110000010011001011100110000000110001101001100001011010010000101010100100111110000110010100110100011011000101110111101011
1100000000011111100101100000110011001001001101011000011100000011000101110011100110110001110010110011011110001110110100100100110000010100110100110010111011100100000010010001101001100001011011010000100010100100110100001110110110110100011101000001111111101111
0010111001010001011001010110110110010000000111101000101000010101101000100010011011100100110101000000110000010011101110101101100101011001001000100100000011111011101110100010001001000000011100001011011011000000001110000010001010000001001000000010110011010101
0010111001110001011101010110110110010000000111101000101000010101101000100100011011100100110101001000110000010011101111101111100101111001001000000100000101011011101110100000001001000000001100001011011011101010001110000000001000000001001000100010110011010100
0001100010000000101111000001000100010111101010011011100011111010000011011011001000000110011000000110000000000101010001000000011100101111100001100011001100100110000101110000000110110010000000110100010001010110001000010111001001011110110010010101000100101100
0010111001111001011100010110110110010000000011100000100000011101101000100100011011000111110101000000010000010011101111101111100111111010001000000100000101111011101111100010101001000000001100001011011011101010001110101000001000100011001000100010110011010101
0101100110000100111000001001000100110111101000011111000011101010000011011111000101000110011010010110001000000101010001100000011110101111100001100011001100100010000101110000000110110010110000110100000000010111001000010101011001011110110010011100001100101100
0001010101100000111000001001010100110110110010101111100101101110011110101100011100001110001000000101000000000001010000001011011110101011100001100111001100001010100101110100010110100001100100101110111011011011100000110001001001111111100010111010100100110000
0000011101100000110101000001101100000100011100001101101000110111100000100100011010001110110000010100011001100011010100001111011101111101100001000110001111100110100100101000100010100000001100100111011101011110100100010100000110011001101010010110110001100110
0001010100100000100101001101000110010110110010101011100110001110111110001000111000011110011000001100000001100001010000001011011000100001101001010101000100001010110100100100010110000011100010101110110000001010110000010001001100111111100011111010010101010010
0011010001111001011000010111110110011000100011110010100001011101111010100000011001000110010101000000110010010011101011000001101111101010001000001100000010011011101111100010001011000000001100001011111011001011001010101000001001101011000000101010100001010101
0010010111000000111111000000110100010110110110111101101101111111101010000100011110000100110000000100000000000011010101010111001101111011000001000001001110101010100101100000001110100010001100001011011101100010000100000010001010001001000010110111110010000100
0011010001111001011000011111110110011000100011100111000101001101101010001000111001000100011101001000110000110010101111001011000001101010001000001100010011011011111111000010001011001101100100101111111110111010000010101000101001101011101000101010100001010101
0011001111000100011111000010111100010110110010101101100011111111011010011000011010000100100000001100000001000011110001001100001101101011100000000000001101001010100101100000001110100010001100101011001100100011000100000100001010111001110010010111110011001000
0011010001111011011001011110110010011000100011100111000101001101101010001100111001000100011101001000110100010010101110001011001001101010001000001100010011011011111110000010001011001001100101101111111010111010000010101000101000101011101000101010100001010101
0111001010011111000000111111000001111001001001100110011001000000000101111111000001100010001111101011011001111100111010110000100100010110011000011001100010110001001010110111000001010100110000010000000100000100010010110111010111000000001101001101001010111011
1110000000001011000010111100100011101000011001000000011000000000100101010001100001110001001110101110111110111000001110111000110000000100011100011001110010010101011010010111111000011101100011010000100100100101110010101011110111100101011101001001001000110011
1100001111000000111001110010111001010110011110100101111010110111011000110011111011000010110011111111110111011111000110011010110000010101010101011011110111001001011100000010001100001110001101100101001001110010000100000110101000001000011100010110010011101110
0110001111011000011100110010111001100100010110100101111010110101001000100011011111000010100111111111100011011111001110010110100100011101010001010001100011011011011110100001101100001110001100001111001001110000000110001010101010001000001001010110010011101101
1010111110111010111100100010111001101111010010110101010101110101101000000100111101000001110001110100001101001000101111000011001011110010110101101110111011011100111001100011001110111010001101001111001100001010001100001000110011101011110100110111101111000000
1011011100111010111100100010101001101010100010111011000001111001100001001100110000000000101101110100001001001000101001000011001001110010110101101110101011111000111001100001001111111010001101011101001100101110000110001000010011101011110110110101101111000000
0001011001111000001111001011110110011000100111111111000111011101101010001100111100000000110001000000010000101001111100001011001101111010100001100110001000011010100101101000001011100001100100101111011111111010000110001001001000110011110010110010110111010100
1010011000000000011100000100100011100110010011001010100111010011100101011001010100010101100100100110001001100001111101011111100011010111111100100110111111101101100111101100111100110110001011010101010101110100011100000010010010010001001110100000010011000000
1010111110111010011100100010101001001001000001010110010111110001000000001100001001000000010101110000001101000000101001000011001111001010110100100010111011111100111001100011101101111110001101001111010101001000001110001000111011101011110100010111100111000101
1011011110111110011100100011001001011000100011110111010011111001100000001000011000100000101101100000001001000001101001000001001011001010110100101110101011111100101001110011101101111010000101111111010101111000000110011000011011001011110110010101100100000001
0000011011000000000111000000110100000110010000001000101000011111000010000111011010010101110000011010111010000111010101000111010101111101100000000100000111101110100101000100111010000001011100100101011001110010100100100010000110011101101010110101010111000110
0110111011000000101010000100110100000110110011001000101011001111100000100111011000000111010000111100111110000101110101110000011111111011001000000100110101101110100111001110111110100101001100101111011001010010001100100110100111011101111000000011100011000100
0001011101111010101101001011110100011000100111111111100111111101001010001100111110001100110101000000010000000011001000101011001100111010100001101110001000011010110101101000000011100001100100101011011011101010000110001001001000110001110010110010110111010100
1001111000100100110011010101010011010010110001000011100011101111111010101000001001001111010001111100010101000011000010011001010001100011001101111110111100000011110110001010001110101111110101111111010001011010001100110100111101001111110000100010100011000110
1011100000100100110011000011000011010010100001110011110011101011111001111100100001001101010001110100010101100011000100011001110001000011010101101111111100000001110100011010000100101011110011011110110101111011000000110100111111101111011110111001101000010110
1110110101111111011111011111011010011011111011100001101001011100111010000011111010001110101111000101000000110101101001011100101100111110001000101111001100010000011101111010000010111000111100000010101000001111000000011111000000100000011110001010111000101100
0111100001011111011101111111011110011001111011110111101101011100111010011011111010001110110111000111001001111100101101011100101100111110001000100111001000111010101001111010000111101000111100000010101000010011001010011111001000101000011010101010110100100001
0011010101011011001000101011011111011001100011110111001001011100111010001110011100001110100111000101000001101100101100101011101100111110010000001111001000011010101111101010000111100010010100001010101100000010000010011111001010111000011010111010110011100001
1110000001011011011111100010110000001100110001111101001010011001111011010101110100011000110111010011001000111010111101001011001000110010100100100111011001010000110001101001101111100010110001111100100010100010001110001110010000101000101110011100111111000110
0110000001011011011111100110100110001001111011111111001011011001111011110101110000001000110111000011001001111000111101001111001100110110101000100111001000111010101011111000001111100010110100110100101010100010000110001110010000101000101110101000111110100101
0011100001011011011101110110111110011001111011111111001101011101101011111111110000001010110111000011001001111100111101001011001100111110001000100111001000011010101011111000001111100010110100100100101110100011000110001110000000101000111010101000111110100101
0110010011011010001101011110111100000101110110100101101110011101011010000100111110011110100101010100100011010011101110001110001101111000101000010000000101011011001110101000011111000010101100101111001000001011010110001011001000001001100001000111010011011011
0010011011111010011101011110111100001101110110100101101110010101011010000000111110011100100101011100100011110011101110000110001100111000101000010000000011011010001110101000011111001110001100101111001000001011010110001001100010101001100001001111010011011011
0011001101011010111101101011011110011000100110111011110101111100101000101100111110000010110111000001010001001001101000101011011100111010100001101110001010011010110000101001000001100000100100101010001011011010000110011001001100011010010010111010111100010100
1010011111111010101111100000110001001000100011010101010010011101000000000100011000101000110001100000001100000011100101100010010001011010110101100010111001111100000001100001101001101010001101101111011011101001001100001010110000000001110110110110010111001101
1001111000111011000000110111011010111001100010100010110000000101101100101100111001011011000111111001010101011001001010001011100010010000001100011100010010011001111010001111010000001001110011011010000001001000111100111000101101101010000111101010101111000010
1010011111101010101111000010111001001000100011111101000001011101010000100000011101101000110001110000001000000001101001101010000001001010111101101010101001101000100101100001101001100000001101101111011011101000001100001010010000000001110110110100010111001101
1010110000111011000000110011000011101101000000010000110000000001100100100100100101110011000010011101110110011000000010001011100010000000010100011100111000011101011000001111110001011000100011011010110001001100111010011000110101101110000101101010001001000011
0011001101011010111101100011011100010001100110111011110111111101001000101100111110000010110111000001010001001011101100100111100100010000100001101111001000011010111000100001000001101000110100001010001011011000000110001000001110011000011110111010111111000101
1010110000111011000001010001000011101101000000000000010000000001100101100100100101110011010010110001101110011000000010000001000001000000010100011000111010110101011000011111110001011010101011010010110000001100011010001000110101101110001101101001001001000111
1001100111001010111001111011011000110010000110100100110000100100101000101100111011110010101001111100000101011011001110010011110000010001000101001011110110011001111100000010001000011100100101001110101001000000111100111001101010001011010101111111001110010000
0011000111011001011101001011011110010000000011111010100000110100101010011000111100000101111111000101010001000110101100000011101100110011100000001011001110011010011100100000000110100010100100001010101010001010000010011001001110101010010010111010011000101110
1000100110111010111000110010110001101111000010100000000010100101001001000010110101010001011011110101110101010110001011000000101011100010010101111010110011011001011000100010000110001101001011111001100110101011011000001010111111101000010101010101001101011010
1001100010001010110000111010100001101111010000110010010010110011001001010010100101010001111011010110101000010010001011010001001010100010010101011000110111001001011001100011001110001101100011111001100110100010001100001000110111101000010101010101001111001010
1010101011011110101010110011000000101111011010110000000010110100001010110011110111000001110011010111110001011100100111000001001010100110010101101111011110011000111001000010001110011011110101100110001110100111001100011010110011101000110100111111001110100100
1011100010111010001101110010111011111011010111110010000011110101011111101110110111010011110111000101000001011100101001010100001010110000111100101110001101011000111001100000000110101010100111101110101010101011011010001010011110101000110110111011111101001000
0010000101011010010101101011011110011001001101111000000100110100111010010000101110000101111111000001010001001010101000000101001100100000000000101111001010010010011000100000001111110010101100100110101000000111000110011001001000111010110111111011011100000100
0011110100011110010011110011001011011101001100000000010010100100010100001001001011110011111101100000111111011100101000010100000101001100010000101101111010110101001111010011100111011110010010000000111110000101010010011010101100101010000001101001110100111101
1110011111111010010001010011010011010100010100100101000010100101101000000000101010010000010101101100110110010011101010001010001000100000010100011000010010010000011100000110010111001111100111001011011000011010000010101000101100100010100100011011101001000111
1110100101111110010001010010110001001100010000000101111010100001111001000000100001010101010101101100110101011010101110010011001001100000010100011101110010010101111010000110010110001111110011111110110001001010101000101100110101101010101101011101101101000111
0011011100111110000111100011001111011001000101111010000011110000111011001000101010001011111111000001010001101000101001000101001100101000110000100110001000010000101001110001000111110010110000101111011100001101000010011000001100111010111111111001111100000111
0000111001011011110001110101010110001001010100000000111000000101101000100100101011010011100010011001100111011011010000001111101100011000001001000100010010011110100000000101110001001001101100001111001111001100111100111000101010011110001001101010010111000010
0011101101011110000010101011011111011100011001110010000011001100111001111001001100100001011111110010010001001010101000101001000100001110110000111111101000010010101010110001001111111110110100101100001111000001001110111101101101111011111010101001100100100111
0110110001110011011000010100110010101111010000000000110000001111100000100100001111110010000000011001101110011110010000011100001010111000001100000000011011100110000110000111110000001100001111000011111011001110111000101000110011101110001001001011000101001000
1100110111111110010011010110110001001100010100000100011010000101011000000000111011010000100101111000011111010010001110010000000001000000010100001000110011110101111010000010110111001111011111101111111000011000101010101000110100101000101101000111110001000111
0010010101111010000111010010011110001100010110110000000010010101101000000000101111010001100101001000110010010010101110000111000100101000000000000001000010011011001110000100110101001010101100000010001000011110110010001000100000100000000001101010010001010111
1110001001011110000001110100110001001100110101000101001010001101100001010111100001110000110011110010011111011110110110000010000001010000011101111110111011000101110010100111001101101111110101110101000000110000001100101010110100001101111101000100111011010111
1111001001000110000001110110111001011000110101010111011010001011100001010111100001110000110011110011011001011010101110111010000000010000011100111110111011000000110010110011001100101111110101111100000000110000001100101010110100001000111111000100111011000111
1111010100111110000111100011011011011001000001111010000010001000111000100000101100111001011100110001010100100011111000100001000001000010110100110111001000010000110110101001000001100010110011111110000100001001001010011100001101100010111111111011111100000111
1101001101000101100011110110111001010011100101110101011100011101111001110101110011110000100111101011010001011010001110111011000000010001011100011101100110010000111000101011001000001001110100111100001011110001100110100110010100001000111110011100111010000110
0111000101001101001001011111001111010000101101010101011100011000110001010111010111101110100111110011011010101110101110111011110100011101011000111111101000110010101010011011000000101000110100010000101001000100001010000111110000100000011000001000011000110111
1110011000000100100111000100110011000111011001000000111110101111000101110111000110010011010000100111101110001111100100010100000001111101111101100110111111100100100110000100101110101110011011010101010001100110010100000010110100011100111101000001110011101010
0110100101011110100011001011111000010000100101110101011100101101111000110000101110111011110001100001010100100010101100001011110001010000100001111111011000010010110010001011001001101000100100101110101100000001001010001101101100010010011001011111111000000111
0101000101010101000111101010111110010001100100111011011001111011111001010101100110101101111010000011011000100010010100101101010100011000100000010110001001000010100000111001001001100000110100100100101010100001100010001101000100110000101011011001111100000110
0010000011011001001101100110111100010000100111110101011000011101101011110111111110101000100011010011011001111110001110111011100100011101101001111111111001011010111000101110001001001100001100000000101000100000010100000110100010000000001011100110011011100101
1100010101110111000111001010111010001010100100111101011100111111110001100100100110101100111011000001011000101010010100101111100001010000100101110110001101100000110000101001001001100000011101011011111110101001000100001110010100110000011111010000111101000110
1010111011001011001101110110111001001011100111111101011000010101101000000110111111111100100111010101010001111011101100011111100000010000111100011000100001011000011100101001011000000000001100001010001000101000110110001110001010100000001111110110010111000110
1100010101110011110111101010111000001110100100111101011100111111100001000100000110101100110011010001011000100010010100101111101001010000100100110110001101100000100000101001001001100000011100001001111010101011000100001110010100110000001111010000111111000110
1010101011000011011100110110110001101011100111111101001100010111100101010101010110011000100101100110101001011000101101111111101011110000111100100000101101101001111011101001111110100001001101101001001000100011010110000110010000111001110110110100010011010000
1110111011111011001111110110111001001001000101111101110100010101101000100100111110111100100111011101100000111010101100101110100001011000111100010000000011011000011000101001011001000000001100001011001000101001110110001010000010100000000111110110010111001111
0100010101110011110101100010111100001011100100111101011100111111101001010100011110111100100000010011011000100010010100101111101101111000100001010110001101000000100000101001011001100001011100001001111010110010000100001110000100010001001110010100111111000110
0100110111111110110111100010011100011100000100111100110010110101001000100010101111000000111100010000010001101111011010000110111100001000000001000010001011010011000000100000000001100000001100001110001111011011101010001111001110101001010010010111110101010110
0101010000100001110100000101000110001010101001011111000101001010100001011001000100010000010000001000011000000000010001001111011100101010101001010010001010100110000000110100111001110001000010010001110000001100100000110000010101110110000011101000001100000110
0010011000100001001110000100000111100100111111001101101100011111110110100111011110111110100100100100101010100101111001111111100111011101101000100100101101100110100111100000100000110100011010000001011101101101010010010111000010010111001010100000010001000001
0010011000100101001100001101000100100110111001001111101101011010110110101011011110110100001000000100001100101101110101111111110110111111101000110111101100101110100111110100110010110100011010010011010101101111100000010111000011010101001010000110110010100000
0100011111010010011101100000110100001100100100101101001100111101101010000100111110011000100000000000001000100011000100100111001101111000100000010000001101011110100000101001101011100000001100001011001001101010100100001110000010010101101010010110010111000010
0000011001100000101111000100110110010110100110111000100101111111000000101100001010000101110000001100010000000011010000010101011101101011000001010000000101101010100101100100011110000001001100001111011101111011100100100100001100011011000010110011110011011100
0101000111000100111101001011001100010110010100111111100111110010001010011000110110001100101001000100010001100011010000010010001101100011100001100011001110000010100100111000000110100001110100101110111001011010000000010001001110011011111010011110111100110110
0111111100111000000000010011001111011100011100100010110011110000011100101000001111001011111111101101110011111001101011110100001110001000010000011001100000010011001111011011000101011110110010101110011111101101010010011000101110001010101001111011110000111001
1010000101011110110100101010001011001111011110110000000110110100101010010011101110000111110111000111011001001100101101000101011110111100110001101111001111010000011001110000000110111010001100100110101000010111010010011011000100111000110110111011111101100000
1111011100111110010101101000001111011101000001011010001111000000010011011100000000101001011110110010011101101000111000100000010001000010110100100110011001110100100010111001100011100010010011111101010000111001000010001001010101111110111111000001101101000111
0100010000110100101110001001000110101111111010001001001110111010110111000001001110110011101000000000001000000101010001101100011111101110101001100100001011100110000101110101110011110101011000100101111001011110100000011001000010111111101010000000110100100000
0101000101000100110001101000111110010010100100111010001110101011101011110001100010111001011000011010010000001011010100101001010100010001000001001111000110000010100100011011000001100001110110111100000001010000101100100001001101010101111010011000101100000110
0101000101000000110011101001111110010001100000011000001110101010101011110001100010111001011010011010010100001011010100101001010100010001100001001111010110000010100100011011001001100000110010111100100001010000101100100001101101010101111001111010101100100110
0001011101111010101111000011001100011000100110111000110111111100111000101100111110101011110011010001010000101011001000001111011100111010100001110110001000011010100000100001000001110001100100001011001011001011000110011100001000111010011011111010010110000100
0011011101111010101111000011000110011100100110111011110111111100111000101000101110101011110111010001010001101001011000001111001100111010100001100110001000011010100100101001000001110000100100001010001111001011000010011100001000111010011011111010110100000100
0010011010011001001110000000110101101001000111001101000101110101010000100101011110000010110101100000101001010101101101101110100111011000111000110000101001111111001111100000101111100011001100001001011011000001001110001010000000011001000000100100010011011001
1001010000111010101110000100110010111010100011011001000100001111101100000000111000010001010000010000010100000010000101000011011010100000101101111111010000011110110000000100000001100001110011011010000000001010110000101000001101110100010110111010101101000110
1000011101110010101001110000111010001110100110000101000110111111110010000000011011000000110001010100011110011010000110011011111001111010000101111110010001101100100000101011101110001101001101001001001010111010000100001010110000101100011100110000010111010100
1001001011000000110001100011110000010111010110110111000110100111111111011000110000011100010001011111010100100011000100011011011001110001000101011110010100001000110000000110001110101011100111111001000100110011110100100100111111011000111100110110101111000110
0000000001011010111010000010110100010000100011110101000110101101001100010000111010000000000000011000010110000110100000000001010100001000000001001110010001011010111000000010000001101001101100001010001000000000010010101000101101010100010100010010100101000001
0110011011011111000101100100110001001101011101011000010100010101010010100111001110010001110000100100011101001111100000000100111101101100111000110010111001110100000100000101111111110000001110000011011111100100011110001110100110011101000001000111010111001101
1100100000111110100000100000110001001111010000010101100010100011101111110000100010011000010010011101011101101010000101000011011011100000010101011010010111010100010000000010101110101011101011110100100100111111100000101000110110111111110101011100001101000110
1100000000000110100000100000100011101111011000010101101010100011100011110001100000011001011010010111011101101110000101000010011011100101011101011011011111000100010001010100101110101011101011110100100100110110100000101010110111111100110111011000101101000010
1001010110111010001101100011011000011100100110111111110010110000111100101000111010011010110001000001000001101001111000001111111000100010100100110011001000011010110000101001000001100000100010011010100111011010001010011100001100111010010110111110011100000110
1000011000111011100011100000110011001010100000010101000010101011100100000000101001110000000000011000011100000010000110001011011000100000010101011110010001101100110000000010111001101001001011011011110010011000110100101100110101110110110111111010100111000110
0100011011010101000111000100010101001101011001011000101110010110010010100011001110100001111000100000011101000101110000100100110101001100111000110010111011100110000100000101100101110010011100000011011111101101111110010110000110011101010011000111010111101101
0000011101001000111001010011011001110100010110110100000010110100111110100000011010000001101101111100100011110011001010111111000101111001010001001000100111011000011100001011001110011011001100101111011101111001110110110000101000001011100101110010010001000001
0011001111011010101000000011011100010000100011110111110010101100101000101000111100001110010101010000010001101011101000101011110110000000100001111010001000011010111000001010001001101000100100001010001111111011011010011000001001011011010010111110001100000101
1100000010011010100000101000100001001111011000010100001010100011000011010101100001010001011010110110011101100100000111000010011011100110010101011010110111100100010001010010101110101011001001110101100100110110101100101010110111111101110100010101101111001110
1000110001100011100010000000100011101110100100011101000010101011110111000000000011111000000000111000001110000010010110001011010011100001010101011100110101100100010000010111011010001011001011110101110010011100110000100100110000100110110111110000011101010010
1101010111100101100011001101011000010010101101011111110000101010011010100000101001001110011000010000010100100011010000001000111000100101001101101011011100000010010100111010000010100001100101011010111011011011101000110101001100010111010111011111101100101110
0011111111011010101001010011011100110000100111110101110010111100001000001000111111001100100101011000000001101011101010101111110101000000000001101011001000011010111000000010000101111000100100101110001111111001011010111000001010011011010110111110011100001101
0000110111111000000100010011011100110100001100100000100010010100111110100000101011011101101100111000100011110111001010101111000111001100100000000001100010010011001110000000111101010010001110100110011101111101111010111000001100010011100001101111110000110001
0000110111111010101000000011011100111000100011110101110010100100001000100000111111001010011001000001010101101011001010001011110110001000100001111011011010011011011000000010000001111000101100001110111111011000011010011000101001101010010101111110001101011001
1100110111100111101010001011011000000010100000110101111000101111011010100010110011011110111010011101000000100110010110001010111010100001000101101011011100001000010000101010000110101001110101010010111100011011101000000111010000101100010110011110011100111110
1100010100111110100001011000101001001100000000000000110010100001000000000000001011110001011100110000111111100010001000110100000101001000010101010000110011111101001010000000100001001110011011100111110100111101110010101000110111101111110101000011000001011111
1110110101101000100001011000101011001100011000000000010010110001000001000101000001110001111001111000111111110110000000010000000001001110010101010000110011100101001110100011100001011110011001110101110100111100000000100011110111101101110101110001000001011111
1101000001100101101010010111000010110010100100100111100000101010111110001000100001011110000011011101110011110011010011011001111010100011001101011101010100000000110101011010010110001101100011111010100100111011110000110100111001110110010100011010101100000010
1101000001100101101010010111001010110010100010100111110001101010111111011000110000001110000000011101110111100001010000011001111000100011001101011111010100001000110100011010000110001101110101010010100100011111110000110100110101111111010100011000101000000000
1001000000000001100000001101011010110010001000010111110000100010111101011001110000010101001000011110010110100110000100011011111010100101001101011111010100001000110100011110000110101100110011010000100100010011110000110100111101110111010101111000001000100010
0011110100111010001100010011001100111000101110111010100001111000001100101100111000000010101101011000100001111001101001101111100110001010000000000101001010011011111001110000000001110010100010101110101111111101011010011000001010111011010110111010011100110001
1100010110111010111101111010011001001001000000111000000110110100000010000000001110110001101011000000000000110100010001001100000001100010010101100010001011110000010001101001100011110001001111001011110110111000000000001001011010100011110111010011010101001100
0011110100111011101001010011001110111000101110111010110101110000101100101100111110000011111100010000100011101000101001101111110100001010000001110111001010011111101011010010100001110000100010001110111110011100011010111000101100111110010000111010111100100101
1010110110101000001110010000101001100110011010000101000010100001010011000001010101111100001100101100101110010000001011011111000111001011110101010000100101111101001101010100111100010110001001110001110000001100111010100100110001100010100101110100000001011001
1000100000000011110010101001000011100010010000010000110000100010111111010111100101011101001010011111000101101010000100011011111010110001011101011011110100000100010000011110010110111110100011010000100100100111111000110111110101111100011101111001001110000010
1011011011001010110011110011110000011110110100100111000110111101111010001100111111001000110101001100100001111010001010011011001101100000000001001100000100011001111000100010001110001011100100001011001000000011000100011100001010001010100111110110111110010110
0101100100010101000000001101001110101010011000001010110101000010011110011001100101011101001000001010111111100100010011000100110111101100101000010001010010000111000011011100110011000100110010010000100100110110111000011001100111101111000000001011101100111010
0011010100111011110000101001001110011000001000001010010101110000101100001000100110110001011110000000100011000000111001001111110100001100000001110111001010111010101011010010100001110100100010011110110010011100011010011001101100101110010001101010011100100111
1111010111100100011101001011011011000110001010111110000111111010000010001010001100100100101101000000011000110100111000100100000001000111110001100001001011110000001101110001000001110001011100100011011110011100010000110011010010110011100110010001110101101100
1110101010101110100000101000100001101111011000010000001010101010010111010001100011011100000010010111001101101110000000010000111010110101110101001011111111100100010000010110111110111010001011010000100100101111011000000111110010101000011101011101001100101010
0111000100000101100101111101001110100010011100001010011101000010010110001011000100110101001010000010111110111100110110010100100000101100101101110101011110100111100110010100110010000100010011010000100100110011010000010011111110101101011001001001110000111010
0110001111011100000011010010111011000100110100100000111010101101001000100010101111110110101100110110110111010111101010110100100000011001010000101010111111010001011110000011000100001110011101000011001001010000000110000011100000000001001100000011110011001111
0011000100110011110000101001001110011001001000000010010101100010101011011001100110110001111110000011010010000000110001001101010110100010100001110111001010000010101010010011000001110100100010011100100010111100000010011001101111101110010001101000001100100111
1110010110100100011101001011011011110110001111111010001111011110000110001011001110100100101111010000000000110101111000100000010000000111010100100011101010100000010101110001000011110000011101100010111110011100010010110011011010110000100110011111110100101000
0011011111111000011111010011011101110101110110110101000110011100011000101100111010011010101101101100100001110011101000101111001111100000110000001000100000011011111100100000010111001010100110101111011111001001000110011100001000001011100010110110011101011011
1110111111111110011111011000111000001100100100000101111010011101000000100010111111010110110101110001001101011011101110110100100000010000110100101010111001110101111010100101100101001110011101001011000001011000101110001111110000100001001100000110010011000111
0010001101011010111110100010110000100101100011100101001010111101111000010110111011111100100111100010000101000010101111001111000011011010100101101110011001011011111011100011001001101111101101101101001000100001001110001110101000001001111000010010010011010001
0001010000111010100001000011000110011001100100110111000110101000101110001100101010011101011101001000010101100010001000001111011101100000000001011111010010011010111100001010000111001011100010111110110000011010110010011000101110111011110001111010111100000111
1000011101101010001110100010110001101001100011111101101011011101111000000000111001101000100111000000001001111000001111001011000011010010010101101110001001011001111001101101001101000011001101101111001101101001001110101100010001101001101110110010000111010001
1111001110000100001110001101001000110110011011000111110111001010011100011111100000101100001001100010000101111101100011110000100010000111101100111011111100000110010111110010000000111110100011010000000101110101010000010101111001001011000011001111001000111000
0101000101000101010100101001001110100110001101110010000111111010101111010001100100100101001011010111001000000110100101110000010110100111100001101011001110000110000001110001000010111000100100110000101110100110010000010001010011110010111010011001101000100011
0000001100110010100111001001011110001000100101011101110010000110101100010000111110010111111010010001000100000011000100101111011000111000100001010110011010001110010010000000000001110010111010101011111100001110011110011001001110010110111011101010010110000111
1111001110100100001110011111001000110110011001101111110001011010011100101110100000101010101101110100000001111101101011010000000010000111101100111011100100000000010111110011000000110000110001010010000001011111010000010101011001000011000111001111001000101000
0001010101111010000001010011010100011001100100111011000110101100001110101100111111010010010101001001110001010010101010000011001001100000000000011100000010011010111000000010000011001011100110101110111110001010111010011000001110101010110111111110111101010110
1110110110100110000010110000001001101100011000000000000010100010010101010001000001110001000100111100101110100101010001110000000011000100010100000001110001100101001011011011101000011110011011110100110111111101111010100100110011100111110101001101001000101011
1110001001000111000010101100110010001110010001000000001110001111001110010111101100011101001010000110010100100110100100110000011000110000101101101010111101000100010000000101101110101111011011101101000110110011010100000111110111011101111101010011100111001010
1101100111001110111001111111001011011100001010100010011001100000001001011011100001000001001111101111111000011100001011010000100000000110010100001001110110010001011011010011000100011110110101010000100000110100000000111011110111000010100100001101101000111001
0000010101111010000001010011011000011001100100110001000110100101101110100100111110010010001100001001110100010010101010000101001001100000100000011101010010011011111000000000000011001000100110101110111100001010110010011000001110111010100111101010011101010110
1110000001001110100001111010110001001110011100000001001110110101100111010011000010110101101010001010111010010110000100100100010101001100010001010001100011110000001000010110011001001101011100100100101110110101110000100111110100110001110101010101110101101010
1101100100001100101101101010011011110011101111111111001011001100001110011011111110010000001110011011100000001100000100100100110000110101100001010101000111011000111001000001001110100000110010101000000100100010111110110011001110010000011010010010110110101100
0000101100111010100111101101000010001011001100001100110000110010101000100100101110010111110010010001001100000001010001101111011100111100101101010010011000100110000001110100100001110000001011010010110000111110101100011001100110110110111001111010010100000010
1111100111001110001011111010011001010101001011110010001001011100001111011011110101000011011111000011010001011100101110000000001000110110010000101011101010011001111000110010000110001010110100001000101100000000001010101011001111101000001110011111101000101100
1011100100011110001011111011010000010101100111100010001000000100001100001010111101010011011111000011010001011010101110000001000000010000010000101111001010011001111000100010000111001000110110001010101110000000011010011011001110101000001110101110101111000101
0010010101111010000001000011011110001101100100110000000100000101101110000000111110010110001100000000110110000010001000001101001100101000100000010101010000011111111000000000110011001000111010101110111000011010010010011001101010111110100101101010010101010111
1000010100111010000101001000011010001101000100000100000100100101111110000000111110010100001100010000110110000010000000001111001000101000100100110000010001010100010010000000100011101000101011101110110000011010010010001001100110111111100101101010010101010111
1011100101011110010010111011011011111101000100100010001010100100001101011010100111010001011111101111110001011110001110010001100010000100010100011101110010011001111010000011000100001101110111011100101000000000011010111011111111001000001100100011101010111011
1110000100011110010111110111000011001101011001100000010010010000101001110000100001010011110111100011010101011000101011000000000000000010011100111111111010011001011011110011000100001100110011010000100000011100000000001001110110100010000101101001011000100110
0101100110011011111010101111001100110001101011111011100101001000011011111010110001000010011110010111000000001000001011100110111110100111001000000011001100011010011001011000000111110001100000110010100000010111101010111101001001100010010110011110001100111100
0111100111011110001011111010111011011101101111110010001001001100011101011011111111000001011111101011010001011100101110000000000100010100010000101111001011010001111000000011001111001010110100101100101100100001001110101011001111101000101110001111101010101101
0101110011000101111111100000010101100111011110001110001001111010010011101011000111001110100000010111001000100100010001110100011101101111110001100011101101100010000101110100110010100100000100100100101100010001001000010110010010111000111010010101110101101000
1100111010101100111010000100110001101010110011000001101010101111000000100111011010010010000000110101001100001101000100110000011001111000111101000010111011100100000110000001101100101111011011110111010111101101101100000110110010010001111001010110000011001011
1010000001111110010111110110101011001001011001100000010010011001010001110001100000100011110111100011011001011100101101000001000000000110110100101111111011110101011011110001100001011110011001010000100000011101000010001010010100101000001111101001111001100111
0000010101111011000111001000111010101101000110001000000100100111110110000000011110111101001010010000001110000110010000101101011000101000101100110010010001101110000010000100100011100101001011100110110000011101110000001001110000110110101001101010010101010011
1110100001011110010111111111001011001001101101111010011001011000110001010011000110101001111111111010011001010100101101001000000001010110110100001110101001110000001011110001001001110000011101010001101100000101000110111110010100110000001111000001111010100111
1110100111100000100100000100001011000110011000000100100000111010110011110001000101101011110011010101011000101010000011011010011111110111110001111010101110100100000001111001101000111100001100010100111111011101001000010000110001101010011111011001001100100110
0111111110010100111111101010111100110111110010111111101011111111001010001010111101000000101011010010000000101101110111100000011100101011100001100111001111011010100101100001000111100010010100101110001101101011001100000110001000000001110010010111100111001000
0010001011011001101111100010110100110000100111111101111100011101011101110111011110101100100000011010100000101110000100101110110101011101100001000100000001011010100000001101011001000000001100001001001100100001110110001110001000010101010010110100010111100001
0010011011000001001110100100110101100010110111000101111100001111011000100100011110111010100000000101101110101010100101111111100111011001101000110010111101101110101111001001101000101100001111000011011001101011001100000110100000111100010000100110010111000000
1000011010101011001110000100110001100011110011000101011100111111010010000111011110111000100101110100001100100001101101011111110111011001111100110010111101101100000111101001101010111101001001000011011000101111000100000110110000110001010110100100010011000001
1000011010100011101110000100110001101011100111011101000101111111010011000111011110101100100101110100001000100001001101011111111011011001111100100010101101101100000011101001101100110001001101000001011001101111100110000110010000110001000110110100010011001001
0010001011011001101110100010110100100000100111111101110100011101011100010111011110001100100000011010100011100010010100101111110111011000100001000100000001011010100001001101111001110000001100001001001010100001010110001110001000010101010000110110010111000001
1000110011100010101010010000010000101111010110000101000010101111001100100100111011111010000000001100100110101011000010111010011011100000001101001000110001001101010100001111010000001100001111101011011011111001111000101100100000100111000100110110000101011000
0010011011011011101110100000110100101000110111001101110100111111111100000100011110011000100000011000000111101011110001101111111111001000101001010110000001111110100101001001101001110100001110001011001011101111011100011100101000011111010001100110010111000000
0010111010010101101110000000100100100100100100011101111101111111010100101111011111001000100000000010101110101101010111101111011111111100100001100100001101101110100101101100111011110000001100001001011111100011101100000110100000001101010000110100110111011000
1000110111100010101000010100111001101111110010000101000010101111000110100100111011111000001000001100101110100111000011110010001011100001011101001000110101001101010101001111110010001110001011000011110011111100111000100100110001100011100100110110000101011000
1000110110100010101000011100111001100111110010000101000010101111010111000110110001011000001000100100101100100100000011111010001011100011011101001000111101101101010001000111110110011111001011110011110000111100011000100111110001100001100100110100000001011000
1011100100100000001110001010101001100010111110111111110011111010110011011001000011111100111101110110001000110100101111011111000011100111110100000110101101100001010001111000000110110010000011010000110100100101011010010100010000100011100111111100011000100000
1001100010100000001000001100100001100111011011000111000011000010000111011101010000110100001000111110001100000000110001111110010011000111011100011010110111101101010011011001101100111101001011010101110000100110111000110000110001110111010101100100001000001000
0000010110111011001100101011011100101000000011111101010100010100001110000100111110111000101110011000000000101000001001001110010110001000100000000011000010011010011001001001000001110001101110001110101100001100110010011101001010110010000110111110010101001001
1001100110000001111000001001000100110110000010111111110001100010001110101100110001001100001000011000000101100001010011100010110010000011000101001011010110001011010101000110010101110000100101111110000011000010110000110001001011010111010010111110001100111000
1001110010000000111000001101000001110010011010000010000011100010000111011101000001000111001000101110101110000000000011110000010010100111011101011001110110100101010111010011100110011111100011010000110000000100111000110001111011100111010100001101001000101001
1010000111100000101000001011010000110110010011100110110111110110001000101110111000000110001011000101000101000101100001010010001010100011100101111011011110001001010101100010000110111010101101001110101001011110011000110011001011011010110110111110001101011000
1011000110100010001100001010011000110110010011111110100011100110001010101100110100000110000001000100000000000001111011010010001010100011100100101011001111001001010001100000000110110011100101101110101001011010011000000001011011111010110110111110001001011000
0011110110111010001000011011000100111100001110110110100001010000101100001100111011000100101010011000100011010000000011000111001110101000000000000001000010011011000101010110011111010010100010101110101010101110110010111001101010101111100000111110011100100001
1001100010000000100000011111000001110010001000100010000001100010000011011011100001000111011011101110100111010101000011110000110000000111010101001001110110000001010111010010000100011111100011110000100000000100011000110001111111000110110101011101001000111001
1111110111101001001000001010011001110000000011010000000110100100000011000010010001110100101101100100000100000110101011010010000011100011010101111010111111011001010111100010000110111010000111111101110000101000010010000011111010100011100110110101000001011001
0011001111011011001000111010111100111000001011101010110101000100001101011101110100000001001101000010100011011001111001100010101111000110001000101001000010011011001001110011001001010000100100011000001001100000010110101001001011001011000010101101001100111000
0001000110111010001100101011000100111001000010111010000011000000001110001000100101000111011110010000100001010000011011000001001011100010100000000000000010011011010001110100010111010011100010111110100100001010111010011001001011101010100110111111001100001000
1111100000001111000010111111000011010011011001100010000001000000001011011011100001000111011111101111110100011000101011110000001000100111011100001101110110010001011001010011000110011100110011110100100100000011001000111001111101101010100100001001101000110100
0011100100011111001000111011011100111000000001100010110001000100001100111000101001110011011101001010100001011000101001100000001010000010100000001000000010010011011011000001001001011000100010001000101110000010011110111001001111011011000010101011101110011001
0011000100011111000010110001001011111001001001001010000001000000000111011011000001100101011111100011111010010100111011100000100110001110010100000001101010110101001011110000100001010100010011110000100010100100001010111010110111100110000000001001101100111101
0011000100011111000010111001001011111001001001001010000001000000000101011011000001100101011111100010011010010100101011100000000110001110010000010001100010110101001011110010100001010100010001010000100010100100001010111010111111100010000000001001100100111001
0011110100011111010000111001001011111000001001010010000001000000000101011011000001100101011111101010011000010100101011100000000110001110010000011001100010110001001011110011100001010100010000110000100110100100001010111011011111100011100000000001100110111001
1011100100011110000010111011001010011101001000100010000011101000011101011011100001000011011111111011110011011000101011000000000000000110000000001101010010010001011011010110010111011110110010110110100010010101101010111001101101101010101101001011101100111111
1011010100011111000110011011001011010001001001110010000001010000000110001011001001000101011111101101010001010101101011110001100100001111010100101111100010110000011111110010100110011010110001110010110010100101000010111011001101100010100111011011101000100101
0011000100011110100011111011001110011001101001100010010011101000011001111011100001100011011111001011110001011000101011000000000000000110000000011111000010010010011011110010000011011010110000110110100000010101001010111001001101101010111111011011101100100111
0001100100111110100010111011001110010001101000110010010011101000011010111010100001100011011111001011110001011000001011010000010000000110000001011111000010010010011100110010000011011011110000110110100100001101001010111001001101101010111001011011101100100111
0111000100011101000011111111001111010000101001100010000001101000011011011011100001000101011111110110010010011000101011110000000100100111110000100111101110010111101010110011000110110110110000110100100000000111001010110001101101000010101001001001101000110111
0011000100011101000011011011001011011001101001111010000001001000010010111011000001000101011111101111010001011000101011110001100100000110010000001111100010110011101110110010000100010010110000110000100010000101001010111001001101100010001011011011101000110111
0101100000011100000011111011000111011001101001111010111011001000011000111011000001100111011111111011110001011001101010101000110100000110010000011101100000010001111100010010000101010000110000010010100010000100101010111001001101101010011011011011101100110111
0001010000100000110000000001100110010111110010001010100011110011100101101100000000000111010000011101011001001001010101010011111100111011000001010110000110101010100101011000110110110010001100001011111011001110111000110000000101111010010010111000100100000100
0100001111001100001100100010111101010001001111111101111011011100000101111111011110000010110010110011011001001101010100000100110110011111110000010010000101111000000001110001001101110010011100000001001001010000101110000111000010011100010010010101110111101000
0110100001111010011000010110110110100101011011000101100011000101111111110101000001001010000100010101101011111111101110011011001110111110000000010000001101110100001011011010101110011110001100100101101111101111001110101100100001101110111100101000001001000000
0110010101110000111000000100011110101100011110001101100111100100100111110101000110101110000000011000101011100110010100001111010111111100000001000000000001100010001011010110111011110100001100100101111101110110011110010001000001111110111000100000000100100000
0111100000011100011000011011000110110100111001100010100010001000101011111000110001010010011110000011100011010000110011000000100110100111001000101101001110010011101001010010000111100010110010010100110110100101001010110001101001001110011000001001101100110110
1111110001100110010000011011010011011110101001111010111010001000110001101000100001010001011110001100110000011011101011110000001000100011010100001101100110000001110100010110010110000010110010111110110111101010001010110001011001101011101110011001101000010110
1111101110000100110010111011001001010110001000110010001011110010010001011011000001000101011101100110111001110101001111110000100000000111010101001001100110000001011000110010000100011110110000110000000100100101000100010111011110001001010110010101101010111010
0111100001011100110011010011001110010100011101100010101010100000101011111000100011001011111001010011110011110010100010001000110101000101001001101111000100010011111000010010000111001011110110111100110000100000001000110100101110001110011001001001111100110110
1111011101100110000001011011011011011110001100111010101010010010100001101000100111001001111111001100110000111011101010111000001000100001010100011101100100000001011100110110010110000010110101111110110001111010100010010101011110101011101111011001111000010110
0111100001011100100001010111011110010101011101100111001110100000101011111000100111010110111001010011110111010010100010001001000101000001001001111111011110010011111100011010000111001111110110011100110010010001000000010000101100000110011001001010111100110110
1111110101100100110001010011010011010110000100111111111110010010110011100000000111001000111111000101110000011010101110011011000000100001010101011101101110000001111100111110010110000010110100111110110011111001000010010000011100101011111111011000111000010110
0111100101010100100001010011011110010101010100100010001110110100111010110100101111001110100001010011110011110011110110000000100101001001001001101110001100010011101100101010001111001111110100001001011000000011000000010100101100000110011001000010111100110110
1100000100111111100111101101001011001001011100000000000000100000101011010001100110110001111010110011111100101010000000010100010000000100110100111001110010010100011010010001100001111100110011110010100100101101110000011101110110110110001101001001011000100111
1100100101011111100111101000001011001101001100000000001000110000000001010011100110110001111010110111011100101110000100110100000000000100110100010011111010100100010010010001100000111100011011110000100100100101000000001111110110110100011101011001111000101111
1101111110100011101011100100101001101011111100001111111100101011110101100101010110011010000011110111001000001010010100011011111000110000010101101010111100100001010010110011001010101101000011010100100101011111110100000100010010101000000111011100011010000010
1010010000000100011100000100100011100110111001000000100101011011100101111001000100000000000000100110101111000101110101010101000111001111111100000100111111100101100011110100111100110110001001110101011001010100010100000010110011011111000000100001100001110000
0100111000010100100101000101101110001000011101011000000000010111100110000110001111110101110000111000011101000101010000000101110101001100101000010110001011100110100110101000101001110001011010100111011001100100111110011010000100010111011011000011110111100111
0110111001100101111101000100111110000010000111001000001000111111000010100010001111100000111001000000011000000111110001110100110101001011101001100010001111100111000101100101101000100101011100100111011001101000001100000010000000000001011010010011110111001100
0000111111000100110001000100110100010101011110001000101001010111000000101111001010000111110000001110111001000111010100010100110101011101100000000000000111100010000100001000111100010111011100000001011001010010101100110010001100011101000010000101110011101100
0100011100100100010101000100101110000110011100001010110001010011000001111111000010000011110000001110011001000101010001010100111101111111101001000010000111100110000101111000101110110110011100010001011001010110100100000010010110011101010010000001110011101100
0111010000100100011000000100100111100110111011001010110101001011100101111001010000000010000000100100101011000001110101010001010111001111111100100100101111100110100111110100111100110100010011010001110001011100101000100000010011010111010000000001100000000010
0001001000000001111000001101001111110010111011001011110101001010100101011011010000010000001000101110000001000101010101011011010111010111111001100111100110001010100111110000001100110111110010010101000101100100001100110011001011011101001010100000001010100000
0111111001100101111101001110110110010010110111111011111101111111000010101010011110000110101001010100001000000101111100110100101101111111101001100110001111101010100101100000000000100001011100001011011001001010001000000011001000010001011010010010110011001000
1100101011000101100111101100101001000110011100001100011100110011010001010011000110110001101000110110001000100110010100110100110101011101111101110010101101100100000010110001101100110100011001010001000100100101011100000110010010010101011111010101010011101010
0100011000000100100101000101000100000111011000001000110011100010000000100110001100010111010000010101011101101001010011010000011001101011101101110110011111100110000101100000101110110110011011010011010101010110001100010100110111011110110011010111100011011110
1100110010000101100111001100100001100110011100001100011100100011010101000011000110110101101000110110001100000110010100111100110001000101111101110010111101100100000110110001101000110100011011010001010000100100011100000110110110010101011101000101010011101010
1001000000000100111000001100110111110010110011001011110000001011100001011001010001010100001001100110000001000001110111011001110011000011001101101110110110001010110111010010001100101110110010011001010000010010001100100001011011011001011010100000101000010000
1001100110000000101000001001000001110100001011001110110111100010010111011011010100011111001000110010000110100001010001011011010010000111110101011011111000101101000111010011100110110110100011010000010100010101111000110101111111010111110001101100001000111001
0100011011100101100001001100010100000011000100010000101100110110001010100110001110110011101000011001010000001111010000000100110000001001001101001011010111000010010100001010000010101001011101101111011001001010100000000111100100011100110001010111110111001110
0101101001000100110101011111010110010011011100111010111000110010001001111111101111010101111000011110110011000111010110000100011101111101001001000101000110000011100100110100010110000011110110101101011001000010101000010001001110001101011011010011111000110110
1110101001000110100101000000110000000110010000011000101110100111110011000000100111010101110000010100011100001010000100010100111001110001100101100110011111100100110000001100111110101010001011011001000010100011001100000010110100101101011111010101111011000110
0001101010110010001000100011000100110011000000111010110001010010001100101100101001000011000011000001000001011001011011000001101110100010000000001011000100001010110100100010000111010010100100001010000011001010010000011100001000001010000010111110001110001000
0001001010010000001100100011000100010010000011111011111011110110001000111110101001000011000011000011000001101001000000100000101000010111000001111011001100011011010100110011000101111011100100001010001111100011010100110111001001001000000110010110001110111000
0110111101011000100111000000111111001111110000010000101010101101010010000100001111011111110000010100111111000011000100011100011101111000010001000000111001110110001100001000101110100110011101101011011011001011001100001110100100001101111000010011110111001110
0000010001110001110011000011010110011010001100111000000100111111111010001000001010100101101000001000000000100010010000001111011101101000000001000110000110000010100100100000001011110001001100101111111110011011100000111000001000111011110010111011110100010010
1100000110001110100111101000001011001111011100011000011110101010000101010111100010010001011010100111011101001110100100010000111000100101110101110011111110100100010000010001100110110010011011010000100010010100110000000011010110111100010111011101011000101110
0010110111100000111110000010111100110000100011111101100001111111111010001100011111001100101101000000000000000001111011001111001101101011100001100110001101101011100101100000000011100000001100101111011001101011001010000101001000101011101010110110010101010000
1111001110000100000010111011001001110110001000110010001011110000010001011011000000001100001101100110001001110101101101110000100000000111010100101011101100000001011011111010000100111010110000110000000100100101000110010111011001001001011111010101001010101000
1111001110001100100000111011001001010100001001110010111011110000001101011011100000001000001111100110000001111101101000110000100000010111010001111011101110010001011000110011000100011010110000010000000111100101000110010011001000001001011111011101001010111000
0100111101011110100101100000111111001101000100011000011010110101000011100011001111010011110110100111011001001110011100010100011100111100110001000010101011110101000010000000101110100011011100100101001101010010101110001011010110011100111011010001110011001111
0001010111010000001000011010111100111110000010111011000111010111001110001010011000001100001000001000100000110110010110100011001111101110000001001100000001111011100101001110011011000001001100101101111110110000110000101011001001110001101010110110100111110000
0100011101011100000101000100111110000100010101011000101110010101100000100011001110000110100100000100011001001111111100000100011101111001100000100110001101110110100110100000101111100011011100100111011001100010100110000010000000011101101010000010110011010111
0100111001100001100001000100110001000110010100000000001000100111100010000000001110110000100000111100101110000011010100110100110101011001111101000100110101100100000110000101111000100100011111100101011001101000100100100010110000010101011001010000010011000010
1001111000000001100000010100101001010110011000000010101011100011100001111011000001000010000001111111001101011001000111110001100001010111011101001010110101100100110110010011001100011110000011011001010011010010001100100010111001000000010100000000000010100000
0000010001111010000100000010110100001001000101111000000110010101001010000000001110010110100100011000000001000010111000000100011101111000100000000010000001110010001100100000101011100000001100101111111010001010100110001000000000111001100010010010010111000001
0001000101111010000000011010110100010100000000111010000011000101001010010000101011000100001100001000100000010011001010100000001101100000000000001001000000010011010100000110010111000011100100101110101010111010100010101001001001010011100010011010001101010000
0000011000100001100100000100000100001110000000001000000100110010000010000000001000100100000000001000101110000001010000100100010101101000101001000000010001100111000110000100111011100101001001100111011011111000100000000000101000110101110000000010000111010000
0010100100011010100100111010001100010001000000111000000010110000001001010011100001000010000011010011100001011000101000000100000100100100100001101001001000010011010000100111010011000000100000000100101010000000000010001001001000101000100110011010001100100001
0000011000100001100100000100000101000110010000001000000100100010000010000000001000100100000000000100101110000001010000110100010101101001101001000000111100100111000110000100110010100101000001100111010011111010100000000000110000010101110000010010000000010000
1010101000000000000000111110000001000110010001100000000000000010000011010001000000000100000111100110101001010001101010110000100000000001011100101011111100100001011010100010000100001111000001100100000000100000000000000001110000000001000100000000001000010000
