216.000000 50.000000 -0.174612 -0.302590
381.000000 82.000000 0.094151 -0.251911
238.000000 89.000000 -0.139408 -0.240415
347.000000 113.000000 0.038764 -0.202205
356.000000 122.000000 0.053556 -0.187605
360.000000 124.000000 0.060123 -0.184345
227.000000 146.000000 -0.157968 -0.148179
209.000000 147.000000 -0.187264 -0.146359
204.000000 148.000000 -0.195393 -0.144677
230.000000 148.000000 -0.153098 -0.144959
232.000000 151.000000 -0.149865 -0.140100
350.000000 151.000000 0.043823 -0.140510
234.000000 152.000000 -0.146611 -0.138493
348.000000 152.000000 0.040538 -0.138886
362.000000 153.000000 0.063549 -0.137203
82.000000 154.000000 -0.391709 -0.133509
367.000000 155.000000 0.071769 -0.133918
239.000000 156.000000 -0.138483 -0.132026
88.000000 158.000000 -0.382130 -0.127103
244.000000 160.000000 -0.130344 -0.125550
90.000000 161.000000 -0.378955 -0.122275
245.000000 162.000000 -0.128724 -0.122297
275.000000 163.000000 -0.079553 -0.120853
264.000000 166.000000 -0.097625 -0.115896
65.000000 170.000000 -0.419106 -0.107530
66.000000 173.000000 -0.417521 -0.102689
80.000000 174.000000 -0.395083 -0.101175
84.000000 175.000000 -0.388685 -0.099590
242.000000 175.000000 -0.133725 -0.101055
58.000000 176.000000 -0.430389 -0.097791
80.000000 176.000000 -0.395099 -0.097941
83.000000 177.000000 -0.390302 -0.096348
43.000000 178.000000 -0.454557 -0.094485
50.000000 179.000000 -0.443275 -0.092901
241.000000 179.000000 -0.135387 -0.094511
56.000000 183.000000 -0.433643 -0.086468
62.000000 184.000000 -0.424010 -0.084885
81.000000 185.000000 -0.393564 -0.083393
82.000000 187.000000 -0.391978 -0.080164
85.000000 188.000000 -0.387183 -0.078567
76.000000 189.000000 -0.401597 -0.076887
79.000000 189.000000 -0.396794 -0.076907
82.000000 189.000000 -0.391992 -0.076928
54.000000 190.000000 -0.436894 -0.075142
56.000000 190.000000 -0.433679 -0.075153
241.000000 191.000000 -0.135458 -0.074878
76.000000 194.000000 -0.401629 -0.068798
215.000000 194.000000 -0.177927 -0.069815
78.000000 195.000000 -0.398433 -0.067192
219.000000 196.000000 -0.171422 -0.066569
238.000000 197.000000 -0.140399 -0.065036
220.000000 198.000000 -0.169803 -0.063302
44.000000 203.000000 -0.453046 -0.054081
81.000000 205.000000 -0.393690 -0.051021
55.000000 206.000000 -0.435362 -0.049275
57.000000 206.000000 -0.432150 -0.049284
66.000000 207.000000 -0.417718 -0.047707
74.000000 208.000000 -0.404909 -0.046128
81.000000 208.000000 -0.393706 -0.046163
52.000000 209.000000 -0.440195 -0.044410
12.000000 210.000000 -0.504977 -0.042674
17.000000 210.000000 -0.496811 -0.042684
79.000000 211.000000 -0.396921 -0.041295
214.000000 211.000000 -0.179647 -0.041992
71.000000 212.000000 -0.409731 -0.039638
218.000000 212.000000 -0.173132 -0.040371
17.000000 213.000000 -0.496817 -0.037832
10.000000 214.000000 -0.508258 -0.036201
28.000000 214.000000 -0.478937 -0.036243
30.000000 214.000000 -0.475696 -0.036249
77.000000 214.000000 -0.400135 -0.036427
35.000000 215.000000 -0.467610 -0.034647
60.000000 216.000000 -0.427377 -0.033118
196.000000 216.000000 -0.208935 -0.033733
75.000000 217.000000 -0.403349 -0.031560
85.000000 217.000000 -0.387351 -0.031602
64.000000 219.000000 -0.420975 -0.028278
83.000000 219.000000 -0.390558 -0.028353
68.000000 220.000000 -0.414569 -0.026674
85.000000 220.000000 -0.387363 -0.026741
59.000000 221.000000 -0.429000 -0.025023
70.000000 221.000000 -0.411370 -0.025063
87.000000 221.000000 -0.384169 -0.025128
239.000000 221.000000 -0.138851 -0.025681
11.000000 222.000000 -0.506638 -0.023263
25.000000 222.000000 -0.483825 -0.023298
22.000000 223.000000 -0.488701 -0.021673
92.000000 223.000000 -0.376181 -0.021905
117.000000 229.000000 -0.336214 -0.012250
112.000000 235.000000 -0.344231 -0.002488
25.000000 236.000000 -0.483864 -0.000655
109.000000 241.000000 -0.349042 0.007264
106.000000 246.000000 -0.353846 0.015388
126.000000 246.000000 -0.321830 0.015375
115.000000 249.000000 -0.339447 0.020257
117.000000 249.000000 -0.336245 0.020256
251.000000 250.000000 -0.119208 0.021949
251.000000 252.000000 -0.119207 0.025236
47.000000 253.000000 -0.448361 0.026798
10.000000 255.000000 -0.508375 0.030135
122.000000 255.000000 -0.328237 0.030013
132.000000 255.000000 -0.312210 0.030021
7.000000 257.000000 -0.513303 0.033385
97.000000 257.000000 -0.368243 0.033247
140.000000 258.000000 -0.299369 0.034915
142.000000 258.000000 -0.296157 0.034918
251.000000 258.000000 -0.119201 0.035096
13.000000 259.000000 -0.503481 0.036598
99.000000 259.000000 -0.365043 0.036494
129.000000 259.000000 -0.317015 0.036527
247.000000 259.000000 -0.125760 0.036734
144.000000 260.000000 -0.292941 0.038179
17.000000 261.000000 -0.496956 0.039820
54.000000 261.000000 -0.437115 0.039738
245.000000 261.000000 -0.129036 0.040016
131.000000 262.000000 -0.313804 0.041411
249.000000 262.000000 -0.122476 0.041665
58.000000 263.000000 -0.430692 0.042973
139.000000 263.000000 -0.300965 0.043055
142.000000 264.000000 -0.296145 0.044691
80.000000 265.000000 -0.395434 0.046212
83.000000 265.000000 -0.390633 0.046215
87.000000 265.000000 -0.384233 0.046218
245.000000 265.000000 -0.129029 0.046586
256.000000 265.000000 -0.110983 0.046607
248.000000 266.000000 -0.124108 0.048234
19.000000 267.000000 -0.493716 0.049524
91.000000 267.000000 -0.377831 0.049466
72.000000 268.000000 -0.408242 0.051070
134.000000 268.000000 -0.308978 0.051182
250.000000 268.000000 -0.120824 0.051523
259.000000 268.000000 -0.106050 0.051542
95.000000 269.000000 -0.371429 0.052717
137.000000 269.000000 -0.304160 0.052819
151.000000 270.000000 -0.281661 0.054492
252.000000 270.000000 -0.117538 0.054813
259.000000 270.000000 -0.106046 0.054828
71.000000 271.000000 -0.409843 0.055930
155.000000 271.000000 -0.275220 0.056136
165.000000 271.000000 -0.259107 0.056171
124.000000 272.000000 -0.325000 0.057660
169.000000 272.000000 -0.252649 0.057818
28.000000 273.000000 -0.479099 0.059207
257.000000 273.000000 -0.109324 0.059752
267.000000 273.000000 -0.092892 0.059775
31.000000 274.000000 -0.474237 0.060818
120.000000 274.000000 -0.331403 0.060898
93.000000 275.000000 -0.374617 0.062447
138.000000 275.000000 -0.302535 0.062589
199.000000 275.000000 -0.204063 0.062838
121.000000 276.000000 -0.329794 0.064152
133.000000 276.000000 -0.310555 0.064197
262.000000 276.000000 -0.101103 0.064692
269.000000 276.000000 -0.089596 0.064709
222.000000 277.000000 -0.166610 0.066204
225.000000 277.000000 -0.161714 0.066216
122.000000 278.000000 -0.328184 0.067407
124.000000 278.000000 -0.324979 0.067414
204.000000 278.000000 -0.195926 0.067768
213.000000 278.000000 -0.181280 0.067806
66.000000 279.000000 -0.417853 0.068885
222.000000 279.000000 -0.166603 0.069481
274.000000 279.000000 -0.081364 0.069650
142.000000 280.000000 -0.296090 0.070744
215.000000 280.000000 -0.178013 0.071089
126.000000 281.000000 -0.321761 0.072300
217.000000 283.000000 -0.174740 0.076011
271.000000 285.000000 -0.086285 0.079497
279.000000 286.000000 -0.073119 0.081160
222.000000 291.000000 -0.166546 0.089132
210.000000 292.000000 -0.186094 0.090700
214.000000 293.000000 -0.179575 0.092359
216.000000 293.000000 -0.176317 0.092371
223.000000 293.000000 -0.164903 0.092411
123.000000 294.000000 -0.326505 0.093410
226.000000 294.000000 -0.160002 0.094064
245.000000 294.000000 -0.128930 0.094162
126.000000 295.000000 -0.321689 0.095052
129.000000 296.000000 -0.316871 0.096695
272.000000 296.000000 -0.084606 0.097551
89.000000 297.000000 -0.380950 0.098107
163.000000 299.000000 -0.262178 0.101808
223.000000 301.000000 -0.164856 0.105498
90.000000 302.000000 -0.379327 0.106215
247.000000 303.000000 -0.125608 0.108912
251.000000 303.000000 -0.119054 0.108933
261.000000 303.000000 -0.102651 0.108981
93.000000 304.000000 -0.374512 0.109471
273.000000 305.000000 -0.082930 0.112307
281.000000 305.000000 -0.069774 0.112336
258.000000 306.000000 -0.107560 0.113880
129.000000 308.000000 -0.316789 0.116187
284.000000 308.000000 -0.064829 0.117260
296.000000 309.000000 -0.045072 0.118931
298.000000 309.000000 -0.041778 0.118935
300.000000 309.000000 -0.038484 0.118939
224.000000 310.000000 -0.163163 0.120213
276.000000 310.000000 -0.077979 0.120508
250.000000 311.000000 -0.120649 0.122018
253.000000 311.000000 -0.115733 0.122035
273.000000 312.000000 -0.082902 0.123769
277.000000 312.000000 -0.076328 0.123786
280.000000 313.000000 -0.071391 0.125434
210.000000 381.000000 -0.185225 0.235410
202.000000 399.000000 -0.197979 0.264351
260.000000 407.000000 -0.103562 0.277860
237.000000 412.000000 -0.140984 0.285689
263.000000 421.000000 -0.098560 0.300390
260.000000 422.000000 -0.103441 0.301973
379.000000 422.000000 0.090811 0.301997
252.000000 423.000000 -0.116464 0.303512
248.000000 424.000000 -0.122967 0.305082
241.000000 425.000000 -0.134347 0.306622
237.000000 426.000000 -0.140841 0.308189
229.000000 427.000000 -0.153833 0.309713
291.000000 429.000000 -0.052844 0.313396
294.000000 430.000000 -0.047945 0.315012
209.000000 431.000000 -0.186248 0.315922
188.000000 436.000000 -0.220212 0.323729
244.000000 436.000000 -0.129365 0.324307
256.000000 437.000000 -0.109836 0.326012
174.000000 438.000000 -0.242846 0.326804
170.000000 439.000000 -0.249306 0.328376
187.000000 439.000000 -0.221800 0.328544
193.000000 440.000000 -0.212075 0.330214
259.000000 440.000000 -0.104930 0.330846
296.000000 440.000000 -0.044648 0.331049
165.000000 441.000000 -0.257375 0.331553
292.000000 441.000000 -0.051166 0.332637
190.000000 442.000000 -0.216913 0.333400
213.000000 442.000000 -0.179645 0.333635
231.000000 442.000000 -0.150434 0.333813
175.000000 444.000000 -0.241171 0.336474
247.000000 445.000000 -0.124410 0.338768
388.000000 445.000000 0.105282 0.338814
385.000000 446.000000 0.100395 0.340440
244.000000 448.000000 -0.129262 0.343553
273.000000 448.000000 -0.082087 0.343760
223.000000 450.000000 -0.163346 0.346576
324.000000 450.000000 0.001019 0.347102
379.000000 450.000000 0.090605 0.346893
381.000000 450.000000 0.093859 0.346879
171.000000 453.000000 -0.247571 0.350939
277.000000 460.000000 -0.075513 0.363000
135.000000 464.000000 -0.305861 0.368592
156.000000 465.000000 -0.271800 0.370232
223.000000 469.000000 -0.163189 0.377079
190.000000 472.000000 -0.216672 0.381687
277.000000 472.000000 -0.075459 0.382217
202.000000 475.000000 -0.197204 0.386590
259.000000 475.000000 -0.104702 0.386938
205.000000 476.000000 -0.192334 0.388218
296.000000 476.000000 -0.044545 0.388686
