353.000000 4.000000 0.048078 -0.376466
81.000000 15.000000 -0.392871 -0.357874
434.000000 56.000000 0.179916 -0.292894
306.000000 72.000000 -0.028368 -0.268200
463.000000 92.000000 0.227332 -0.234765
350.000000 93.000000 0.043595 -0.234446
80.000000 96.000000 -0.394420 -0.227022
327.000000 110.000000 0.005968 -0.207098
429.000000 124.000000 0.172768 -0.183696
440.000000 133.000000 0.190737 -0.168991
442.000000 134.000000 0.193992 -0.167346
445.000000 136.000000 0.198881 -0.164068
298.000000 162.000000 -0.041737 -0.122572
296.000000 163.000000 -0.045030 -0.120933
312.000000 163.000000 -0.018695 -0.120964
432.000000 163.000000 0.178092 -0.120376
291.000000 165.000000 -0.053262 -0.117651
450.000000 166.000000 0.207339 -0.115309
316.000000 167.000000 -0.012112 -0.114429
319.000000 168.000000 -0.007172 -0.112795
322.000000 171.000000 -0.002230 -0.107888
328.000000 176.000000 0.007657 -0.099701
357.000000 176.000000 0.055417 -0.099647
167.000000 177.000000 -0.255571 -0.097142
171.000000 182.000000 -0.249166 -0.089047
190.000000 182.000000 -0.218445 -0.089217
178.000000 183.000000 -0.237870 -0.087482
187.000000 185.000000 -0.223330 -0.084301
327.000000 190.000000 0.006014 -0.076748
326.000000 193.000000 0.004366 -0.071824
163.000000 195.000000 -0.262177 -0.067814
171.000000 195.000000 -0.249274 -0.067875
176.000000 196.000000 -0.241207 -0.066282
169.000000 197.000000 -0.252517 -0.064601
182.000000 197.000000 -0.231514 -0.064693
186.000000 198.000000 -0.225047 -0.063089
161.000000 199.000000 -0.265429 -0.061285
185.000000 200.000000 -0.226680 -0.059818
149.000000 202.000000 -0.284761 -0.056318
152.000000 202.000000 -0.279937 -0.056338
173.000000 203.000000 -0.246101 -0.054846
186.000000 204.000000 -0.225085 -0.053294
176.000000 205.000000 -0.241267 -0.051602
181.000000 206.000000 -0.233189 -0.049999
325.000000 206.000000 0.002719 -0.050466
160.000000 207.000000 -0.267092 -0.048245
130.000000 209.000000 -0.315304 -0.044813
183.000000 209.000000 -0.229970 -0.045112
177.000000 210.000000 -0.239679 -0.043448
303.000000 212.000000 -0.033583 -0.040590
322.000000 212.000000 -0.002231 -0.040598
324.000000 212.000000 0.001070 -0.040598
306.000000 214.000000 -0.028635 -0.037302
129.000000 215.000000 -0.316939 -0.035054
158.000000 215.000000 -0.270356 -0.035195
160.000000 215.000000 -0.267135 -0.035205
179.000000 217.000000 -0.236479 -0.032027
181.000000 220.000000 -0.233256 -0.027134
137.000000 224.000000 -0.304148 -0.020447
148.000000 225.000000 -0.286485 -0.018857
152.000000 226.000000 -0.280056 -0.017241
181.000000 226.000000 -0.233276 -0.017330
139.000000 227.000000 -0.300948 -0.015570
184.000000 227.000000 -0.228424 -0.015704
147.000000 228.000000 -0.288102 -0.013966
160.000000 228.000000 -0.267184 -0.014003
169.000000 228.000000 -0.252672 -0.014029
304.000000 228.000000 -0.031943 -0.014260
173.000000 229.000000 -0.246217 -0.012406
155.000000 230.000000 -0.275241 -0.010728
180.000000 230.000000 -0.234904 -0.010790
155.000000 232.000000 -0.275246 -0.007467
172.000000 232.000000 -0.247839 -0.007504
179.000000 232.000000 -0.236526 -0.007519
284.000000 232.000000 -0.064929 -0.007665
117.000000 233.000000 -0.336225 -0.005749
181.000000 233.000000 -0.233293 -0.005888
120.000000 234.000000 -0.331424 -0.004131
123.000000 234.000000 -0.326620 -0.004138
147.000000 235.000000 -0.288119 -0.002559
153.000000 235.000000 -0.278470 -0.002571
113.000000 236.000000 -0.342633 -0.000866
117.000000 236.000000 -0.336231 -0.000874
121.000000 236.000000 -0.329827 -0.000882
128.000000 236.000000 -0.318613 -0.000895
143.000000 238.000000 -0.294551 0.002335
177.000000 239.000000 -0.239771 0.003924
182.000000 239.000000 -0.231683 0.003919
109.000000 240.000000 -0.349040 0.005639
107.000000 241.000000 -0.352241 0.007266
160.000000 241.000000 -0.267208 0.007207
169.000000 241.000000 -0.252695 0.007199
163.000000 242.000000 -0.262374 0.008836
173.000000 242.000000 -0.246237 0.008830
190.000000 243.000000 -0.218728 0.010456
120.000000 244.000000 -0.331440 0.012127
155.000000 244.000000 -0.275262 0.012104
158.000000 244.000000 -0.270432 0.012103
128.000000 245.000000 -0.318624 0.013747
163.000000 245.000000 -0.262376 0.013733
172.000000 245.000000 -0.247854 0.013731
196.000000 245.000000 -0.208995 0.013729
120.000000 247.000000 -0.331441 0.017004
216.000000 248.000000 -0.176460 0.018648
70.000000 250.000000 -0.411440 0.021908
169.000000 250.000000 -0.252696 0.021897
210.000000 251.000000 -0.186233 0.023562
212.000000 255.000000 -0.182972 0.030120
158.000000 256.000000 -0.270426 0.031680
68.000000 257.000000 -0.414650 0.033249
135.000000 259.000000 -0.307392 0.036535
146.000000 259.000000 -0.289728 0.036553
212.000000 261.000000 -0.182961 0.039954
336.000000 261.000000 0.020878 0.040081
123.000000 262.000000 -0.326627 0.041397
140.000000 263.000000 -0.299360 0.043057
215.000000 263.000000 -0.178069 0.043238
224.000000 263.000000 -0.163388 0.043258
166.000000 265.000000 -0.257512 0.046383
337.000000 265.000000 0.022527 0.046666
134.000000 266.000000 -0.308983 0.047927
200.000000 267.000000 -0.202467 0.049750
165.000000 268.000000 -0.259117 0.051276
336.000000 268.000000 0.020875 0.051604
179.000000 269.000000 -0.236502 0.052954
216.000000 269.000000 -0.176424 0.053074
128.000000 271.000000 -0.318592 0.056046
137.000000 271.000000 -0.304154 0.056074
207.000000 271.000000 -0.191073 0.056321
124.000000 272.000000 -0.325000 0.057660
126.000000 272.000000 -0.321795 0.057666
113.000000 273.000000 -0.342616 0.059252
341.000000 274.000000 0.029121 0.061472
195.000000 276.000000 -0.210553 0.064458
206.000000 276.000000 -0.192682 0.064503
223.000000 276.000000 -0.164982 0.064569
228.000000 276.000000 -0.156818 0.064587
201.000000 277.000000 -0.200806 0.066119
230.000000 277.000000 -0.153546 0.066234
240.000000 277.000000 -0.137187 0.066269
91.000000 278.000000 -0.377811 0.067308
109.000000 278.000000 -0.349004 0.067360
122.000000 278.000000 -0.328184 0.067407
113.000000 279.000000 -0.342597 0.068998
126.000000 279.000000 -0.321770 0.069048
228.000000 279.000000 -0.156806 0.069505
331.000000 279.000000 0.012619 0.069702
344.000000 279.000000 0.034065 0.069692
352.000000 279.000000 0.047255 0.069682
96.000000 280.000000 -0.369804 0.070565
109.000000 280.000000 -0.348997 0.070608
121.000000 280.000000 -0.329779 0.070653
334.000000 280.000000 0.017568 0.071345
125.000000 281.000000 -0.323364 0.072295
231.000000 281.000000 -0.151896 0.072795
161.000000 282.000000 -0.265508 0.074095
233.000000 282.000000 -0.148622 0.074442
237.000000 282.000000 -0.142080 0.074459
349.000000 282.000000 0.042305 0.074618
165.000000 283.000000 -0.259053 0.075746
240.000000 283.000000 -0.137166 0.076110
325.000000 283.000000 0.002718 0.076281
327.000000 283.000000 0.006018 0.076281
337.000000 283.000000 0.022515 0.076275
133.000000 284.000000 -0.310520 0.077210
179.000000 284.000000 -0.236436 0.077452
181.000000 284.000000 -0.233201 0.077463
186.000000 284.000000 -0.225106 0.077490
189.000000 284.000000 -0.220246 0.077506
193.000000 286.000000 -0.213749 0.080795
221.000000 286.000000 -0.168203 0.080942
343.000000 286.000000 0.032408 0.081199
171.000000 288.000000 -0.249342 0.083934
236.000000 288.000000 -0.143690 0.084289
349.000000 288.000000 0.042296 0.084477
145.000000 289.000000 -0.291222 0.085409
228.000000 289.000000 -0.156762 0.085889
230.000000 289.000000 -0.153495 0.085899
222.000000 290.000000 -0.166551 0.087495
254.000000 290.000000 -0.114193 0.087645
267.000000 290.000000 -0.092846 0.087692
285.000000 290.000000 -0.063231 0.087742
310.000000 290.000000 -0.022025 0.087780
170.000000 291.000000 -0.250939 0.088820
191.000000 291.000000 -0.216964 0.088951
133.000000 292.000000 -0.310477 0.090218
219.000000 292.000000 -0.171433 0.090752
286.000000 292.000000 -0.061580 0.091028
292.000000 292.000000 -0.051696 0.091040
309.000000 292.000000 -0.023673 0.091064
236.000000 293.000000 -0.143666 0.092480
238.000000 293.000000 -0.140394 0.092490
301.000000 293.000000 -0.036862 0.092697
240.000000 294.000000 -0.137117 0.094138
122.000000 295.000000 -0.328102 0.095028
151.000000 295.000000 -0.281535 0.095212
153.000000 295.000000 -0.278316 0.095225
303.000000 295.000000 -0.033563 0.095983
166.000000 296.000000 -0.257361 0.096943
223.000000 297.000000 -0.164880 0.098956
215.000000 298.000000 -0.177916 0.100542
232.000000 298.000000 -0.150179 0.100645
241.000000 298.000000 -0.135459 0.100694
304.000000 298.000000 -0.031910 0.100908
287.000000 299.000000 -0.059916 0.102516
215.000000 300.000000 -0.177903 0.103811
301.000000 300.000000 -0.036852 0.104186
341.000000 302.000000 0.029089 0.107469
289.000000 303.000000 -0.056613 0.109081
360.000000 304.000000 0.060377 0.110705
220.000000 306.000000 -0.169714 0.113650
223.000000 307.000000 -0.164816 0.115305
302.000000 307.000000 -0.035193 0.115665
310.000000 307.000000 -0.022011 0.115675
357.000000 307.000000 0.055431 0.115630
66.000000 308.000000 -0.417806 0.115852
292.000000 308.000000 -0.051661 0.117283
339.000000 308.000000 0.025785 0.117308
289.000000 309.000000 -0.056597 0.118913
65.000000 314.000000 -0.419400 0.125566
70.000000 315.000000 -0.411360 0.127198
328.000000 315.000000 0.007653 0.128785
330.000000 315.000000 0.010948 0.128783
347.000000 315.000000 0.038948 0.128757
187.000000 316.000000 -0.223254 0.129695
299.000000 316.000000 -0.040117 0.130399
337.000000 317.000000 0.022477 0.132049
348.000000 317.000000 0.040589 0.132028
376.000000 317.000000 0.086628 0.131924
369.000000 319.000000 0.075121 0.135227
64.000000 320.000000 -0.420996 0.135279
74.000000 320.000000 -0.404917 0.135307
191.000000 320.000000 -0.216737 0.136246
336.000000 320.000000 0.020826 0.136959
343.000000 320.000000 0.032352 0.136947
345.000000 320.000000 0.035644 0.136943
350.000000 320.000000 0.043873 0.136930
352.000000 321.000000 0.047161 0.138560
365.000000 321.000000 0.068540 0.138514
21.000000 322.000000 -0.490721 0.138607
372.000000 322.000000 0.080035 0.140117
384.000000 323.000000 0.099722 0.141686
342.000000 324.000000 0.030697 0.143489
357.000000 324.000000 0.055376 0.143448
365.000000 324.000000 0.068527 0.143416
337.000000 325.000000 0.022465 0.145133
355.000000 325.000000 0.052084 0.145088
362.000000 327.000000 0.063584 0.148329
369.000000 327.000000 0.075084 0.148298
19.000000 343.000000 -0.494190 0.172703
95.000000 348.000000 -0.371037 0.180744
98.000000 348.000000 -0.366217 0.180765
97.000000 353.000000 -0.367788 0.188849
63.000000 354.000000 -0.422557 0.190330
95.000000 354.000000 -0.370996 0.190454
298.000000 393.000000 -0.041539 0.255528
301.000000 397.000000 -0.036616 0.261987
290.000000 411.000000 -0.054554 0.284485
337.000000 412.000000 0.022290 0.286145
460.000000 418.000000 0.222368 0.294674
464.000000 418.000000 0.228834 0.294624
345.000000 420.000000 0.035341 0.298976
335.000000 422.000000 0.019001 0.302214
324.000000 425.000000 0.001029 0.307041
332.000000 426.000000 0.014094 0.308638
499.000000 426.000000 0.285252 0.307109
331.000000 428.000000 0.012458 0.311848
463.000000 429.000000 0.227084 0.312333
345.000000 434.000000 0.035294 0.321436
349.000000 434.000000 0.041820 0.321422
461.000000 435.000000 0.223781 0.322006
335.000000 436.000000 0.018974 0.324668
339.000000 436.000000 0.025500 0.324659
343.000000 436.000000 0.032025 0.324648
352.000000 437.000000 0.046701 0.326218
324.000000 438.000000 0.001024 0.327885
327.000000 438.000000 0.005918 0.327883
316.000000 440.000000 -0.012027 0.331088
299.000000 443.000000 -0.039747 0.335864
381.000000 443.000000 0.093910 0.335663
383.000000 443.000000 0.097164 0.335648
383.000000 445.000000 0.097149 0.338853
381.000000 446.000000 0.093888 0.340470
464.000000 446.000000 0.228515 0.339667
462.000000 447.000000 0.225270 0.341295
331.000000 449.000000 0.012429 0.345495
261.000000 450.000000 -0.101604 0.346888
266.000000 450.000000 -0.093469 0.346921
284.000000 450.000000 -0.064165 0.347019
341.000000 451.000000 0.028723 0.348677
350.000000 451.000000 0.043386 0.348649
279.000000 452.000000 -0.072297 0.350199
284.000000 452.000000 -0.064156 0.350222
298.000000 454.000000 -0.041346 0.353475
319.000000 454.000000 -0.007131 0.353506
387.000000 454.000000 0.103587 0.353243
473.000000 454.000000 0.242997 0.352463
282.000000 455.000000 -0.067399 0.355017
468.000000 455.000000 0.234902 0.354115
266.000000 456.000000 -0.093432 0.356533
288.000000 456.000000 -0.057626 0.356643
306.000000 456.000000 -0.028309 0.356694
259.000000 457.000000 -0.104810 0.358091
339.000000 458.000000 0.025448 0.359886
472.000000 458.000000 0.241348 0.358916
309.000000 459.000000 -0.023418 0.361500
314.000000 463.000000 -0.015271 0.367906
464.000000 463.000000 0.228366 0.367032
263.000000 465.000000 -0.098257 0.370933
266.000000 465.000000 -0.093379 0.370950
253.000000 469.000000 -0.114485 0.377284
227.000000 473.000000 -0.156672 0.383533
225.000000 474.000000 -0.159910 0.385126
232.000000 475.000000 -0.148545 0.386778
246.000000 475.000000 -0.125818 0.386865
278.000000 475.000000 -0.073821 0.387027
368.000000 475.000000 0.072572 0.386995
250.000000 476.000000 -0.119316 0.388492
