1101000010000000000010011000100001100000000000000110001000000001010101011011000001010001001000000010101110000000000100000010000011010000000100111000010001100101110000010010001000001100010011011001010000100000010100100111111101000101001101000101101011010010
1101001010000100000010011000100001100010000000000010001000000011100101010101100001011101000001001010000100110011000101010000000011010001010100011000110001000101011000011010101000001100100011011001010100100101010100100101110111000001000101000101101011010010
0001010001100000011000011011110110110010110010101011100101011111101110001100011000001110001100001000100000010001011000101011001111101011000000000100000111001010101100000110010010000010100100001011111000001010100000100001001001110011000010100010100101010000
1100011010101110000010010100010001101000011011000100101010000001000100100011001001010110000100101101101111111101001011110000000010001100011100010000110001100101001111001010100100001111011011010011010101101101010010100111110011101001000101000101000001111001
1001011000100000100000100101000011110111110001000010010010000011100101111100000001110010000010101110000100001001000010011011011010010001011101011110110100001001110000010111000000011101110011011100000001001111110100110000110101110110101101111000001010010010
1110110010100100001111001101001001000010111111001101100111110010010010000000011110001100101101110100001000100101111000010100000001101111111100110010111101100100001111110000100110110110001101010011011101111111011000010101010010011011010011000110010001101100
0011101110000000111101000001001100010110001010111111100011111010011011111011010101001010110000010111000000101101010011001011011100111111100001100011001100001011000101110000001010110000100100110100001101100111001100010110001001001111110010111100001110111100
1001010100111010101000011011011010111110100010110111100011101101111110001000111001001100001001000000000100100001000011001011011001100010000101101110010000011010110101000010000111101011100101101110110000011010010000111001101011111011110110111010101101000000
1100000110010010100111100000001001101111001000011000001110100010000101110111100110010011000010011011001101001100010000101100011000000100110101010011011010100100010000010001100101110010100011110100000010000100010000001111110100011100110101011101011100101010
0111001010000100101110101100000101110001011010001110111001110010000101011111000001000010001010100111001011001101010001010000100110001111011001110011101110100111000111110101110100110110010000010000000001010100010000010111010011000100000010000101001010101000
0111101010000100001110111101000100110011001011101010111001010010001101111111010001000011001011100111000001011101110001010000100110001111001001011011101110001011000101110111000100010110110000010000001001010100010100010111001011000000000011010101001010111000
0001000101011001000000101011001111010001001100111010010101110000001001111011100110000010110111000011010001001100001010000000000100000111010000001001000110010000010000110001000101010010100100100000101010010100000010110000001010001010100111011000011100110000
1101100010000100100110101100100001100010011000000010001011110010010111011011000110010101001000110110001001100100000101110100110011000111011101110010101101100100000011010000101100110110011011110101000100100101011100010111110010010101011101010101011010101010
1111000010000000000010010100000001100011011001000010001001000010010111011011000000000101011100100110101100010100110001010000000011000111111100001000110110100101001011010110101100011111000011110000000000000100010000110110110101000000100101000101001000111010
1111101010000100000000001100000001110011011001000010001101000010000101011011000000010101001100100110001101010100101001010000000010000111011100001001110110100101001011010010000100010111110011110000000000000100000100110110110111000001101101000101101010111011
1111100100000000101000101101001001110111111010001010110011100010000101111011000101010010001010110111001101001100110001010000111010000111011101101011111110100100000111110011100100110110100011010000100000000110011000010011110011001110010101001000001000101000
0101000100011010010100100011001110011001001100111010011111110000001001111011100000100010100111001011010001001100001001000000000000000110000000011011000010010010010001110001000011110001110000010100100110010100110010111010001110011000101110011001011100111001
0101000101011010010000111011000110111101001000111010011111000000001101111011100010100011000110001011100000011000001000000100001110000100000000001001000010010010010000010111010001010001110100100100101110000000110010111011001110110000101110011010101100100000
0001101110000000111011001001000100010110101010011111100011101010000011111011000101000110011010010111000001000001010011000000011100101111100001100011001100000010000101110000000110110010100000111100000000010110001000010101001001011110110010011101000100101100
0001010000100000101000001101010110010110110010101011100000001110111110001000111000011100001000000100000101100001010000001011011000100001101001011101010100001010110100100100010110100001100010101110110100001011110000110001001100111111100010111010000100010000
0110100001011101000101101000110110001001001101001000001000010101000111010011001110110011111110000011011000100110110100100100010100011100100000010101001011110111000010010001100001100001011100000000101110000100001010001111000110110100101011000001110111111111
0110111001011101010001010110110110011000000111111000001000011101100010000000001011100011110101100000011000010011101110100100100101011000010000000100001011110011101010101011101001000000011100001001011011000000001110001010000100000000001010000011110011010111
0110100001010101000101101000100100001001001101011000001000010011000101010011000110110011111010001011011000001110110100100100010100011100110000010011001011100111000010010001100001100001011000010000101110000100111010000111010110110100001011001101110111101111
1100000011011111100101100000110011001001001101011000001000000011000011110011100110110001110010110011011110001110010100000100110000010100111101100011011011100100000010010001101001100001011011010000100010100101100100001110110100110100011101001101111111101111
0010011001100001011101010110110110000000100111110001101100011101101000100000011011100110110101000000110000010011101111100101100101011001001000000100000111011011101111100000001001000000011100001011011011001010001110000010001010000001001000100010110011010100
0010011001111001011100010110110110010000100011100001101100011101101000100000011011100100110101000000110000010011101111101111100101011011001000100100000001111011101111100010101001000001011100001011011011011010000110101000001000000001001000100010110011010101
1100111010000111100101100000110001001010001100001000001000110011000001010011000110110001101000111110011100001110010100110100110001011100110101000010111011100100000000110001101000100100011101010001000010100101110100000110110100010101011111010101110111101010
0010010001111001011000010110110110011000100011100001100101011101101010101100011001000110010101001000110000010011101111001011101101111010001000001100000001111011101111100010001011000001001100001011011011101011000110101000001001101011001000100010100101010101
0100010010000101100111100000100111001000001100001000011000110011010001010111000110110001100000110010111110100110010100110100110101011100111101100010110011100110000010011001101000110100011011010001010111100101110100000110110100010101011001000101010011101111
0111001010011101000000111111000101111001001101100010111001000000000101111111000001100010000111100011100001111100101010100000100100010110011000111001100010110001001010010111000001011100110000010000001110000100010010111111001110000000001001001101101010111011
0001010001111001011000010111110110110000100011110111100001001101101110001000111001100100001101001000110100110011001010001011000011101010001000001100010010011011111110000110011011001001100100101111111110101011100010101000101101101011100000101010100001010001
0100100011000100111001000000101101100110001100011000001000100011000101010011000010010100100000010010001100000111010100000000010101111101100101100010011111100110000100010000101110110010011011110001010100010100110100000110010010010100011011010101010011101010
0100101011000100111001000000111100100110011110001000001010110011000101010011010110010100100000010010001100000111010100010000010001111101100001100010011111100110000100110000101110100010011011010001000100010100110100000110010010010101110011010101010110101000
0100101101000100111001000000111100100010111110001000101000110110000101010111010110010011100000010110001000000111010100010100010010011101000101101010011111001010000100010000001100100000011111110001001001110110111100000010010010011101010011010100010110101000
0000010111000000011111000000111100010110100010101101101111111111101010100100011010000110110000000000000000000011010101010111000101111011100000000100000111101010100101100000001110100000001100101011011101011011000100000110001010011001000010110111110011010000
0100101011000100111101000000111100000111110110011000101000111111011010100110101110010111110000000111001100001111010001011100011000111001100101100010011111001010010100100000001110100000001101100111001001000011001100000010010000011100011011010111010111001100
0100011111100100111111000010111100000011100010111001110101111111011011100010101110000110110011000101001001001011010001001100011101101011100001100010001111100010000101101000001110100010001100001101001100011011000100000010000000111000000010010101110111011100
0001010001111010101100000011110110011000100011111111000111011101101010001100111010001100101001001000010000100010011100001011011101101010000001001100000000011010110100100000011011000001100100101111111110011011100110101001001000110011100010111010110101000000
0001010001111010101100001011110110011001100110111111000111111101101010001100111010101100101001001000010000100010001100001111001101111000000001001100000000011010110100100100001011000001100100101111111110011011100110101000001000110011100010111010110111010000
1100101111000000111000110010111001100110010110100101111010110111011000110011111011010010110011111110100111011111000111011110110010010101010101011011110111001001011100000010001100001110001101101111001001100010001100000010101000001000011100010110010011101100
1010111111101010111000110010111001100111000010110101111000110101101000100010111111010010110011111101001101111001000111010111111010010001010101011010111111011000111001001010001100001100001101001111001101011010001100100010110010101000010100010110011011000000
0110101111001000111100110110111101100110011010100100111000110101001001110111011111000000100101111110101011111111001110011110100101011101111001000000100111011011011110000000011100001110001100000001001101110000001100000010100010001001001001110100010011101100
1010000110011010111100100010101001100111010010110100110001110101101001111100111100000010110001000111001101101000100101000011001011110011110101101110011111011000111001100010001110111000001101001101101100000110001100001010110011101010010110110101101111010000
1010011100000000011100010100101011100110011110001000101110110011100101010011010010000001100101100110101001110101011101111111000011010101111100000100101111101101101011101100111110010111011001010001010000110100011100000010010010001001001110100000010011010000
1011001110111010111100100010101001011111101010111111010111111001100001001101110100000000111111000110001001001000101101000011001001110010110101101110001111111000111001100001001110110010001101101101001100101110000110011000010011111011010110110101101111010000
0010111111111010011100110010111001001101010010100000110011100101000000100000011001000011010111111101111011111001101011010100100100001010110001000000101011111100001001001001101101001110001100001111011101111001001110101000100011101010010100010111000011001101
0001011101111010101101101011011110011000100110111011100101111100101110001100111110000001111111000000010000101001001000101011011100111000100001101111000010011010110100100001000011110001100100101010001111111010110110011001001100110010100010111010111110010100
0010111101000000101010000100110100000110110000001000101110011111100010000111001000000101010000001010111110000101010101100111010111111111101000000000010111100110000101000100111010000111001100100101011001100010101100100010100011011101101000100001100011000100
0110011010000000101010000100110110000110110011001010101001101111100010000111011000000111010000100100111110000101110101010000010111111011101001110110111111101110100111001100101110100111001101101101011001100010001100100110110101010101011000000001100011000100
0000111111000000100011000100110100000100110000001000001010011111100000000111001011000101110000011010111110000011010101100101011101111111001001000100000111101110100101000100111010000111001100100101011001110011101100100010100011011101101000100101000011000110
0110111001000000101010000100110110000110110010001000101001001111100010000111001000000111010000011110111110000101110101011000011101111111001001000000111111100110000111000110111110100101001101100101011001110010001100100010110101011101111000000001100011000100
1001111000000000010110000101100011010110010001011010100011001011110101101000000101000111010000100110010001000001110111011011010011010011111100100110101100101101100111110100111100110010100011011001010001100100101100110000011111001111111010100001100010010110
0001111100000100010011000101001110011100111101001010110011011010011100101011001001000001111100110010010001011101111011000000110101001110000000000101001010000111000111110111110101010110110000000110001011100111111010010000001100001111001011001011100000101101
0100110111000100110110000000111100001100001110001000001000110111010011000011001111010101110000001010011100000111010110000100011111111100100001000010000111100110000100000000101010100011011100100101111000110111111100000010010100111101111011010101010111111010
0100011111000100110101001000110100000110001110011000001010111111010011000111001011010101110000011110011100000111010110100100010101111101100001000000000111101110000100000100111110100001011110100101011000110011101100000110010100011101011010010101110111101100
0111010101100100011011011011011110010001100011100011010011111110011000001000110000100110111101100000010001010011111000011000000001000011000100101010101000000010011110100010000001101110110100001111011000011001000010010001001001000011011010001011101001001001
1001000101101100001010001011111011010000100011111011110111111100011001011000110100100000001101100000010001000001101000101001010001000011010000101111101000011001111100100011000001101010110100111110111101011001000010100001001100010011100110111010101000010101
0001001101011010111101101011011100011000100110111011000111111101101110001100111110000000111111000000010000100011001100100111001100010000100001101111000010011011111000100001000001100011110100001010001110111011000110011001001110010010110010111010111110010100
0100111111000100110111000000111100000010001110001000001000110111010111000011001111000101110000001010011110000111010110000100011101111100100001000010001101100111000100000000101010100101011100100101011000110011101100000110010100011101110010010101010111111100
1111010101100101011010011111011010010011101011100001111101111110011010101010101000101110111111100001010000010111101001011000100000000111001100101111001100000000011111111010000000111100110100000110111000001111000000010101001000100010011110001010101000101100
1011111001100100110001010111110001010010010101100111100010101111111010100000101001001100011001101100010100010011000100011011011001100001001101001110111100000001111110001010001110001111110101001011010001011011000100100100101100001011011101111010100011000110
0001001101011110111101101011011100010000100110110011000111111101001000001110111110000000111111001000010001100011101100100101010100011000100000001111000010011010111000000001000001101010110100001010001110110001000110001001001110010001010110110010110111000101
0111000101011111011101111111011110011011111011100111101001011100111010111011111010001110100111000111000000110100101101011110101100111110001000101111000000011010111101111010000110001000110100000110101000100010000010011111000000100000011010001010111000100000
0100011100000100100001000000101110001110001000011101101010100011110110000111001100011110010000010000111110100111010100000100011101111100100101010100011101100110000100011100111010110100011011110101010001100110110100000110110111011101111001010001000111100110
1110000001011011011101111110111100000000110011111111111101011001111011010101110000001000100111000111001000111010111101001011001000110010101000100111001000011000101001111001001111100010100100010100101000100010000110001111010010101000101110001100111110010011
0011000001011011001100111110111100011001111011111111001001011101101011111111111100001110100111000111001001111110101100001111101100111110101000000111000000011010101010111000001111100000100100000000101000110010000110001110001000111000001010101100111110100001
0001000101011011001100101010111100011001100011110111001001011101101010011111111000001110100111001111010001111100101100001011101100111110110000000111000000011010101010101000001111001000100100001010101100010011000110001110001000111000001010111010100010100101
0100111110000000100011000000101100000101000000011101101010100011100110100101011010010110000000011010111111000011010100001110011101111100000001010000010100100110100100011100111011100010000010110101010001010110110100100110100110011101111001010101000110100010
0100001110000000100011010000111100000111000110001100101110101011010111110011010110010110000000011010111110000011010100011110011001110001000101010000010101100110000100000110111010000110001011110101010001000111110100100110110110011101111001010101000111011010
0110110111111110011110010000111100101100000111001100100010010101010110100000011111011100110100111000101011111010101001011100000111101000110000010000100001111110001011101000111111000110001100100111111101001001101110001000000000101011100000000111010001001001
1000011111111010011100100010111001001000100011111001010001011101010000000100011000100001110101100000001000100001101001101101010101011010111100100010101011111100000001101001101001110010001101001111011111101001000110001010010000010001110110110110010111001101
0000011110001000110000010000101111100111001010010100110110100011010100101011011010010111000000011100101111001001000001011111011111111101000001010000100101101110000101010100111110010100001010100101011001010111110100100010100100011101101001110000010111101000
0100011110001000100000010001001101101111011000000100100011100010010110101011001101011110000000011100101111110101010000011110001111101101110001010000110111100110000101011100111110011110001011100101010001010111111100110010110101011111101001010101000110101000
0110111110000100000000010001001001100111011100000111100011100010000100101011001111011110000000001110101111110101110010010000001111101101110101010000110110100110000100011100110110011110001011110101010101010110111000110010110011001111100001010101000100101010
0001011001101001111000000011011111010000000011111010110101010100001000101000011000100101011101000000010000000001011000101011000101001011000000000110000000011010100100101001000001110000100100101011011001011000100010110000001100010011100010110010100100000001
1001101111000000111001111011011000110010000110100110110010100110001000101110111011110010100011111001000101001011000010010011010000010001000101001110110110001011111110000010001100011101100101101111001001000000111100110001101010001010110100110111001111010000
0001000011100001111001001011011100010010000010111010110011110100101010111100101000000111111101001100010000000001001100111011101100100011000000001011000110011010110100110010000110100000100100001010111011001010000010010001001110010011011010111010111000100110
1001100100100000100010010001001010100111011000001010110010100010100101111000100001010111000000011101100111001001010010011011001011110001000101001101010110000101010100011110011110011111100011110110010001011110111000110000110001011110101101101001001000100010
0001000011111001111001001011011110010000000010111010110110110100101010011000101010000111111111001000010000000001001100000011101100110001000000001011000110010010110100000000000111000011100100001010101010011010000010011001001110110010000010111011111000001110
0001101110011000101110011011011100110010010010100010110011110100011100101000101011110011110111111101100011011001001011010101100110011001001001001001100110011011111101001010000100001100100010101111001101000011010110011001101100001010000000110111111010011000
1011100011100010110100111010100001101111010010100010000010110011001001010010110101000101111001010110111000010110000011010000101011100010010101111000011111001001011000100010000000001101000001111100100110001011001000001011110111100001010101110101011101001110
1111101011000111101110111011000000110110111110110000001110111110001011011001110111000101110011010111010000011100100101010000001010100111000101101011011110001000111001100110001110101010100101100100101110100110001100011011101010100000110100011111111110101000
1110011000000001100001000100110011000111011011000000001100001111000111010111010100010111010000100110101110000110100100010110000001111101011101110100111101101100100110000100111110101110011011110101010000000010010100000010110100000101111101000000000011100010
0100110111011010101101000010011100011100000110111101110010110101001000100000111111000010110100011001010001001011001010101110101101001000100001010000001011010011000000100100010001100000101100001011011111111011101010001000001100001011011010010110110101011110
0011110100111110010111111011001011011101001100000010010011101100010100101001001011010111111111100001111111010100101001000101001101101100010000101101111000110101001001011010100111011110010010000000111010011101011010111001100100101010000001111001110100101101
0010110111111010110111000010111100011100000100111101110010110101001000100000101111100010110000000000110010001011000010101110001100101000100001100000001011011011100000000100010001100000001100001011011111011011001010001100001100101110010000011111110101010110
1111100000011110110000111101000011001111011000000011001111100010110001011011000001000001011010100110111111010100100111010001001000110110011101111101111000110100100001011110110110111110010011010100100100100110001000111110111101001101111101000001101010100110
0011011100111110000111100010111011011100110101110011000111111101011110101001001100000011011111100100011001011000101000001101001100101010110000110110101000111000101000110001001111110010010100101100001111001001001110001001001100101000110110011010111110000101
0001010101111010000111100011001011011001000101111010000111111000111010101000101010000001110111100001010001001000101000001101001100101000110000000110001000110000101000100000001111100010110000101111101110111001000010011101001100111010100111110011110100000111
1000011101111110000001010011010010011101110000000001110010101101101000100100111001010010010100101100110111011011001010000001001001100000110100011100010000011001111110000110011111001111111111101111011001101010111110111100101111101111100101100010100011010111
1100110101111010000001010000110011001101110000000100110010000001100001100100100001011000001100111100111111010010001010011011010001100010010100011000110001100101011010000110110111001111001011111111110001101000101010101000110111101111101101101000101001000111
0111100100111110000011101011001110011101111000110011111011001000101000101110101001001011011110000001010101111001111010001001101000100010100000111101011000010110110010111111010001011010110010011110100001011110101010111101101111101110001111001010101100100111
0011001101111010000111101011111110011000100101111111001010001101011001011000001110111011111101100010010001101011111000101011000100001000110000111110001000010010110010101001000001100010110110101101001011011001001010011101001100111011111010001010111010000111
0000111101111110001001010111011110011100110110100001110010001100101100100100111011010010100100001000100111011011001010000101111101001000001000010101010010011111101110000110110101001111111100001110011001011010110010111101101010001111000000101010110000010011
1000110101111010000001010101010010001100110100000001110010001101101000100100111011010011101100001000110111010011000110000011010001101000010100011101010000111101111110000110110011001111011101001110011011001000110010101001100010101111101101101010010001010011
1110110111100010110011011100110011001101010100000010011010000111000001010101010001111101101000111100111111010010010110011010000001000000010101001000111011100001010010000110010100001110001111111101110000011000111010100001110110101101101101000001001001001111
0101100101111011000011101111011110011001101001110111111000001000101000100100101001001010011011011001010101011010100110001011111000010110001000011111011000010111110000110111110001001000110111011110100000011000100000111101101111101000001001001010101100110111
1111110100100111010011101101001010011111101001001111011001001010110101101100000101101010011110010001110010111010111110001001000000110110100100101101001000100001110010010010000011100100110010011110110010011011001010111101011111101110111111001000101000110110
0100000101111110100111100010111110001001100100111001000010111101111001000000100110101001110100000000011000100011011100100101000101001000000001110101000000010011100100101001000001100000110100100110111111001001001010001101000100110011101011011001111101010111
0101111111011100011101011111011100110100010111111101111010010100101100101000111111010110100100001000100011010011001010000100100110001001001000000101000110010011101110000100010101000010110110001110011101011010110010011101001010001011000000001111111000010001
1010110101101010000001011100110011101100010110000000110000010111100100100100001111110101101001111100101110010110000110011111000001011000011100011000110011100101010010000110110000001101001101100111111001011000110000001011110010101011101101100000010001010001
1110000111011010100001110010110001011001100101111101111110011101111001110101110111010010100111101111110001011011001110001010100000010000010100011001000010011000111000100011001101001011100100111100101010110010100110001010000000101000111110011100011011000111
1000000111110010000111001010111000000000100101111101111000011101111000100000101110111010110111000000010100101010001100101111000000010000100100111010011000000110110010101001100001101000101111101111111001001000001010001101001100110000111111011111111001000111
1110101111001110001111110110111001000000110111100000111000011101101001110000110111110000100101110110001001111111101110110100100001010001011100101010110101011001011010101011001100001101001101100100001101110000010110000010110010000001010111000101011011011011
1100010111110011100101001010111000001010000100111101011100111111111010100000101110111010110010000001010000100010011100001110100000010000100100110010001001100100110000101001101001100000001101101110111001001010000110001101000100110000011111011111110101000110
0100000101010111000111001010110100001001100100101101011100011111111000010101001110101100111010000010011000100010010100101111010101011000100001010110001001000110100000101001101001100000011100101101101110010011100100001111000110110001001001010010110101010110
0101010001101101010001011101000111011000001001000000000100000000100010000000000010110001111100101000110000110011001000111100000101001000011000000101100010010010001110010111000001000101110010110110010101101101000010110000101110010011101001001011110000100111
0010101011011001101101110110111100000010100111111101011100011101101000010111111110111000100110011111100001101110101100111111110100011100101001010101001001011010111000001001001001100000001100001000101000100000010110001010001010010000011011110110010111000000
1100001101001110000100100010010010000011001001111000111100010100001000110011101110000111110110001111011001001110001101010100111100110111100000100011001110010000010001101100000110111011011100000110001000010111100010101010000010011000001110011011011011101100
1010001011000011011100100110110001101001100111101101001100110111100111010101110110001100100111110111001000111000111101110110101011110001111100100010001111101000111001100001101110100000001101000001101000100010010110000110010010110000000110110100010011000000
0010111011111011101111100010111100001001100111111101110100110101111000100100111110111100100010000001000010101010110100001111111100011000101001110010001011011110001100001001101001100000001100001011001000111001010110001010100000110100010001110110010111001011
0100001011010001111101100000110100001100000100111101011100110111111010000100011110111100100000000000011000100010010100100110101101111000100001000000001101101010100000100001101011100000001100001011011110110010000100001110000010010001000010010110010111010110
0100011011010001111101100000110100001000010100001101001100010111101010000100011110111100100000000000011000100011010100100110101101111000101001000000001101101110100100100001101011100000001100001011001100110011000100001110000010010001010010010110010111000110
0011011000100001010100000101100110000111110001001010000101000011100111001000000100110111010110001100111010010000111001010111000111111011101000110100101111101110101111010100111010110101000010011101010000001110000110000000010111111110100011100000000000000110
0110010000001001000100000101000111100101111001001101000101001000100110011101001110110100010100100110111110010100111001011110100111001101111000100000101110110110001111010100111110110100001010000001010000000100001010010000000111010111000011000001110000101011
0110011000111101000110000100000101101000111001001101111101011000000100001011001110110100101100100100101011010101111001111100100111001100111000100100101011110110101111110001100101110110011010000001011001101100010110011110000010010001001010000100110011100001
0100011001011110111001100010110110011001001001111000111101010101000010100011001000000011000010001011011001001110010100000000111100111110010001100010000011110010000000000110111111110011011100000100001000010011100110111010000101111100101010010001100111101001
0011010000100001010100000101100110000111111001001010000101001010100011011001000100110011010100100100011110000000111001010111010111101111101000100000101110100110000111010100111010110101000010110101110001000110101010110000000111010110100011100000000000000111
0110010010001101000100000101000111100101111001001111001101001000000110001011001100110100011100100110001100000101111101111100100111001111111000100001101010110110000111110100110101110110011010010001010001100100000010010010000011010101001010000111100000101011
0010011010011001101110100001001100101001100110011001000110111000110100101000011110011000100000010000100011001001110001001111111111001000100000110010001000111110000001100001101001110010001010001111011011110111010110011000000000011111010011100110010010000001
1001010001100001010001000101100110000111110001001010000100001011100011000000000000010011000000011100001110000011110000010001011001100011101100000110001110101110000110010101110010100101100010111101110011001111101000100000010001111111111011101000001000000110
0000011001100000101010010100110101010110110110001000100101011111010010100100001010000001110000101100110011100011010000010101110101011001001000010100100101101010100110000100111110000111001100001011011101111011100100100100001100011111000000100111110011010100
0100111011000111010011110100110111001010111100000000001000011111100011010011010111000001111010111110111010100010000110101100101101111100011000000000100011100010000010010100111110000101011100000001011110110011101100101010110100011101001000000001110011000110
0001010100100000111000001001001110110010100010011011110101101010101100101000111000111110001000011000010101100001010001101011110011000011100101111111011110001110110101011100000000110000100011011010010011001000111000110101001011010111111010111010101100000100
1000110000101100101110010010100011100011111010000001100011111001100011101001010011001110100011011101101010110000000111111101001111111011011001000100100101111101101101111000101110011111011000110001110000101101101000000100110001100010111100111000110100010000
1001100011000001111000011111011000010010010010100110101001110110001011011100110001000110000111011111100001011010001111010011101010110111001001001001000110001001011000110010000110001000100100011000101100000010100000110001001011101000010110111111001000110000
0101000011000000101101001111010100110110010110111100101100110110001010110100111110001110101001001100000001100111010000010110011110101001101001010011000110001010000100111100010110100011110100001010111001011010110000010001001010011011001010011110011100111010
0000011101111010111101000011011110011000100111111101100100010101111010101100111010000010110010000001010000101011010000001111011100111000100001110110001000011010100100100001000011110000101100101111011111101011100100011000001000111110111010111010010111000100
0111011100011000000010011011001111011100011000110010110010101000101100101100001011011001011111101100110011111001101011111101000110011000010000001001100000010011001111010111010101011110100010101110011111101101001010111100101101001011101001011011101000111111
0001011100010010101111101011010100111000100110111010110011111100111100101100111100011001100011010000000000101001010001001111011100110010100001100110001000011010100001100001001001100000100010001011000111101011010110011101001100010011011010111010110111010000
1011010110100100000001010110111001010110110001110111000011001111000111101000010000001000010001100100010000010000100000010011010001110011011100111110111111001000110100101110011110101000000101101111111000111010011100100100011101100011100110100100100011000110
1110000100011110000110110010001011001101111000100010000111101000010101011011000101101001011101100110111011110100101011111100000011000110010100111001111001110000011001011011001101011110011011110100100100110100011010011110110101100001100101010001101100101101
0001011100011110110100101001010110111101101000011010000111101100001110001010001100000101010010000011110101001100010001000101011110101100100001000100001011110110100001011100010011110011011110100111001100110110110010011010001101111110100011110011100110100000
0100011000100100100110000101100110101111111100001000000110011011000110000000001110010111100000001101101010000000010001011101011111101000101001000100000111100110000111110100110010110101011010110111011001011111110000011000100010111110101001000001110101011000
1110101100011110000011110011001011001101011000110000000011100100011100101011101010001011010111111011110001111100101001001100001100100100010000001100100001010000011001010011000111011010011100100100001100010101000010111110100100111010100100010011101100101101
0001011100110010110101000011011100111100100100111011110111110110111100101000101100011011000000010001000000101001010001001111011010100010100001100110001000011011110001100001000001110000100010001010000111111011011010011100001100111011010110111010111100000000
0001110100110010110111000011000110111100000100111010110111110010111100101000101110011011100000010001000000101000010001001111001000100000100001000111001000001010100001101001000011110001100010011010110111011111111010011100001000111010110011111010111100000100
0011010101011110010000110111001110011101111001100111011001001100111000101010001000101010011100001000110001110101101000101011000100001110001000000101000000010010101110011111010001010000110100101110111001011001101010111101001101101010101000101010100100100111
1101010100111110110101100000101011011101100000011010000111101001000011001100000000001011011110100001011101101000111000000000011000100010110100100110011001110100000010111001100111110010010011111101100000011101000010001001011101111110111111010001101101001111
1011010100111010010001011001001011001101111001001111000011000000100111001101000000101000001100101100111010110000111000111011000001000010010100000100111000110100101010011111110001010110010011110101110100011100011010111101110111100011101001101000101000010111
1100100111111011010011110110111000001000010101111100110000010101101001010100100111010100101100011000111101110010101110100010111001100000011100001000010010010101000000000110111111000001101101010010101101111110100010001000110010101111000101001101011100010110
1100100111010111000001111100111000011000100101000101111000001111100011010011010001000000101110010010110110011110111110000000111001100100001100101001011011000000010010000110001011001100011101000000101000110010101010101010110110101101010100001101111001101111
1100001111000110101010100000111000100110111010000101111010110111001001110111110001000010110010111111001101001111000111010000111010010111000101001111110101000100010001000011101100101011011101000100000001000010100100100110110001011100011100010100101111101000
0001100011010001001001111110110100011001110111110111111000001101101000010100110011101110100110001011100010110010001110100011110100010000001000001001000010001011111010001111011001000001100100001010101100010000100110101001001000100100001000101110101100010010
0001000101010000110011101000110110010110100000010001001110101111101011110000100000110000001000011010110110001011010100101001010100010001000001001111010100000010110000011111010001101001110010111100100001010010100000100101101001010101111001111000001100000110
1010011010000000011000010100111001100010010011000000111010000011100000100100000000010001000101100100001101010011101101011011000001010011011100001010110101101100010110100110101100001110001011010101010001100110010100100110110000001001000100100100000011000000
1100110101101011100101011010111011100010100110110101011000111111101100100111100111110110100011111101000000010111000110111100000010010101010101001111110111010000111100100011000000001001011101100110111000011000101000000011110100100000101110011010111101110010
1001000011100000101000000100110001010111110010001111101111100011110011110011010000001100010010011111011100101010010100111010011000110011011101111011111101101000110000000110011110101001000111111100100100010011100100100010011111110100111110011100001111000110
1110000101011110110111100000111010001101110100010001001110101001111001010101100110011100100110100011101111001110101100001100010000010000110100100111011001010100010010000000101101101010111011110100100000110101000110001110110000111100111100001001111111000111
0010010000111110000110001001000110101000100101010000100110001101001110100010101110010101001110000000100110000001001001000101000110101000100000110101011010011111101111000000110111110011011010101110111010001100011010011001101100110110100001101010110011000001
0010010000111010110110001001000010101000100101011000100110011101101110000000101110110101101110000000101111000011001001000101100110001000100100100100011011110111000111100000110111110011011011100111110110001100010010011001100010110011000001101011010001000011
0010110111111010111000110011011100011100000110110000110010110100001000100000101111001001111100011000110011101011101010101111110110001000000001011011001010011011011000000010000001111000101100001110101111111001001010111001101010111111010101111011001101011101
1100101101111110010010110010111011101101100100010101011110001101111010000100101111111000100110111001101101101010001100001100000011010000010100000100110001110100011000001001101001001010011011100111100000111101101110001110110000101000101101000000111011000011
1001011100001000100001110011000001010111010000100010110011100001101100101100111001011011010001110101110101011001000010010001001001110001010101111100111110011100111100001011001110001010100011011111010001011000001100011100101101001010111101110011101110000110
1011001100000110010101101011000010010111000001110010101111000010001010011010101000010101011011000011010101001000100001000001011000100011100101111111011110001000110000101000000110111010110011111110000110100010000100110001001111111000111111111010101110000110
0010011010111011011110010110110101001001100011111000000101111101010110100000001110011011110101100000111001010001101001100101101111001000111000100000101001111101001011100000101111100001001110001001011001001001001110001100000100110011010000110101110011011101
0010011011111001000110000100100101001000010011011000100101011101010010100110001100001011010100110100111100101001111001101111001101101010111000100000101001111110000111100001101101110010001100100111011111101101001110001101000101010111101010100111110011001101
0010011011111011010110000000110101001000010010011000100101011101010000100100001100001011010100100000111000100001111001101111100101101010110000110000101001111110001111100001101111110010001100101111011011001001001110001100000101110111101010100111110011001101
0000111001111111011110100000111000101101110110001001011110111101000011100101011110000010100100101101101010001010111100010100101111111000110000000100101001111101101010100001101011100100011100000001011011111010001110001110010000110000000110100100010011010101
0001100100111010000101011011001110111001001100111010000001010000101110001000101011000101101101011000100001110001001001001111100100001010100000010101000010011010111001110100010001010010100010101110101111111101110010011000001110100011100111111010111100000001
1011010110100110001101111010101001000110100110111011000111111011000111001000110110110100101001000000001000110000111000100100000001000001110101110110101111101000110001100001001011100000010011111001110100111000010100000001011110100011100110010101111101000100
0110001101011010010111100011011110011010001101100100000110010100101010010111101110000001111111010110010000011110101000101111001101111100101000010011000100010010001000010001001010111010001100100100001000100110000110011010001110010011100011111010010100101110
0110011011011101000110100100010101001001001101011000011100010100010000100011001110010001110100101010101001001110101000010100110111001100111000000000100011110110001000000101111111110000011100000001011001100101001110011110000100011001000001010101010111101011
1000011111101000101001010010010001000101010110110000000010110101011010000010011010001001101101111100110010110111001000011011000101111001010001011000110011011000011100000011101110011111001101101111011101111001010110110000101010011011110101110010010011001001
1100001010000110100000100000100001001111011100010101000010100011100011110001100000010001011010000111001101101010000100000001011011100101110101011010011110000100010000010100101110101011110011110100100100110110100100101100110110011111110111011100001100000010
1100001000000110100000100000100000100111011000011101001010100011100011010101100000010001111010000111001101101110010101000000011011110111101101110011010110100101010000010100111110110011111011110100100100100110100100100110010110011100110111011100001100101010
0100011011011101011110000100111101101101010001011000011000011101000000100010001010110010111000100000001111101111110001000100111111001100111000100010111011110110000101000101110101100000011100000011011111110001101110001110100000011101000000000111110111001001
0100111011111111011110000100111101101101110111001001011100011111000000100110011010000010101000101000001100101011110001000100111111101000111000000010101001110110000111100101111011100000011101001011011111111000101110001110010000011101001010000111110111001001
1110010101111110000011010000111000000101110101000000110110001101001100100100101111110011010100000001110110011011101010000100100000000000000100101100011010010111111010001111010001001110111111001110111001011010010010001000101100100110010101001111110001011111
1000001101011010110111111010110010001100000101100000001010111101111000000010101111010001101111110010000101001011001110000001010000010000000101101111110000011011111010100011001101101111111011101110000010100001000110001111101000011001111101111010111011010111
0101010111100101101010001001001100110110101001011111111000001010111000000000011001101110111000000000000100100011110011001010110011000111100100101111011100000010110110111010000000100000110101111111010111001001001000010101001000010111010010001110000000100110
1001100101111010000000001011011010110000000011111010000001000000111110001000110101000001011101000000010000000010101010001011011010100010000100111111011010011001111000011010000111111011100100011010110000101010011010111001001101110011110110111010101000010001
1010010101111110000111010000111010001101110101000000110010011101101000100100101110010110110101010001011101010010101110010101100001000000110100111110011011100101111010101010100001101110011011011110110000001000000010001000110100100010010101101010010001000111
1000011101111010111110110010110010101000100100110001101010111101111000100000100111110000100111111001000001111011001110110101010010010000010101001110110001000001111010100011101001001011101101111110100101111001100110001100010000111000111111111011111011010011
1100100001010011101011110000110010101011100110010101001000101111001000010010111011011000100010011011100110100110000110101010011001010100001101011101010001001110110000000111011001001001111111101110101000010000101100101010101000001100111100010010011111100110
0111100100010011010001111101001110001100011100101010010100010010101011011001100010100001111111011010110010110000111101000100000100100110001000000001000010000010000011110011110011010100100000010100100100100100000010111001000010111110011011001001011100100110
1100100111100001101111001111011000000010100011111101111000111111111000000100110001001110111001010001010000100111010111001010111000100111001101111011011100001001010101101010000000101001100101010110111111011011100000000111010000100101010110111110001000110100
0110000101000101111000111011011110110100101011100000001101111110001011011011000100100100001111011111111010100110111100010000010110111110000001101011000110000010001111010011000010111100111100100100101100110110001010110011100011110100111000001001101000101001
1000111011111011101010111100110000101111110010000101001000111111111000000100111011011100101011010000101110001010000111111111001011110000001101001000010001101101111001000011101000001101001001101111000010101110000100101010110000100001111100110110010111010000
1000100111100011111111001010111000000010100010110111111001111111111010000110110001001110101011010101010000100101000111000010111000110111000101111011010100001001010001101010000000101001101101000010101110011010100000000111010000100001010110111110001101011100
0001000000100001100010011101010110110010110100100111110100101010111000000100101001111100100011011001010110100010010011010011010010110011001101011011010100000010010100101110011000001101100011111010100010001011110000110101101000110110010001101011101100000010
1101100001100101100010011101010010110010101110000111100000100010111111011000110010110100001010011101110110100111010000111000010001100101001101011111010100001010110110011110010000101110110011110100111110111011110000100100110101110111110001001000101000100010
1001000000000101100010001100011010110010011001000000100000100010111111011001100110110101001000011010010110000111010100111011110011000101001101111111010100001010110110010110000100101100110011110100110110110011011000110110111101010101010001101000001000100010
0100110100101100000001011001001110100100001110000000110110100000011100100010001011110101001110111001100111110111001010110100100100001100000000010001110010110111001110010000110001010100011011000110110100111100111010111011101111101111000001001011000000111001
1100010110101100100101011001001011001100001010000000111110100000000000000010001000110111011100100000111111000111000010110000000000001100110101010100111011110101001110000001100001001111011011010111110001111100010010000011110110100101111101000011000001011111
1001011100100010100111001011101011000000100101111011000010010011110101000100110110110111110010010001000001000001010001101111110000010001110101010110011010001100110101100000110101100000110011111011110000001100111110000001010110110010011111111010011111000110
1101000001100101100000010111010010100010100110100111110001100010111111000100110010001100000011011101110010100010000000011000011000100001001101011101010100000000110100011110010010001101110101110010101100111011110000100100110101110010110100011010101000001000
1000100000000001100010001100101010100010000101000000101000100010111101010111100111111101001010010110000111000110000100111011110010000001001101111011011100000100010100000010000100101100100011110100100010110111111000100110110101010101011101111011001000100010
1000110100100010100111000011101011000010100101111010110010010011110001000100100110110111110010010001011001000001010000101111110000010001110101000110001010100000000001110100110001110000100011010001110001001100101000000000010110110110011111111000011100000110
1100101010100011110000101100101001100010011000000000111000100011110111000001100111011101001010010110001101101110000110010000111010110101111101101011111101100100010000011000101110111100001011010000100100101111111100000111110001101001011101011101001011001010
1001000100000011010001111111011011010011010010100110010000100110111000001000111001110011010011100101110101111010000111011011100000000011011100001101110100001000111011000010010000001100100011011010100110000001000000111001111101101010001101101010001000000110
1000110000100010110111000010100011001011001100111110010001110011110001110001000111101111110010010001011001000000010000101111110001010011111101110010001011100000000001110000110001110001000000010001110000011101101000000000010010110110011111111000011100000110
0011011011111010011101110011010101111101100100110111000110101100011010001100101010010110100111001001100001111010101000001111001111100000010001001100000000010011111000000100011111001011100010001011011110001011000110011100001010001010100011110110010111011010
1000010001111111100001001111010011011010000001110000100000000001101110000000100010010101011011001000010101100010000100001001111000100000111101011111010010010001110000001110010110001011110011011010110000111010110000111001111111111011000111011010101100000110
1100100000110111100011101111000010001010010001111000000000000011101011010000100100010101011000001000010101100010000110001101111000100000001101011101010100000001010000011100010111001000110011010010110100111110110000101001010111111111000111011001101100000110
0111000100000101010001111100101110000110011100000010011101000010000111011011100110011101011010000111111110001100110110010100110000111101001100110001011110100110000010010110110010011100011011010000100000110110010000000011110110101100001001001001110010101110
1001110101100011001000111111001011101111000010100010010001100001111011001000100001001000011111101100101000111000001010010011100010010010010100001000110110000001011010010011000100011100100101010010100000011110100000111000110001100011001100101001101000000000
1101100011100011001000111010011011111111001010100010000001100000101001011001110001001000011111101100101000111010001011010000100010010111010100011001110110000001011010010011010100011100100101010000101100111001100000100001110011100011000100001001101000011000
1111000111011110001101111011010000011101100111110010101111010100001010001010111110000011111111000001010001111110101000000000001000100110100000111111001010011000111000100010000111001010110100001010101100000010001010011011001110001000100110011111111000101101
0011011101011000011100110011010101111101100100111111000110101100001110001000001110011010100101001001000001111010101000001111001011100000110000001000000000010010011100101100010111010011100110101111011110000001100010011100001010001010100011110110010111011011
0101000001111010100001011011010010011000100101110011110110100100101110000100101010011100111111001100110011110110001000010100011101100000000001011011000010010010011000000010000110001011100110001010101100011010001010111000101110111011110000011011111100111111
1100100001110111100010111100101010001010011000011000001100000011100111010001100101000101001010001000111111000110010100000000111000110110001101000101010111000101010000011100110111000000111001010000100100111110111000101111110111111101100101001001101101011110
0110101101011100000111100000110010000100110111000001111010001101001000110010111111110010110100100010010101011111100010000000100000000000100100111110011011010111111010000001000101101010111111001011001001000000001110001010101100000100001100000010010011011111
1010111101111110010111110000110010001100110101100001111110011101001000100100111111010010110111000001010101011011101110001001000000010000000100101110011001001101110110100001101101000111111101111011000001001000101110001000110110100000101110001010010111010111
1011011011010010001101010011011000010111010110110110100111110101001110101110111100001010110011010101010001011001101010010011001000110011000101101010001110011001111101101110000110001010101101001011001011001010000100001000001100001000100110110111100011011100
0010101001011001001100110010110000000001100111101101001001011101111000010010111101001000110111101010010001010000001111001001000001011010000100001100100001011011111011101000011111000111101101101111001010000001101110101110001000001001101010000010110011010001
1011100100011110000010110011111011111100000010100010010010100100001101011010110101010001011111101111110101110000101111110001100011000010010100011101111010011001111011000111010100001100110001011000100100100001011010111010111111001000010100100010101000110001
1110111110100110100010101000101001101100011000000100001010100011000101000001000101011000000100110110101111100101010011110000011011010100010101000000111011100101001011011011101110111110011011110101000111101101001100000111110011001111110001011101000000111011
1010111101111010000111111000110010001100110001000001111110010101010000100110101111110010110111000001001101011011101110001110100000011000100100000110011001111101110010100001100001101110011101001011001101001000001100001111110000101000001110100010010111010111
1011101100111010000011111010001011011101110001100010010001001001111101011100100101010001011111100000011101011000101000010001100000010000110100111111111010010001111010010011001100111110100011011010000100111000011100001001110110100010001101101001101001000111
1011110110100000001010010111001000110110011011101111110011010010110000101000110001101100010101111100000000111001111011111011000001100111001100011011100100000000011111111010000000010100100001010010010101111111000000110100011011110011000110101110001000101100
0100000001111110000011111010010110011100100100100100000110100100101110010100111110010101111101001000110011010110001010001100001101101000000000010101000001010010011010000000001111001111111110101110101100111010010010101000101110101011110001011010111001011111
1011010110111110010111010011001001011101010101110010100010011101001010101000101110010011100111011001010001011000101000001101001000100000110100101110000010011001111000100100010111001010100010101111110011001010000010011000001110111010100111101111110101010010
1000110101111110000111000011001010001101110100111000000110011001101010100000111110000110101101001001010001010010101010001101001101100000110000010100000010110001111000000100010011000010110000101111111110001100110010011000001110111010100110101011111101010111
0100000100011010010001111010010110001100101100001000000110100101101110000100111110010001111100001000110110010110001110001110000101101100000000010100010001011110101010000000100011000111011010100110101000110000110010001011101110101111100001100010010001110111
1110001001000101010011101100110011001110011101000000001100000111100101010011000110010001001000100110100110100110100100110000001001110100111100101110111101000100110010000011011110101110011011110101000110110001010100000110110100011101111101000001101110100010
1100001000000101010110100100111011000010010001001000001000001011100011000111100110010001000000110110000110001111110100110000001001110001111100100110111101000100010010100001101110100110111011110101000101110110000100000110110100011101101101000001111011000110
1110100101011110010111100011001011001000001101111000010010011000110001110001100110100011110111110111011001011010101001001100000001000010110100101110101000110000011001110001101101110010111001010000100000000101001010011100010100100010000111001000111000000111
1001100100111010111010110011011000111001100010100110110011101100001000011000111001011110010111001001100111111000001011001011001010100010000101001101010010011001111011001010000111011111100011111110100100011010101010111001101011101010110100111010101000010101
1011011000000001101000010111010000110010100011110111100001100010111110001100111001001100001001000100100010010001100011001011101011100011001101111100011100001011111101000110010110011011100010011011010010010011011000110001001001000011110100111010001100010000
1101100110001101001000011111001101010000001011111111100001000000001011111001110001001100111110011110100010110100001011010010111000100111011000011001000100011001011001010010010110010010100000010000100100110111101010110100001010100011010101001101001000111100
0001000111111000011000001011001100110010101011111011100100000000001001111000110010110010011110001111000000001011001001100110010110000001100000000011001110011010011101011001000001110001100010101110101001011110101010110001001001110010110110111010001100111100
0100010011111110100101111000110011001100001100010001011010110101110111000001001010110100101011111000111110011010011100110100010001011100010101010000110011100100000010100101111001001101001011110101111010111000110110101111110110110101101001010101110111000111
1110011001000100110011110100110011001101010100000101001110000111000101010011000010110101000000101010111110100110100100100100010101010101011001011100110011100000011100001111011001001100011010100101011110110101110100100111110100010101100101000001110111000010
1110100100011110010111100111001011001000000101110001010000011000110001110000100110111011110111110101010101111010101001111100100001000010110100101110111000010100011010111001101101101000110011010001110000100101001010011101110100111010001111000000111000000111
1001000110111010111000111011000001101001100011010011010011101000111011001000110001100010011011100101100111101000000011011011010010100010010101101111110010011101111001011010000110011110100001111110100110011100001010111001110011101010110100111100101000010001
0000110101111110000101000011101110001001100111111001000100011001101110000000110110100111101100001001010001000010001000001101011101101000111000010100000010111001101000000100010011000010110100101110111100001101110010001001000110111010100110101010111100010111
0100011101111010100101111000110110001100000100000000001110100101110010000010001010111000111110111000111110110010011100101100000101011000110001010000110001100110000010100101110011000101001011100111011010111000110110001011110110110101101001000001110011001111
1111010001101111010001011110011011011001111101101111010011010101110001001000000001100000111101110100111000010100101000111000100101000110011000010100100001110000111010111111010001000001011100000000111101101001100010101100010100100011000110001000100000001111
0011100101011100010001011110111111010100010101100111010001000101011100011010101101100001001101111010110010110110101100101001100101001011011000001100110001010110101110100111110001000110110100001011111100100001111010101110101111000001001001100010100001100111
1110110110101000111101000000001011100111001100011010100011111010110111101001000101100011100011110101001000101100100001011110100001100111110101101010111101100100000101111000100110110010001011110101110110011100011000000000010010100010111111111001011000101101
0000010101011011000101111000111110001100000100001000001100010101100110000111001110110001101100010000111110100110010100101101000101011100100000110101010001100110000010000001111011000101001011100110110100110001010010001011100110110101101001100010010001110111
1100111000001110110110000100100001101010110001000001101010101011100000100111001010010000100000110100001100001011000101110101011001011101111101100110111111100100000111000001101100101111011011110101000011100110100100000110110010010001111101000101010011000010
0001111101000001111100000010110101110010100001111111001001111111100011011011001001001100110101111110001000100111001111110011111111111111110001001110100111101010100111101001001110000100001100001001011100110011100110100010011000010001001010110100110011000001
0100000101111011101110100001011110001001100001110000111110011100011000100010111110110010101110000001010100001100001001001100010100101000100000000011011000010110010011001001000011101001111100101010101000011011100010011001101001111110111010001010110101000011
1000010010110010101111001000111010101001100101011101001101011101111110100000111110100000001010001001011000000000010100001110010000001000100101010100000001101100100000101000110011100000001101101110111000011001110010001001010100110110111110011110110101000001
0011100100011010000000111011001110111001001001110111010011100000001101011000100001101010001111011011010000111000101011001001001010100110000000111111001000010011011001111011000011011000100000010110100010000100011010111101001111101010010110011010101100100001
1000100000111011100011011101000110000101110000000000000000101010111110000000100001010111011000011101110110010011010010101101001000100001001101010001010100010111000100010111110011011111100011010010110101011111111000111001110101000110100101101011001000010110
0001111111000001111110000010110101010010100000101101000101111111110010001000011001000100110101111110010000100011011111110001111111111011110001000110100111001010100111101000001110000011000100001001011101110011100110100000001000010001100010110111110011010010
0000010011101001001110001110110101111000100111111001001000011101110111010001011110111101101101011100001000110110011100011111001111101101111001001110000101011000111000101100001010000001001110001001111000000011110010000110001000110001001010100100010001000000
1111110100100001101010001001001011100111001001000010110001100010110111011001000101001101001101110100001000100100101001011000011011100111110101101010101110100000011011010010001110111110000011010000110100101111011000010101110001100011111101111000001000101010
1010010001000011101110000100110001101010100111001101011100111111010111100011001110101000100101110101001000100110101101111111110011011000111101100010111001100100000011101001101000100100001101000001111100000101010100000110010000110001010110100000010011001001
0101011001000100111111000110111111010010110010101001000010111111010010000100001011001110100101100110000000100011011011111100001101101011101000100010100101000011000100100000001110100011010100101001011011100011000100000100001000010011110010010010010011011100
0000110000001001001110001000100101100000100001011101000100011101111010000010011010111100001100011010001100100000001101001111011111111001110000000100000101011110101101001000101011110011001010001001111110100111101110000111000001110001101011110110010011000001
1000011000100101100010000000100000100111110000001101000000101011010110000100100000111110000000000101001110100001010000101011111011000011100101010100110101100110000101001100111010100101011011111011010010111101110100100100110001010110011101011010000101000010
0010010010111010101110001001100100001100100011011101010100011101111010000100111010001000101010000000100111100000110101101111001100101010100001110011001000111110000001101000100011100010101000000010101110101111001010001101100001111111010000111110010101000101
0000111010110011101111000000001100101000100010011101110001111111011000100100011000001010000000011000001101101001010001101111111101001010100001010110001001101111100101001001101001110000001000000011001111111111111100101100000001010111010010110110000111001100
0100010001100100001111000111001110110010111111111101100010111110111010101100111010001110111101000100000000100101101011111111001111101111101000100111101100000011110101111000000110110011111100100011011101101111000010010100001000011011110010011010110000110000
0001000010011000001110001011001100110010101111111111101011111000111010101101111010001100111101000100000001100101101111101111001110101111100001100111000100011011100101111000100110100011100100100110111101100011000010010101001000111011100010111110111000110000
1110100111100000001001001011010000110110110010101101100110101110011010100100110010011110101001000100000100100011100000111010001000100001100101101011011100001011010100101010000110101000100101111110111001011010001000010101001000001011110110011110011100011100
0001100110011010001100011010101100111000101110111111101011111101111110011101011011001100101111001010000001110000011101001111001110111110000000000101000000111011101101111100011111000011100100101110101000100011101010001111001000101001100010111110010100110000
1011001100101110100001111011001001001000101101111111110011011000110001101100100111101000100111010010001001111001111011101011100000010111010100101110000000110000110001111011000001010000110001010100000101101100000110110100011000101011010111111100111110100010
1001100010000001101000001100010000110110010011000111110000101110011001111101110001111100001000010110000110100101110011111011011011100111001101001011010100001011010101001010000010111100100011011000110011000010011000110110111001011111010000111110001100111000
0011010110111010001001111011000100111100000111111111110101010100101100001100011011001100100110001001100011110000101111001111001110111000000000000101000000011011101101001100011011010000100010101110111010101010111110111101001000101110100000111110010110010000
0011011110111001001001010011000100111100000111110111110001010000101110001100111011001100100010010001100111110000100011001111001110111000000000000001000000011111101101001110111011011001100010101110111010101110011110011100101000101110100000101110010100010001
0111100110011010001000111011011000111001001111110101001000000100101100011110111011011010001111011001100000111110101011001110001010101100000000001101010000011010111001001011000001001000100110100110001000000010011010011110101000000010111000111110010100100000
1000010010100001001000000100100001100110010011000111010001000011000111001100010000111000000000111100101110100000100001110010110011000011111100011010110101101100010111001101101000111101001011110001110010101100111100100000110001110111110100100100000011001000
1010100110101000101100011011001000100110011110110101100010110000101110011101110111011100101111011101100000110101101011011110011110100101000001000011001100011000011101010000000110111010100010100110101000001110011000010101100010100010110100111110011000101000
1110000011000001001101001100001001000011001011001000011101110011100001110111010000101010111101100110001000100101111101111110100000011110111100110011111000101100000111111001100000110100001001010000110011010100000000000011010000000001010011001100011000111101
1111100010000000001000111100000001100111011010000010001011100010010101011011000001000100001000100110101111110101100011110000100010000111011101001001110101101101010011011110110100011110001011110000000100000101011100110111110001000101000100000101001010111001
1010110011101001001001011111011001110000001110101101000100010100100011000110011011101100101101101100100010110110111100111011000011100101011100001000111111011001011110011010010110010110001101100111111000101100011010110010011010100011110111100100010001110001
1001110010000000101000000101000001100010011011001110000011100010000111011101010001110100001000101110001110000101010001110010110011000111111101011010111110101100010111010001100100110111000011010101010001100100111000110000110011010111010100100100001000101000
1010110110111010001000011010101001101001001011010111000001010001100111101101010001100010100111001001001000011000101011000011001010111110010100000000110011111101001001110010100011011000001001110101111000001100011010101001110011100010100100101100001101010001
1011100110111010001000101011001001111111010010100010110011100000001100101000110000010100001111011101000101011000101001010010001010100010110100101011111110011001011001000000000110111010100011011110100000111110011000111001001011111010000110111110001100001000
1001111111110010001000100011010000111010000110111110000010000110001110001100111101000010000100000000000001000010011011000011011011100000100000001000011110001001010001000110010011110001100100101111011001001010110010111001001010001110100110110110000101011000
0011100111011010001000110010111101110000000011111010110011000101001101111101110001100000000110001011101001011010101111000110100111000001110000000001000010011001001001010001001001000000100100000000101010000000111110101011000011100001000110111100001100011000
0001111110111010001000001001001100111100001011001111000011000000000110001000001001101100001100111000100111000001111001000010010111001010100000000000000010111110000111010100110001110000001000101111011001101100111010111101001011110111100000100111000000101001
1001100010000000101000001101000001110010011010000010000011100010000111011111010001000100001000101110001100000101010011110010110011000111011101001011110110101100010111010011000110111111100011010001010001100100111000110001111011000111010100110101001000101000
1000100111101010001000101010111001100000000011111000110011010101000101110100110011100011100100001010101000011000101001100110100010000011110100000000100011011001011001100001001101000000101100011001101110001000111110100001010011110011000110111100001111011001
0011111110111011011100111000101001101000000011001010000001010001100111101000010001100000000111000001101000011000101011000011000110111010010100000000101011111101001011110001101011010100000001110110110000101100011110101000110011100010100000101100000110011001
1001100000111010001000101011001001110000001011111010000001000000001110011000100001100011001111001001000000000000101011100010000010000110010000011011000010011000011001110011000101110001100010011010100000001100011010111001001011100010000110011010001000111001
0011100010000001111000101101000100110001001011011010110001000010000101111011000001100010001000010011000000000001110011100010011110000110001001101011001110001110000001110011000001110000100010010000000011000110011000110001001011000110010010111101001100101000
1010000010001001001100011111001001100001011011100000000101010100001110011101001110100101101111101110101010010101101001110100000110001101011000001001100110011000011111010010011110011010101000100110101110100100011110010011100010100011110100101111011010111000
0011100110001001001000010010001101111001001011011010000001010000000111111001000001100111000111101011101000010100111011010010000111001110010000010000100010101001001111110010001011010100000000110101111000100100011010110000010011100010100010100101000100111001
1011101010000000010000111111000001110110011001000010110011000010000001011111000001000101001111101110100001111101101011110000100000000111011100001101110110000001011111010011000100011110100011010000000101100101011000110011111011001001000101000000001010111001
1001100010000000101000011111000001110010011000000010100001100010000111011011100001000101001001111110100111010101000011110000100010000111011101001001110110001000010111010010000110011111100011110000110000000100111000110001111011000011110101111100001000101000
1011100000000000000000111101000001110111011001000010000001000010010111011011000001001101001111101110101111110101101011010000100010000111011100101001110100100001011011011010000100011110110011110000000100100101011000110011111101000011000100000101001000110001
0011110100111010101000011011000100111001001000110010000111110000001100101000101000100111011001001001000000010001000001100100011110001110000001000011000010011010011101010111010001011001100000101110111011001100001010111001101011110010100000111111001100101001
0011100000101001000100101101000110110000001001111010000001000000000111011001100001000001011100011110111000010000111001110000000111100111101000010000001110110111001011110100110110010010100010110000000110000110101010110001011111100011100010100001101000111001
1001111100111011000000000011001011111000001001111010110001010000000100101010001001100011011111101101011000000100001011110001110110001110010100010010100010110101000001110000100100010000011001000011011001101100101010111000011111101010010110010011100000111001
0011100100111110000000101011000100111000001000111010000001100000001111011010110001000111011111000010000000010000101011100001001010100110100000001111001010011010111101110000000011110001100000110010100010001110011010111001001011100010000010111111101100100000
0011000000111011011000101011000110111000001000111010000001000000001110011000100001000111011110001000100000010100101011100000101110100110000000010001001010010010001101110000000011010001100000110010100010001110011010111001001011100010000010111011001100100000
0011100100111110100010011011000110011001001000110010100011100000011000101000101001100111011111001001110010011001001011100001010110001110000001010101000010010010101101110111000001010011110000111110100010011101001010111001001111100010110000111011101100100101
0101000111001101011000001011001101010001001001111010001001111000001011111011100000000011101101100110010001010101001011000000101110000111010000001011100110010000011101110001000110010011110100010000011011000110000010110001000010011011000110011101101000101000
0011000000011101000010101101001110011000011001001010000001000000000011011011000001000001011100010010110011001000111011100000100100001110001000100101001010010111000011110010100101110101110010110000000011000100001010111001001101000111010000001001101100110101
0001110100101101100010011011001111011001001001011010110001000000000000101011000001100111011111101101110000010001011011010000100100001110010001001101100010110011000101110110010111010010110000010010010011001100101010111001001101001010000010011011100000110101
0001011001000001111000010010111101110010100011111111100001011111110010101000011000001000100101111100000000110001011011011011100111001011010001000110100101101011101101100010001100000011001100001011011011100001000110100000001000010011000010110010100011000000
0000011010100001111110000100110100110001110010001111110101011111010000101000011000101010000000011000001000000001010001001111110111001011101001000010001101101110000101101000101000110000001100001011011011001000101100110100001001010111010010100110000011001000
0100100010000101100110101100000100100011001000001110001001100010010111011011000000001101001000110110001101100100010101010100110110001111100001100011101101100110000101011000100100110100011000110001000010000101101000110110010011010101010011010101000010101000
1101100111000100100010111000000001100111011000000110001001100010010011011011000001000000001001110110001000100100010011010000010011000111010101101011111101100001010001111011010100011111010001110000000110000111101000110110110011000101110101010101001010101010
0001100000100000111000011011010100110111111010110111100001101010011010111100110001001110001011011101000001000001000011011010001010100111000001001111000100001011110101111010000110001010100100011010100010001011101000110101001001101010010010111010101100110000
0100101011000101100100101100000101000010011100001100011001110010000011010111000111101010110010110111011000000111010011010100110110001111101001010011101101100110000101110101110000110000011100010001001010000101101100000111010000010100010011010101010010101010
0011100000000001100000000101000110110110011000000010100001100010100111011001000100000101000000100110111110000000100000010001011111101101001001010100111110100110001010010110111110011110000010110001110100100111011000110000110111111111110001101001100000100000
0001010100110000110000000011101110010111110010001010110011110011100111101100000000000111010010011101011001001001010101010011001100101011000001010100000110101010101101011110000110110010010100001111111001001110111000110000000101111010000010111000100000000100
0001111100100000110001010011101110011111110000101010100011100011100111101100000001000011010110011101110001001000010110001001011100100011000000001100000100001010100100000010000110000010110100111111110001011010100110100000001101111010110011111000101100000110
0111101010000101100111000100101110010010010001000010100001101011000111111101000000110100011001100110001000100001110000111000100101011011101001110110111111100110100110110000101100110100000011111101010101000111011100000000110110010111011001000001100011001100
1101101110000101110111100000101001000011001011001111111001110010000001111011000000000010100011110111001001001101011101010000110000000111110101100011101101100100000011110001100100110110010001010000000010010100100100000111010000011000010011010101011010101001
0010101001111010001000010110110110101101111001000101100011000101110111110001000101001010000100100101101011111011101100011011001110111110001000110000001101110100001011011010101110011110001100100101101101101111001110101100100001101110111000101000001000000001
0111000010011110001101100000111001011000011011000111101011100101001110111111011000011010010101100110000111101100101101011010000001101100111101111010111001011111101010101000101111101110001011101101000100000011001010001110101100101100111000000110000001101101
1100110011100001101111000100100011101010011100001101000100110010100011010001000110100000101000001100101000100110010000111110001101101101111001000000100111100000000010110100100010010110001100110001111100001111110000000000010010110110101001001001010000101010
0000011101100000011000000010111111100110011001001101001111000101110101010001000110101100001100100110101001100010111110011111010111011111110000100010100101100010001011011000001100110110001100100101011100101101001110000100010001001011111000110000001010000001
0110011101100010100001100011001110101111011100010000110110100000100101100101000110100011000110011101111000001010000000011111011110111000000001001000000010100010001000011011000010010000001100000100111000011110001010111100000101101010110000011001101100000011
0110010101110000111000001100011110101000001011001101100001100110100101110001010110001110000000010001101010100111110101101111011111111100101001100010001110100010000011011110001001110100001100100101111101110110011100010000100001111110011000101000000100100000
0100100110010000111100000000110110110000000010010100001000100101001110010111011000011010000000010110000110000110010101100110011111111101100001101010010111001110110000000100001111101011011010101101000000010010000100000011101010011100101000010010010111101001
1101100100100000110010000000000011110110001000011010000011100010110011011001000001100101001000111110001000100100010011011011010001100111010101001010110111100001010001010110011110110010000001110000110100100100111000110000010001100111111111111001101000110000
0001100000010101100111100101000110010011110000000010000001101010001010011010101001000101010001101110010100000001010011010001001001100010100101001111011110000110110111100000101110011110110011111110000110010011101100111010101101000011100011110011100010101110
0111000000011100010100001011001110010100011001100010101010000000111011111000100011010011011010010011110111000010110001000000000100100101101000101111011110010010111000010000000111101010110010011100110110100101001000010001101100001110111001001001111100100110
0111000001011100100011010011001110010100111101100010100011101000101011111001100000001011111011010011110011011010110000001000110100000101001001111111000100010010111000010010000111101111110100111100110011100000000000110000101110011110011001001001101100100110
1111011001100110000001011011010011010110101100111010101110001000100101101000100110011001111111000100110010011011111010111000001000100001010100001101100100010000010100110110010110000010110110111110110011101011000010010101011100101011111111011001111000000110
0110000000010110010100001100101110000000110001100000001000100011111011110000100001010111111111000011010101000110100111000000101000010010101100100111011010010110110011111000100011101100110011110110100110000110001000101011100101000000111100001011101100000110
1111111101100100010001010011010011010110100100111111111110010010110001101100000111101000111111000100110000111011101010110000000000100001010100011101101100000001111100111110010110000010110100111110110011111001000010010100011100101011111111011000111000010110
0100000101011010110101011111011110010001010100100101001110110100111010010000100110011100111101110000010001010011001100001111001001010000001101111111011010010011111010101010000101001101110111111110101000010010000000001001101100000001101001001010111100010111
0111100101010100100001010111011110010101010100100001101110110110101010110100101110001110100001010011010011110011110110001001100101000001001001101110001100010011111100101010000111001111110100101111011000000010000000011100101100000110011001001011111100010110
1101111110100011100101100000100001111111001100011111111100100011100101110101000111111010100010100111001000001010010110010011011000110101010101011000101100100001010010110101011010000000000011010100100000011110110100000000010000101010001111011100011000010010
1110111001011110000101110000111011001000010001000000001010110101100010000111001011111001110011100011011111011110100111000000100001011010011101100110111001110101100000100011101011101100011101101101001000100000001100001010110100100000111000000001110111010111
0110111011000100000101100000110100001100000101000000001010110111100010000001001111110011110001100010011110011111110110100100000101011100100000100110101001100111100110100001101011100110001100100101011111100000001100000010100100000101100000000101110011010111
1110001111100101101100100010110001100111001110110100010100110011000101110001110110110010100001100111001100011110100001010110001011100001110101101010111101001000010001010101011100101010001011010001110101011100010100000000110000111000100110010100011001001000
0000111001111010001101100100111110101000010111001000000100010101000110000100001110010100100100101000001101000110111000000100110101011000111000000110011001110110000010100000101011100001011100101111011000101000110110001010000000110101010011100010010111001001
1100100000111110100101101001001011001101011100000000010000100000101111010001100110010000011010110111010100001010000000010100001000000000110101001011111000010100011000010001100000111100100011110010100100101100011000011001110100111010111101011000011000100110
1110100001111110100101101000001011001001001100010000001010100000000011010011100110010000101010110111011100001110000000010100000000000100110101100011111000110100010000010001100100110000111011110100100100101100001000001011110000110000111101011000011000101110
0000111111000000100000000100110100100110011010001000111110100111000101110011001110010010000010101111001001001111010100010101010111011101100001000010101101101110000101000101101100110110001100000001001001010000111100100010000001011100011011110100000011111000
0000011000010000000100000100101100101000011101011000000110010101100110000100001110010000100000010000001110000000010001000101010111011000101000100110001001110110100111000001101011110011011010100111011001100100110110011000100000010111110010100010010111000001
0100011011100100100101000100100100000011011110001010100011110011000001111001000010000010100000001110001001000101010001010100001101101111101000000000000101100110000111110000101110110011011100010001011001001110100100000010010000011101000010000000010011001100
0000111111000100100000010000110100010100011110001000110010010110000000111011001010000100100000011110100011010111010100000100011101101101000001000000000101101010000100000100011110010111001100001101011001000010101100110010001000011101000000000010010010101100
0000011000100001100100000101001100000000011101011000000101010111100110000000001110110000100000011000001001000101010001000101110111001100101001000110001001100110100111100001111001110101011010100111011001111100110100010000000000010111010010100010010111100001
0100011100100000100100000001000100000111011000001000110111110010000100100000001100010010000000000101001101001001010001010000011011101011100101100010011101100110000101100000101100110011001011010011010001011110000100010000010001011110010011010010000011011000
0000111000000001100101001101000100000010001100001000101000110110100010100010001111110100101000010100001100000101010000110101110101001101101001100010011101100110000100100101100000110101001010100111011001101110101000010011100000010111111011110010010101100000
0101100100000000100100000001000100010111001100101010110001110010000101111011000011000110101000011111001001000101010011010100011101101111100001000000000101100010000101110100010110010011000100000001011001010110101000110010011000011011000010010000010000101000
0001101101000000100000010111000100010111001100111010110001010110001100011011001011000100101000011110100011010101010010000100011101101101000001000000000100000010000100010100011110010011100100001001011001000110101100110010001000011111100010010010010010101000
0001101001000000100000010101010100010110011000001000110000000110001010011010101011000100001000011010100011000011010010000100010101101101001001000001000100000010000100000110011110010111100100001111001001100010101100110010101001001111110000000010000010101000
1110010000100000100000000100110001000010010001001010110111000011000000100000001000000110000000100101001111000001010001010000010001101011011101101010111101100100000110100110110100100110001001111111110001111010000000100000110001111111010000001010000001001000
0001001100000001000000101001001101010010001000011010110101000010100101011011000001010100001000111110000001000001110101010001110101001111100000000001100100000010100101010100011100010010100010011001000001110100101100110011001001011001000010010000001010100000
0101010100100000100000000101001100001101011000001010110011100010000100101011000000100010000100111101101110000101110001010000110100001110111100000001110000100110000111010001100000110101001011010010110001011110100010110000110001110110010000001000000000101001
0110111001100001100100001100000100000110011101001000101000110111000010100011001111100110101000000100001000000111110000110100111101101101101001100010001101100110000100110100110000110000001100000011011001001110001000010011010000000111010010010000010101101000
1001100100000000100100000100000000000110010000001010000111100010000100001000000001010000000000010100101110000000010010010000010000000000101101000000011000100100000010000100110000010101000011010000000000010100101000000000100001000100000100000000000000000000
1001011100100000100100000001001001000011011000011010110011110010000101101011000101000110101001010101001001001101010010010000111001100111101101101010000100100000010101110000000110110001000001010001010001011110100000010000010001111011000110010000010100111000
1001100001000001100000001110111001010011010000101010100000100011000011011001000001010100001001111110001001000011010110010000110001000011011101001010100101000000010100110010001110100111100111111101010000000000101000100001011001010011110110010000001000110000
0001100100000000100000001001001101010101001001001010110011100010000001111011000000100110001000111111001110000101010000010000110000110111010101001011110100100111000110010010100100110110100011010000110000010100100000110011111001110100010000001000001000110001
1001100000000000100000000100000000000110010000000010000110100010000000000000000001010000000000010100001110000000010000010000010000000000101101101000011000100100010010000110110000001101000011010000000000010100101000100000100001000100000100000000000000000000
0001101100010000100000011111000100010111011100111010100001010010001010010011101111000100101000011110100011010001010010000100011100101101001001000001000100010011000100010100010110000011100010001100001001000110101000010001001000001111110010011010011100110000
0011111001010001000000111011010100010000000001101010000001010110001010000010001001000100101101001010000001010001111010100000101100001110000000000001000100100010000110100000000101000000100100101111001010100010000110011011001000000001000010000010000010110000
0001001000010010100000011101000100010110011000101000100000110010001010010010101111010110100000011010100011010001010010000100001100101100001001000001000100000111000000010110010111000011100010100110001001000010100000011001101000001101110000001010001100110000
1001001100010011100000111100000000000110010001110010110001000010001001010000100001000000001000011110100111001001000010000000111000000001001101001001010100010101010000010110011100001010100011011010000011110010101100101001100001001101010100001010001000010000
1001101100000001100000001101001001010010001000000010100101100010001011010011100100100110000010110110000111000001010000010000110000000101000101101011111100000001010100010010000100101100100011110000000000000000101000110001111001010100010100011000001000110000
0011000000000001000100001010000101010011001001111010000001010010000011010011000000000100101001100110001000000100110000100000000101101101101000100011101101000011000100110000001110100010000100100000111010100010000000010011001000000001100010010000001000110000
1000000000000000100000001001001001010010001000010000110100100010001001010001100100110110000010110111000101000001000000010000100000000101100101101011111100000001010100010010010100101100100011110000100001000010001000100001111000010100010100011000001000110000
1000000000000000100000000001001000010010001000010000110100100010001001110011100100110110000010010111000101001101010000110000100000000101100101101011111100000101010100010000010100101101100011010000100001000010001000000001111000011100010110011000001000110000
0010101100000001100100101100001101000010001000001000010000110010000001010011000100100000001000110110001000000101110000110100100101001101110001100010101101100100000010110001101100100100001000000001001000100000001100000010010000010101010010010000000010100000
0010101100000000100100100000001100000010001000011000110000110110000000100011001100100000000010110110001001001101010000100100100100001101100001100010101101100110000100100001101100100000001000000001001001100000001100000010000000010001010010010010000011100000
1010000000001010100000100010001001000110000000000000110100100010001001110001100000000110000011000111000111001000000000010000101000000001010101101011111100000001011000000110000100101100100001000000100000000010000000000000110000111000000100011000001000000000
1010000000000010100100101000000001000110000000000000110000100010000001110001100000000110000010010111000101001000000000110000101000100001110101101011111100000101010000100000000100101100100001000000100000000010000000000001010000110000000110011000001100010000
1010010000100000100100001010000001000010000001111000000010100010000011010001000000100000000001100110001000000000110000110000011001100001110101101010101100100000010000100010000110100010000001100001110010101010000000000001010000100000110110011000001000000000
0000001000010000000000101010000100000010010001111000000000000010001010010001101000000100000001000010000001000001011000100000101101000001001000001011000100000011000100100000000101000010100000100000000010110010100000000001000000000001100010010010001100000000
