430.000000 7.000000 0.172830 -0.371092
433.000000 9.000000 0.177701 -0.367873
523.000000 15.000000 0.323090 -0.357511
434.000000 16.000000 0.179394 -0.356705
421.000000 21.000000 0.158428 -0.348887
169.000000 27.000000 -0.250266 -0.338728
131.000000 30.000000 -0.311633 -0.333563
150.000000 32.000000 -0.280981 -0.330519
176.000000 42.000000 -0.239154 -0.314827
59.000000 77.000000 -0.428370 -0.257605
63.000000 78.000000 -0.421864 -0.255985
387.000000 87.000000 0.103979 -0.243827
543.000000 101.000000 0.356053 -0.219098
176.000000 121.000000 -0.240343 -0.188006
178.000000 122.000000 -0.237130 -0.186421
506.000000 133.000000 0.297160 -0.168056
522.000000 143.000000 0.322946 -0.151689
526.000000 145.000000 0.329377 -0.148407
513.000000 173.000000 0.308887 -0.103258
531.000000 175.000000 0.337719 -0.099833
375.000000 176.000000 0.085009 -0.099577
389.000000 176.000000 0.107981 -0.099504
373.000000 177.000000 0.081728 -0.097949
368.000000 179.000000 0.073520 -0.094697
393.000000 180.000000 0.114560 -0.092939
395.000000 181.000000 0.117842 -0.091291
370.000000 183.000000 0.076823 -0.088138
399.000000 184.000000 0.124410 -0.086360
367.000000 185.000000 0.071898 -0.084872
431.000000 187.000000 0.176671 -0.081244
405.000000 189.000000 0.134258 -0.078143
252.000000 198.000000 -0.117471 -0.063461
254.000000 199.000000 -0.114195 -0.061830
257.000000 200.000000 -0.109276 -0.060201
276.000000 200.000000 -0.078050 -0.060263
266.000000 202.000000 -0.094501 -0.056950
272.000000 203.000000 -0.084639 -0.055326
403.000000 204.000000 0.131059 -0.053580
403.000000 206.000000 0.131067 -0.050300
256.000000 213.000000 -0.110959 -0.038860
260.000000 214.000000 -0.104393 -0.037228
254.000000 215.000000 -0.114247 -0.035571
267.000000 215.000000 -0.092891 -0.035602
248.000000 216.000000 -0.124093 -0.033913
271.000000 216.000000 -0.086315 -0.033966
261.000000 217.000000 -0.102758 -0.032302
401.000000 219.000000 0.127834 -0.028976
238.000000 220.000000 -0.140486 -0.027320
242.000000 220.000000 -0.133936 -0.027330
236.000000 221.000000 -0.143762 -0.025673
240.000000 221.000000 -0.137214 -0.025683
249.000000 221.000000 -0.122465 -0.025704
258.000000 221.000000 -0.107694 -0.025723
226.000000 222.000000 -0.160112 -0.024007
231.000000 222.000000 -0.151942 -0.024020
269.000000 222.000000 -0.089615 -0.024099
273.000000 222.000000 -0.083034 -0.024105
399.000000 222.000000 0.124564 -0.024055
228.000000 223.000000 -0.156847 -0.022372
267.000000 224.000000 -0.092908 -0.020808
247.000000 226.000000 -0.125755 -0.017488
398.000000 226.000000 0.122933 -0.017488
268.000000 227.000000 -0.091267 -0.015876
218.000000 228.000000 -0.173182 -0.014149
265.000000 229.000000 -0.096203 -0.012584
269.000000 229.000000 -0.089625 -0.012588
271.000000 229.000000 -0.086334 -0.012590
213.000000 230.000000 -0.181335 -0.010860
215.000000 233.000000 -0.178081 -0.005946
251.000000 234.000000 -0.119205 -0.004349
264.000000 235.000000 -0.097853 -0.002716
209.000000 237.000000 -0.187859 0.000618
213.000000 238.000000 -0.181346 0.002253
215.000000 239.000000 -0.178088 0.003891
269.000000 239.000000 -0.089632 0.003861
235.000000 243.000000 -0.145428 0.010445
267.000000 243.000000 -0.092923 0.010442
210.000000 244.000000 -0.186235 0.012089
269.000000 244.000000 -0.089633 0.012087
234.000000 246.000000 -0.147064 0.015371
247.000000 246.000000 -0.125771 0.015374
255.000000 246.000000 -0.112644 0.015375
363.000000 246.000000 0.065413 0.015378
398.000000 248.000000 0.122948 0.018658
243.000000 249.000000 -0.132327 0.020301
401.000000 249.000000 0.127865 0.020299
218.000000 250.000000 -0.173198 0.021928
259.000000 250.000000 -0.106073 0.021953
264.000000 250.000000 -0.097855 0.021955
205.000000 251.000000 -0.194369 0.023558
210.000000 252.000000 -0.186232 0.025201
235.000000 252.000000 -0.145425 0.025223
260.000000 253.000000 -0.104428 0.026886
204.000000 254.000000 -0.195992 0.028471
207.000000 254.000000 -0.191113 0.028475
213.000000 254.000000 -0.181344 0.028482
236.000000 254.000000 -0.143787 0.028508
241.000000 254.000000 -0.135600 0.028513
268.000000 254.000000 -0.091274 0.028537
201.000000 255.000000 -0.200868 0.030105
211.000000 256.000000 -0.184599 0.031758
229.000000 256.000000 -0.155233 0.031783
263.000000 256.000000 -0.099495 0.031822
223.000000 257.000000 -0.165032 0.033415
265.000000 257.000000 -0.096206 0.033468
272.000000 257.000000 -0.084690 0.033475
433.000000 258.000000 0.180130 0.035032
257.000000 259.000000 -0.109350 0.036747
197.000000 260.000000 -0.207357 0.038285
251.000000 260.000000 -0.119198 0.038383
261.000000 260.000000 -0.102777 0.038396
274.000000 260.000000 -0.081396 0.038412
276.000000 260.000000 -0.078103 0.038414
210.000000 262.000000 -0.186216 0.041588
214.000000 262.000000 -0.179701 0.041597
220.000000 262.000000 -0.169919 0.041610
200.000000 263.000000 -0.202477 0.043202
212.000000 263.000000 -0.182957 0.043231
217.000000 263.000000 -0.174809 0.043243
259.000000 264.000000 -0.106057 0.044969
211.000000 265.000000 -0.184581 0.046506
300.000000 265.000000 -0.038540 0.046662
438.000000 266.000000 0.188248 0.048126
256.000000 269.000000 -0.110975 0.053179
213.000000 272.000000 -0.181302 0.057979
249.000000 273.000000 -0.122452 0.059732
297.000000 273.000000 -0.043482 0.059822
415.000000 273.000000 0.150730 0.059669
225.000000 277.000000 -0.161714 0.066216
414.000000 279.000000 0.149074 0.069510
215.000000 280.000000 -0.178013 0.071089
269.000000 280.000000 -0.089587 0.071280
301.000000 280.000000 -0.036878 0.071338
309.000000 280.000000 -0.023682 0.071345
281.000000 281.000000 -0.069837 0.072951
415.000000 281.000000 0.150700 0.072784
417.000000 281.000000 0.153967 0.072776
254.000000 282.000000 -0.114222 0.074520
291.000000 282.000000 -0.053362 0.074612
265.000000 283.000000 -0.096155 0.076196
224.000000 284.000000 -0.163317 0.077681
229.000000 284.000000 -0.155152 0.077703
180.000000 286.000000 -0.234807 0.080723
255.000000 286.000000 -0.112568 0.081087
302.000000 286.000000 -0.035222 0.081201
345.000000 287.000000 0.035704 0.082840
295.000000 288.000000 -0.046760 0.084477
311.000000 288.000000 -0.020378 0.084495
61.000000 289.000000 -0.425870 0.085076
218.000000 289.000000 -0.173080 0.085837
220.000000 289.000000 -0.169819 0.085848
413.000000 290.000000 0.147390 0.087538
57.000000 291.000000 -0.432298 0.088312
189.000000 291.000000 -0.220205 0.088939
205.000000 291.000000 -0.194233 0.089036
242.000000 291.000000 -0.133857 0.089233
237.000000 292.000000 -0.142035 0.090847
239.000000 292.000000 -0.138763 0.090857
292.000000 293.000000 -0.051695 0.092682
409.000000 293.000000 0.140837 0.092472
425.000000 293.000000 0.166960 0.092384
432.000000 293.000000 0.178364 0.092343
282.000000 294.000000 -0.068161 0.094300
313.000000 294.000000 -0.017075 0.094351
326.000000 294.000000 0.004365 0.094353
328.000000 294.000000 0.007664 0.094353
286.000000 295.000000 -0.061573 0.095952
289.000000 295.000000 -0.056632 0.095959
189.000000 297.000000 -0.220166 0.098734
205.000000 297.000000 -0.194196 0.098842
245.000000 297.000000 -0.128915 0.099077
404.000000 297.000000 0.132637 0.099049
192.000000 298.000000 -0.215296 0.100387
208.000000 298.000000 -0.189311 0.100496
216.000000 298.000000 -0.176287 0.100548
416.000000 298.000000 0.152247 0.100618
248.000000 299.000000 -0.123991 0.102368
420.000000 299.000000 0.158770 0.102229
219.000000 300.000000 -0.171385 0.103837
250.000000 300.000000 -0.120708 0.104015
262.000000 300.000000 -0.101022 0.104071
268.000000 300.000000 -0.091167 0.104095
271.000000 300.000000 -0.086236 0.104106
320.000000 300.000000 -0.005530 0.104202
324.000000 300.000000 0.001066 0.104202
429.000000 300.000000 0.173434 0.103806
266.000000 301.000000 -0.094449 0.105726
273.000000 301.000000 -0.082945 0.105753
431.000000 301.000000 0.176684 0.105426
276.000000 303.000000 -0.078005 0.109041
360.000000 303.000000 0.060380 0.109066
433.000000 304.000000 0.179918 0.110313
256.000000 305.000000 -0.110845 0.112232
311.000000 305.000000 -0.020364 0.112398
314.000000 305.000000 -0.015420 0.112400
323.000000 305.000000 -0.000584 0.112403
365.000000 305.000000 0.068600 0.112328
367.000000 305.000000 0.071889 0.112321
389.000000 305.000000 0.108021 0.112225
254.000000 306.000000 -0.114120 0.113859
306.000000 306.000000 -0.028604 0.114032
317.000000 306.000000 -0.010474 0.114041
338.000000 306.000000 0.024140 0.114031
341.000000 306.000000 0.029083 0.114027
294.000000 307.000000 -0.048370 0.115649
351.000000 307.000000 0.045553 0.115646
371.000000 307.000000 0.078458 0.115582
276.000000 308.000000 -0.077987 0.117233
341.000000 308.000000 0.029080 0.117305
376.000000 308.000000 0.086670 0.117199
222.000000 309.000000 -0.166432 0.118565
307.000000 309.000000 -0.026952 0.118950
299.000000 310.000000 -0.040129 0.120575
302.000000 311.000000 -0.035186 0.122219
308.000000 311.000000 -0.025302 0.122227
323.000000 311.000000 -0.000584 0.122236
326.000000 311.000000 0.004360 0.122235
382.000000 311.000000 0.096507 0.122081
68.000000 312.000000 -0.414582 0.122334
214.000000 312.000000 -0.179445 0.123403
226.000000 312.000000 -0.159886 0.123494
251.000000 312.000000 -0.119005 0.123659
315.000000 312.000000 -0.013767 0.123872
320.000000 312.000000 -0.005528 0.123874
380.000000 312.000000 0.093219 0.123727
73.000000 313.000000 -0.406547 0.123968
303.000000 313.000000 -0.033536 0.125496
313.000000 313.000000 -0.017062 0.125508
366.000000 313.000000 0.070215 0.125425
370.000000 313.000000 0.076790 0.125409
434.000000 313.000000 0.181475 0.124996
310.000000 314.000000 -0.022003 0.127143
327.000000 315.000000 0.006006 0.128785
418.000000 315.000000 0.155395 0.128388
298.000000 317.000000 -0.041761 0.132033
302.000000 317.000000 -0.035175 0.132042
111.000000 318.000000 -0.345582 0.132276
268.000000 318.000000 -0.091088 0.133561
418.000000 318.000000 0.155372 0.133285
366.000000 320.000000 0.070187 0.136875
434.000000 320.000000 0.181415 0.136411
381.000000 321.000000 0.094813 0.138436
416.000000 321.000000 0.152085 0.138195
367.000000 323.000000 0.071818 0.141774
309.000000 324.000000 -0.023638 0.143502
356.000000 324.000000 0.053732 0.143451
392.000000 324.000000 0.112827 0.143268
415.000000 325.000000 0.150421 0.144727
416.000000 327.000000 0.152035 0.147979
407.000000 329.000000 0.137326 0.151314
419.000000 329.000000 0.156910 0.151212
445.000000 329.000000 0.199197 0.150962
376.000000 330.000000 0.086560 0.153158
423.000000 330.000000 0.163420 0.152804
425.000000 331.000000 0.166668 0.154414
453.000000 331.000000 0.212146 0.154131
269.000000 332.000000 -0.089373 0.156429
403.000000 332.000000 0.130766 0.156235
122.000000 333.000000 -0.327812 0.156678
168.000000 333.000000 -0.253801 0.157149
435.000000 333.000000 0.182918 0.157571
273.000000 334.000000 -0.082798 0.159713
461.000000 334.000000 0.225063 0.158920
395.000000 335.000000 0.117660 0.161186
420.000000 335.000000 0.158485 0.160972
450.000000 335.000000 0.207242 0.160665
31.000000 336.000000 -0.474461 0.161244
274.000000 336.000000 -0.081147 0.162979
448.000000 336.000000 0.203989 0.162312
460.000000 336.000000 0.223424 0.162180
201.000000 337.000000 -0.200347 0.164004
242.000000 337.000000 -0.133559 0.164393
437.000000 337.000000 0.186126 0.164056
463.000000 337.000000 0.228264 0.163770
171.000000 338.000000 -0.248903 0.165299
275.000000 338.000000 -0.079495 0.166244
168.000000 339.000000 -0.253735 0.166888
421.000000 339.000000 0.160076 0.167471
435.000000 340.000000 0.182845 0.168953
447.000000 340.000000 0.202324 0.168822
73.000000 341.000000 -0.406452 0.169303
77.000000 341.000000 -0.400013 0.169317
421.000000 341.000000 0.160057 0.170723
127.000000 342.000000 -0.319698 0.171306
441.000000 342.000000 0.192568 0.172138
448.000000 342.000000 0.203923 0.172059
127.000000 362.000000 -0.319492 0.203674
185.000000 362.000000 -0.225986 0.204371
166.000000 363.000000 -0.256675 0.205750
165.000000 369.000000 -0.258214 0.215442
186.000000 369.000000 -0.224279 0.215711
362.000000 403.000000 0.063194 0.271565
419.000000 405.000000 0.156085 0.274271
376.000000 409.000000 0.086018 0.281128
376.000000 412.000000 0.085995 0.285953
426.000000 425.000000 0.167215 0.306347
364.000000 430.000000 0.066303 0.314936
424.000000 436.000000 0.163847 0.324034
428.000000 437.000000 0.170323 0.325595
545.000000 437.000000 0.359561 0.324685
413.000000 439.000000 0.145963 0.328965
379.000000 442.000000 0.090662 0.334075
403.000000 442.000000 0.129692 0.333875
395.000000 445.000000 0.116664 0.338756
546.000000 448.000000 0.361228 0.342559
409.000000 450.000000 0.139362 0.346647
428.000000 451.000000 0.170176 0.348067
417.000000 452.000000 0.152327 0.349779
414.000000 453.000000 0.147450 0.351411
430.000000 453.000000 0.173398 0.351258
403.000000 455.000000 0.129576 0.354717
409.000000 456.000000 0.139308 0.356268
396.000000 457.000000 0.118190 0.357980
378.000000 459.000000 0.088919 0.361314
430.000000 459.000000 0.173341 0.360891
428.000000 462.000000 0.170073 0.365726
379.000000 463.000000 0.090520 0.367714
409.000000 463.000000 0.139248 0.367493
466.000000 463.000000 0.231603 0.367017
469.000000 464.000000 0.236451 0.368607
331.000000 465.000000 0.012409 0.371102
407.000000 465.000000 0.135987 0.370717
342.000000 466.000000 0.030313 0.372682
347.000000 466.000000 0.038451 0.372668
410.000000 466.000000 0.140847 0.372297
338.000000 468.000000 0.023798 0.375891
420.000000 468.000000 0.157052 0.375426
344.000000 469.000000 0.033561 0.377478
347.000000 469.000000 0.038442 0.377470
349.000000 469.000000 0.041696 0.377463
356.000000 469.000000 0.053085 0.377439
366.000000 469.000000 0.069349 0.377395
376.000000 469.000000 0.085607 0.377343
424.000000 469.000000 0.163530 0.377000
3.000000 470.000000 -0.526778 0.383427
341.000000 470.000000 0.028676 0.379086
362.000000 471.000000 0.062835 0.380616
379.000000 471.000000 0.090471 0.380529
3.000000 472.000000 -0.526982 0.386861
348.000000 472.000000 0.040060 0.382269
553.000000 472.000000 0.372932 0.381841
350.000000 473.000000 0.043311 0.383863
369.000000 473.000000 0.074207 0.383787
384.000000 473.000000 0.098583 0.383704
549.000000 473.000000 0.366394 0.383412
386.000000 474.000000 0.101826 0.385295
388.000000 474.000000 0.105075 0.385283
473.000000 474.000000 0.242871 0.384722
478.000000 474.000000 0.250969 0.384702
387.000000 476.000000 0.103438 0.388495
391.000000 476.000000 0.109934 0.388471
546.000000 476.000000 0.361532 0.388284
552.000000 476.000000 0.371367 0.388393
