477.000000 5.000000 0.248721 -0.373832
497.000000 9.000000 0.281043 -0.367274
480.000000 11.000000 0.253614 -0.364198
500.000000 11.000000 0.285900 -0.364045
500.000000 19.000000 0.285957 -0.351208
246.000000 41.000000 -0.125867 -0.317307
203.000000 42.000000 -0.195541 -0.315191
207.000000 44.000000 -0.189098 -0.312051
254.000000 45.000000 -0.112917 -0.311010
227.000000 46.000000 -0.156741 -0.309116
252.000000 55.000000 -0.116265 -0.295032
577.000000 63.000000 0.410609 -0.280057
135.000000 91.000000 -0.305898 -0.235689
455.000000 91.000000 0.214400 -0.236499
138.000000 94.000000 -0.301119 -0.230911
612.000000 104.000000 0.467487 -0.213902
479.000000 129.000000 0.253703 -0.174910
484.000000 130.000000 0.261767 -0.173221
574.000000 133.000000 0.406125 -0.167237
253.000000 134.000000 -0.115411 -0.167912
590.000000 142.000000 0.431909 -0.152608
579.000000 174.000000 0.414465 -0.101033
438.000000 181.000000 0.188009 -0.090984
453.000000 181.000000 0.212345 -0.090855
433.000000 184.000000 0.179903 -0.086128
456.000000 185.000000 0.217237 -0.084310
459.000000 185.000000 0.222093 -0.084284
434.000000 187.000000 0.181553 -0.081222
431.000000 189.000000 0.176686 -0.077976
464.000000 189.000000 0.230212 -0.077723
581.000000 189.000000 0.417766 -0.076784
466.000000 190.000000 0.233452 -0.076077
493.000000 191.000000 0.276967 -0.074226
470.000000 193.000000 0.239937 -0.071156
323.000000 203.000000 -0.000581 -0.055397
321.000000 205.000000 -0.003881 -0.052110
468.000000 207.000000 0.236801 -0.048340
324.000000 208.000000 0.001069 -0.047177
327.000000 208.000000 0.006020 -0.047177
343.000000 208.000000 0.032416 -0.047166
333.000000 209.000000 0.015920 -0.045530
341.000000 210.000000 0.029119 -0.043880
467.000000 210.000000 0.235203 -0.043449
466.000000 212.000000 0.233597 -0.040189
325.000000 218.000000 0.002721 -0.030726
429.000000 220.000000 0.173587 -0.027256
326.000000 221.000000 0.004372 -0.025788
336.000000 222.000000 0.020877 -0.024140
324.000000 223.000000 0.001070 -0.022496
341.000000 223.000000 0.029128 -0.022491
317.000000 224.000000 -0.010485 -0.020850
346.000000 225.000000 0.037378 -0.019196
465.000000 225.000000 0.232033 -0.018961
310.000000 227.000000 -0.022040 -0.015909
325.000000 228.000000 0.002721 -0.014264
344.000000 228.000000 0.034081 -0.014259
342.000000 229.000000 0.030781 -0.012614
296.000000 230.000000 -0.045143 -0.010964
462.000000 231.000000 0.227197 -0.009163
320.000000 232.000000 -0.005533 -0.007677
336.000000 232.000000 0.020880 -0.007676
317.000000 233.000000 -0.010486 -0.006030
332.000000 233.000000 0.014278 -0.006030
290.000000 234.000000 -0.055040 -0.004376
337.000000 234.000000 0.022531 -0.004382
286.000000 235.000000 -0.061634 -0.002728
333.000000 236.000000 0.015929 -0.001089
274.000000 239.000000 -0.081403 0.003859
317.000000 240.000000 -0.010487 0.005499
320.000000 241.000000 -0.005534 0.007145
283.000000 242.000000 -0.066580 0.008795
333.000000 242.000000 0.015929 0.008793
339.000000 243.000000 0.025833 0.010440
337.000000 244.000000 0.022532 0.012087
338.000000 246.000000 0.024182 0.015380
8.000000 248.000000 -0.511627 0.018813
275.000000 251.000000 -0.079756 0.023605
279.000000 251.000000 -0.073169 0.023607
305.000000 251.000000 -0.030295 0.023615
336.000000 251.000000 0.020881 0.023615
427.000000 251.000000 0.170363 0.023565
462.000000 251.000000 0.227210 0.023535
329.000000 252.000000 0.009325 0.025263
305.000000 253.000000 -0.030295 0.026908
315.000000 253.000000 -0.013788 0.026910
317.000000 253.000000 -0.010486 0.026910
323.000000 253.000000 -0.000581 0.026910
325.000000 253.000000 0.002721 0.026910
463.000000 253.000000 0.228826 0.026804
332.000000 254.000000 0.014277 0.028556
311.000000 255.000000 -0.020391 0.030203
258.000000 257.000000 -0.107710 0.033461
270.000000 257.000000 -0.087982 0.033473
286.000000 257.000000 -0.061632 0.033486
328.000000 257.000000 0.007674 0.033497
275.000000 258.000000 -0.079751 0.035123
310.000000 258.000000 -0.022041 0.035143
251.000000 259.000000 -0.119199 0.036739
278.000000 259.000000 -0.074811 0.036771
271.000000 260.000000 -0.086333 0.038408
305.000000 260.000000 -0.030293 0.038434
313.000000 260.000000 -0.017089 0.038436
329.000000 260.000000 0.009324 0.038437
335.000000 260.000000 0.019228 0.038435
274.000000 262.000000 -0.081393 0.041702
277.000000 262.000000 -0.076454 0.041705
281.000000 262.000000 -0.069867 0.041709
298.000000 263.000000 -0.041841 0.043369
332.000000 263.000000 0.014275 0.043375
482.000000 263.000000 0.259481 0.043101
270.000000 264.000000 -0.087973 0.044986
281.000000 264.000000 -0.069864 0.045000
339.000000 264.000000 0.025828 0.045019
303.000000 265.000000 -0.033591 0.046664
309.000000 266.000000 -0.023689 0.048313
318.000000 266.000000 -0.008835 0.048315
321.000000 267.000000 -0.003882 0.049961
328.000000 267.000000 0.007672 0.049960
343.000000 267.000000 0.032426 0.049954
346.000000 267.000000 0.037375 0.049952
335.000000 268.000000 0.019225 0.051604
266.000000 269.000000 -0.094544 0.053199
285.000000 269.000000 -0.063268 0.053229
290.000000 269.000000 -0.055028 0.053235
315.000000 269.000000 -0.013786 0.053252
272.000000 270.000000 -0.084673 0.054854
287.000000 270.000000 -0.059971 0.054876
321.000000 270.000000 -0.003882 0.054899
328.000000 270.000000 0.007671 0.054898
285.000000 271.000000 -0.063266 0.056519
371.000000 271.000000 0.078563 0.056499
38.000000 273.000000 -0.462907 0.059184
586.000000 273.000000 0.426011 0.059133
40.000000 275.000000 -0.459680 0.062418
364.000000 275.000000 0.067032 0.063087
479.000000 276.000000 0.254600 0.064320
327.000000 277.000000 0.006019 0.066415
366.000000 277.000000 0.070322 0.066371
25.000000 279.000000 -0.483990 0.068928
268.000000 279.000000 -0.091234 0.069635
286.000000 279.000000 -0.061606 0.069673
366.000000 279.000000 0.070318 0.069657
30.000000 280.000000 -0.475873 0.070532
320.000000 280.000000 -0.005532 0.071349
481.000000 280.000000 0.257805 0.070834
31.000000 282.000000 -0.474257 0.073767
521.000000 283.000000 0.322030 0.075519
298.000000 284.000000 -0.041820 0.077909
307.000000 284.000000 -0.026978 0.077919
482.000000 284.000000 0.259396 0.077350
151.000000 285.000000 -0.281595 0.078930
283.000000 285.000000 -0.066536 0.079526
370.000000 285.000000 0.076886 0.079504
51.000000 286.000000 -0.441954 0.080215
288.000000 287.000000 -0.058296 0.082822
342.000000 287.000000 0.030758 0.082844
351.000000 287.000000 0.045594 0.082831
379.000000 287.000000 0.091679 0.082761
362.000000 288.000000 0.063712 0.084450
289.000000 289.000000 -0.056645 0.086109
325.000000 289.000000 0.002717 0.086141
249.000000 290.000000 -0.122393 0.087624
336.000000 290.000000 0.020860 0.087778
30.000000 291.000000 -0.475904 0.088341
297.000000 291.000000 -0.043459 0.089407
358.000000 291.000000 0.057118 0.089385
41.000000 292.000000 -0.458089 0.089936
320.000000 292.000000 -0.005531 0.091069
47.000000 293.000000 -0.448403 0.091550
247.000000 293.000000 -0.125658 0.092533
252.000000 293.000000 -0.117461 0.092555
326.000000 293.000000 0.004365 0.092711
337.000000 293.000000 0.022506 0.092704
113.000000 295.000000 -0.342524 0.094978
293.000000 295.000000 -0.050043 0.095967
366.000000 295.000000 0.070277 0.095929
289.000000 296.000000 -0.056630 0.097600
291.000000 296.000000 -0.053336 0.097604
295.000000 296.000000 -0.046746 0.097612
43.000000 298.000000 -0.454864 0.099648
266.000000 298.000000 -0.094460 0.100809
268.000000 298.000000 -0.091174 0.100817
314.000000 298.000000 -0.015424 0.100918
502.000000 298.000000 0.291475 0.100014
281.000000 299.000000 -0.069792 0.102500
307.000000 299.000000 -0.026964 0.102553
309.000000 299.000000 -0.023667 0.102555
311.000000 299.000000 -0.020369 0.102557
476.000000 299.000000 0.249624 0.101833
494.000000 299.000000 0.278613 0.101698
350.000000 300.000000 0.043922 0.104172
352.000000 300.000000 0.047216 0.104168
362.000000 300.000000 0.063680 0.104142
364.000000 300.000000 0.066971 0.104136
356.000000 301.000000 0.053801 0.105798
358.000000 301.000000 0.057093 0.105793
360.000000 301.000000 0.060386 0.105787
399.000000 301.000000 0.124430 0.105624
53.000000 302.000000 -0.438731 0.106121
369.000000 302.000000 0.075189 0.107398
471.000000 302.000000 0.241531 0.106759
505.000000 302.000000 0.296263 0.106494
481.000000 303.000000 0.257655 0.108308
498.000000 303.000000 0.285013 0.108173
265.000000 305.000000 -0.096074 0.112275
268.000000 305.000000 -0.091147 0.112287
283.000000 305.000000 -0.066483 0.112342
481.000000 305.000000 0.257639 0.111563
486.000000 305.000000 0.265694 0.111522
280.000000 306.000000 -0.071416 0.113971
291.000000 306.000000 -0.053313 0.114003
294.000000 306.000000 -0.048373 0.114010
320.000000 306.000000 -0.005529 0.114042
495.000000 306.000000 0.280167 0.113074
79.000000 307.000000 -0.396939 0.114271
330.000000 307.000000 0.010954 0.115679
340.000000 307.000000 0.027434 0.115668
255.000000 308.000000 -0.112470 0.117138
328.000000 308.000000 0.007657 0.117319
252.000000 309.000000 -0.117383 0.118758
343.000000 309.000000 0.032373 0.118940
374.000000 309.000000 0.083380 0.118845
379.000000 310.000000 0.091587 0.120459
381.000000 310.000000 0.094871 0.120449
72.000000 311.000000 -0.408159 0.120726
249.000000 311.000000 -0.122287 0.122012
324.000000 311.000000 0.001064 0.122236
326.000000 311.000000 0.004360 0.122235
341.000000 311.000000 0.029075 0.122220
395.000000 311.000000 0.117822 0.122009
455.000000 311.000000 0.215579 0.121557
299.000000 312.000000 -0.040125 0.123851
388.000000 312.000000 0.106344 0.123685
46.000000 313.000000 -0.450031 0.123933
322.000000 313.000000 -0.002232 0.125512
373.000000 313.000000 0.081719 0.125396
377.000000 313.000000 0.088289 0.125377
412.000000 313.000000 0.145616 0.125167
437.000000 313.000000 0.186354 0.124971
441.000000 313.000000 0.192853 0.124938
363.000000 314.000000 0.065279 0.127073
388.000000 314.000000 0.106333 0.126956
448.000000 314.000000 0.204207 0.126507
248.000000 315.000000 -0.123901 0.128545
321.000000 315.000000 -0.003880 0.128787
332.000000 315.000000 0.014243 0.128782
7.000000 316.000000 -0.513698 0.128994
90.000000 316.000000 -0.379259 0.128900
387.000000 316.000000 0.104682 0.130231
389.000000 316.000000 0.107961 0.130219
370.000000 317.000000 0.076773 0.131952
396.000000 317.000000 0.119423 0.131811
250.000000 318.000000 -0.120607 0.133460
295.000000 318.000000 -0.046697 0.133662
307.000000 318.000000 -0.026940 0.133686
338.000000 318.000000 0.024122 0.133684
378.000000 318.000000 0.089906 0.133549
386.000000 318.000000 0.103031 0.133506
435.000000 318.000000 0.183059 0.133142
154.000000 319.000000 -0.276512 0.134267
156.000000 319.000000 -0.273291 0.134286
291.000000 319.000000 -0.053277 0.135287
341.000000 319.000000 0.029061 0.135315
381.000000 319.000000 0.094824 0.135168
500.000000 319.000000 0.288088 0.134151
249.000000 320.000000 -0.122232 0.136721
370.000000 321.000000 0.076755 0.138492
391.000000 322.000000 0.111201 0.140010
372.000000 323.000000 0.080030 0.141751
382.000000 323.000000 0.096442 0.141697
192.000000 324.000000 -0.215078 0.142767
336.000000 324.000000 0.020820 0.143500
380.000000 324.000000 0.093156 0.143342
500.000000 324.000000 0.288039 0.142266
366.000000 325.000000 0.070166 0.145046
389.000000 325.000000 0.107906 0.144920
473.000000 325.000000 0.244549 0.144167
467.000000 327.000000 0.234839 0.147480
21.000000 328.000000 -0.490766 0.148338
23.000000 329.000000 -0.487496 0.149945
51.000000 329.000000 -0.441958 0.149841
431.000000 329.000000 0.176453 0.151100
457.000000 329.000000 0.218645 0.150837
20.000000 330.000000 -0.492422 0.151591
48.000000 330.000000 -0.446812 0.151463
379.000000 330.000000 0.091481 0.153141
479.000000 330.000000 0.254175 0.152225
119.000000 331.000000 -0.332645 0.153410
248.000000 332.000000 -0.123785 0.156294
374.000000 333.000000 0.083262 0.158063
482.000000 333.000000 0.258978 0.157062
137.000000 334.000000 -0.303711 0.158443
118.000000 335.000000 -0.334215 0.159882
247.000000 335.000000 -0.125399 0.161175
249.000000 335.000000 -0.122127 0.161190
379.000000 335.000000 0.091451 0.161295
472.000000 335.000000 0.242827 0.160421
389.000000 336.000000 0.107831 0.162859
19.000000 337.000000 -0.494128 0.162960
22.000000 337.000000 -0.489199 0.162932
247.000000 337.000000 -0.125384 0.164433
384.000000 337.000000 0.099634 0.164523
429.000000 337.000000 0.173120 0.164138
468.000000 337.000000 0.236345 0.163713
492.000000 337.000000 0.275037 0.163439
528.000000 337.000000 0.332843 0.163061
337.000000 338.000000 0.022444 0.166354
339.000000 338.000000 0.025733 0.166351
482.000000 338.000000 0.258922 0.165175
497.000000 338.000000 0.283069 0.165004
524.000000 338.000000 0.326420 0.164718
47.000000 339.000000 -0.448446 0.166044
493.000000 339.000000 0.276624 0.166670
208.000000 340.000000 -0.188947 0.168954
488.000000 340.000000 0.268564 0.168349
528.000000 340.000000 0.332814 0.167917
340.000000 341.000000 0.027371 0.171239
490.000000 341.000000 0.271773 0.169946
503.000000 341.000000 0.292680 0.169798
499.000000 342.000000 0.286239 0.171463
530.000000 343.000000 0.335993 0.172754
139.000000 344.000000 -0.300391 0.174670
248.000000 344.000000 -0.123693 0.175834
532.000000 344.000000 0.339191 0.174353
137.000000 345.000000 -0.303597 0.176268
271.000000 345.000000 -0.086019 0.177622
488.000000 345.000000 0.268506 0.176452
505.000000 345.000000 0.295849 0.176254
490.000000 346.000000 0.271714 0.178049
121.000000 347.000000 -0.329286 0.179343
504.000000 347.000000 0.294219 0.179504
518.000000 347.000000 0.316702 0.179349
16.000000 348.000000 -0.499196 0.180863
42.000000 348.000000 -0.456595 0.180646
162.000000 348.000000 -0.263311 0.181412
165.000000 348.000000 -0.258472 0.181448
207.000000 348.000000 -0.190485 0.181937
368.000000 348.000000 0.073335 0.182529
410.000000 348.000000 0.142056 0.182208
484.000000 348.000000 0.262027 0.181361
508.000000 348.000000 0.300635 0.181077
511.000000 348.000000 0.305453 0.181044
407.000000 349.000000 0.137152 0.183861
520.000000 349.000000 0.319891 0.182564
517.000000 350.000000 0.315065 0.184214
246.000000 367.000000 -0.126763 0.213155
209.000000 368.000000 -0.187006 0.214378
211.000000 368.000000 -0.183758 0.214402
246.000000 374.000000 -0.126698 0.224488
254.000000 374.000000 -0.113635 0.224560
427.000000 408.000000 0.169041 0.279003
427.000000 410.000000 0.169017 0.282221
441.000000 416.000000 0.191643 0.291699
442.000000 419.000000 0.193226 0.296510
430.000000 438.000000 0.173555 0.327179
491.000000 443.000000 0.272185 0.334588
480.000000 446.000000 0.254383 0.339516
469.000000 448.000000 0.236581 0.342837
619.000000 452.000000 0.482011 0.350940
619.000000 456.000000 0.482220 0.357613
444.000000 457.000000 0.196041 0.357548
6.000000 458.000000 -0.520389 0.362697
477.000000 458.000000 0.249437 0.358879
479.000000 459.000000 0.252665 0.360478
491.000000 459.000000 0.272080 0.360408
494.000000 459.000000 0.276934 0.360393
6.000000 460.000000 -0.520555 0.366089
8.000000 460.000000 -0.517049 0.365923
484.000000 460.000000 0.260749 0.362060
496.000000 461.000000 0.280163 0.363618
474.000000 462.000000 0.244556 0.365349
480.000000 462.000000 0.254265 0.365311
470.000000 463.000000 0.238076 0.366989
462.000000 464.000000 0.225122 0.368657
445.000000 467.000000 0.197574 0.373617
485.000000 470.000000 0.262321 0.378210
540.000000 471.000000 0.351652 0.380008
13.000000 472.000000 -0.509307 0.385900
473.000000 472.000000 0.242880 0.381491
499.000000 472.000000 0.285001 0.381422
409.000000 473.000000 0.139171 0.383536
414.000000 473.000000 0.147282 0.383500
476.000000 473.000000 0.247734 0.383094
23.000000 475.000000 -0.492121 0.390170
435.000000 475.000000 0.181314 0.386561
505.000000 475.000000 0.294736 0.386295
416.000000 476.000000 0.150505 0.388303
488.000000 476.000000 0.267166 0.387913
