358.000000 103.000000 0.056734 -0.218299
486.000000 107.000000 0.264632 -0.210274
492.000000 110.000000 0.274329 -0.205349
298.000000 117.000000 -0.041599 -0.195741
424.000000 117.000000 0.164555 -0.195073
427.000000 118.000000 0.169442 -0.193419
576.000000 127.000000 0.409290 -0.176894
404.000000 131.000000 0.132152 -0.172654
421.000000 132.000000 0.159861 -0.170846
536.000000 133.000000 0.345235 -0.167646
459.000000 135.000000 0.221523 -0.165498
425.000000 137.000000 0.166426 -0.162696
464.000000 137.000000 0.229628 -0.162192
532.000000 138.000000 0.338894 -0.159631
547.000000 138.000000 0.362906 -0.159448
549.000000 138.000000 0.366108 -0.159425
534.000000 140.000000 0.342121 -0.156378
402.000000 141.000000 0.128986 -0.156449
509.000000 141.000000 0.302085 -0.155094
512.000000 141.000000 0.306895 -0.155053
528.000000 141.000000 0.332528 -0.154841
460.000000 142.000000 0.223234 -0.154151
521.000000 142.000000 0.321331 -0.153317
543.000000 144.000000 0.356574 -0.149814
534.000000 145.000000 0.342183 -0.148307
467.000000 146.000000 0.234593 -0.147578
480.000000 146.000000 0.255553 -0.147405
483.000000 146.000000 0.260384 -0.147364
547.000000 148.000000 0.363020 -0.143311
476.000000 149.000000 0.249149 -0.142599
543.000000 149.000000 0.356632 -0.141742
343.000000 150.000000 0.032312 -0.142160
347.000000 150.000000 0.038888 -0.142149
341.000000 151.000000 0.029025 -0.140535
528.000000 151.000000 0.332654 -0.138689
313.000000 152.000000 -0.017038 -0.138921
320.000000 152.000000 -0.005521 -0.138925
456.000000 152.000000 0.216894 -0.137989
307.000000 153.000000 -0.026910 -0.137281
550.000000 153.000000 0.367873 -0.135206
311.000000 154.000000 -0.020331 -0.135657
476.000000 155.000000 0.249226 -0.132874
534.000000 155.000000 0.342302 -0.132154
489.000000 156.000000 0.270167 -0.131089
527.000000 156.000000 0.331113 -0.130620
494.000000 158.000000 0.278230 -0.127786
201.000000 159.000000 -0.200385 -0.126771
519.000000 159.000000 0.318341 -0.125862
200.000000 162.000000 -0.202040 -0.121882
203.000000 162.000000 -0.197171 -0.121913
495.000000 164.000000 0.279908 -0.118049
499.000000 164.000000 0.286333 -0.118002
200.000000 165.000000 -0.202071 -0.117001
493.000000 167.000000 0.276729 -0.113207
497.000000 167.000000 0.283156 -0.113162
200.000000 168.000000 -0.202101 -0.112117
203.000000 168.000000 -0.197232 -0.112147
264.000000 169.000000 -0.097642 -0.110995
202.000000 171.000000 -0.198884 -0.107251
205.000000 174.000000 -0.194040 -0.102391
505.000000 174.000000 0.296073 -0.101721
204.000000 176.000000 -0.195682 -0.099121
205.000000 179.000000 -0.194084 -0.094238
493.000000 179.000000 0.276857 -0.093728
497.000000 179.000000 0.283284 -0.093689
203.000000 180.000000 -0.197341 -0.092590
479.000000 182.000000 0.254358 -0.088988
205.000000 183.000000 -0.194117 -0.087712
494.000000 185.000000 0.278522 -0.083971
204.000000 186.000000 -0.195765 -0.082808
206.000000 190.000000 -0.192545 -0.076291
497.000000 190.000000 0.283385 -0.075818
204.000000 191.000000 -0.195802 -0.074644
204.000000 193.000000 -0.195816 -0.071377
498.000000 193.000000 0.285016 -0.070933
207.000000 194.000000 -0.190946 -0.069763
479.000000 194.000000 0.254461 -0.069457
203.000000 197.000000 -0.197468 -0.064835
206.000000 197.000000 -0.192592 -0.064854
493.000000 199.000000 0.277029 -0.061212
205.000000 200.000000 -0.194236 -0.059944
203.000000 203.000000 -0.197504 -0.055027
478.000000 203.000000 0.252914 -0.054801
481.000000 203.000000 0.257748 -0.054782
484.000000 203.000000 0.262579 -0.054762
207.000000 204.000000 -0.191007 -0.053414
204.000000 206.000000 -0.195895 -0.050127
206.000000 206.000000 -0.192643 -0.050137
487.000000 206.000000 0.267427 -0.049856
479.000000 208.000000 0.254556 -0.046645
482.000000 208.000000 0.259390 -0.046627
484.000000 208.000000 0.262610 -0.046616
494.000000 208.000000 0.278696 -0.046557
207.000000 210.000000 -0.191037 -0.043597
204.000000 212.000000 -0.195924 -0.040311
206.000000 213.000000 -0.192676 -0.038683
359.000000 214.000000 0.058800 -0.037280
492.000000 214.000000 0.275514 -0.036796
204.000000 215.000000 -0.195937 -0.035401
206.000000 215.000000 -0.192685 -0.035409
489.000000 216.000000 0.270699 -0.033553
365.000000 217.000000 0.068687 -0.032338
204.000000 218.000000 -0.195948 -0.030491
206.000000 218.000000 -0.192696 -0.030498
346.000000 219.000000 0.037374 -0.029071
495.000000 219.000000 0.280359 -0.028638
350.000000 220.000000 0.043972 -0.027422
359.000000 220.000000 0.058808 -0.027412
370.000000 220.000000 0.076924 -0.027397
504.000000 221.000000 0.294817 -0.025343
206.000000 222.000000 -0.192709 -0.023949
355.000000 222.000000 0.052218 -0.024126
204.000000 224.000000 -0.195968 -0.020668
206.000000 225.000000 -0.192718 -0.019036
361.000000 227.000000 0.062111 -0.015894
498.000000 227.000000 0.285208 -0.015595
208.000000 228.000000 -0.189472 -0.014127
496.000000 230.000000 0.282004 -0.010713
206.000000 231.000000 -0.192732 -0.009208
259.000000 231.000000 -0.106067 -0.009288
229.000000 232.000000 -0.155231 -0.007607
233.000000 232.000000 -0.148691 -0.007613
326.000000 232.000000 0.004372 -0.007677
205.000000 234.000000 -0.194363 -0.004292
215.000000 234.000000 -0.178083 -0.004307
327.000000 234.000000 0.006023 -0.004384
329.000000 234.000000 0.009325 -0.004383
332.000000 234.000000 0.014278 -0.004383
367.000000 234.000000 0.071999 -0.004371
351.000000 235.000000 0.045631 -0.002732
353.000000 235.000000 0.048929 -0.002731
359.000000 235.000000 0.058820 -0.002729
481.000000 236.000000 0.257883 -0.000961
499.000000 236.000000 0.286835 -0.000931
206.000000 237.000000 -0.192741 0.000621
210.000000 237.000000 -0.186231 0.000617
323.000000 237.000000 -0.000580 0.000557
325.000000 237.000000 0.002722 0.000557
352.000000 237.000000 0.047280 0.000561
362.000000 237.000000 0.063765 0.000564
368.000000 237.000000 0.073648 0.000567
370.000000 237.000000 0.076940 0.000567
243.000000 238.000000 -0.132326 0.002230
258.000000 238.000000 -0.107715 0.002221
328.000000 238.000000 0.007675 0.002204
358.000000 238.000000 0.057173 0.002209
495.000000 239.000000 0.280414 0.003952
206.000000 240.000000 -0.192743 0.005536
323.000000 240.000000 -0.000580 0.005498
325.000000 240.000000 0.002722 0.005498
327.000000 240.000000 0.006024 0.005498
260.000000 241.000000 -0.104431 0.007154
355.000000 241.000000 0.052228 0.007147
361.000000 241.000000 0.062118 0.007148
235.000000 242.000000 -0.145428 0.008803
249.000000 242.000000 -0.122491 0.008800
257.000000 242.000000 -0.109359 0.008799
501.000000 242.000000 0.290054 0.008846
208.000000 243.000000 -0.189491 0.010451
210.000000 243.000000 -0.186235 0.010450
243.000000 243.000000 -0.132328 0.010444
361.000000 243.000000 0.062118 0.010440
355.000000 244.000000 0.052228 0.012086
327.000000 245.000000 0.006024 0.013734
243.000000 246.000000 -0.132328 0.015373
250.000000 246.000000 -0.120850 0.015374
257.000000 246.000000 -0.109359 0.015375
495.000000 247.000000 0.280419 0.016991
206.000000 248.000000 -0.192744 0.018644
209.000000 248.000000 -0.187863 0.018645
212.000000 248.000000 -0.182978 0.018646
260.000000 248.000000 -0.104430 0.018665
325.000000 248.000000 0.002722 0.018675
327.000000 248.000000 0.006024 0.018675
334.000000 248.000000 0.017580 0.018675
36.000000 249.000000 -0.466088 0.020348
228.000000 249.000000 -0.156873 0.020294
236.000000 249.000000 -0.143790 0.020298
238.000000 249.000000 -0.140517 0.020299
258.000000 249.000000 -0.107716 0.020308
30.000000 250.000000 -0.475796 0.021981
335.000000 250.000000 0.019230 0.021968
483.000000 250.000000 0.261112 0.021887
494.000000 250.000000 0.278811 0.021881
10.000000 251.000000 -0.508360 0.023661
13.000000 251.000000 -0.503452 0.023650
327.000000 251.000000 0.006023 0.023616
337.000000 251.000000 0.022531 0.023615
7.000000 252.000000 -0.513282 0.025291
33.000000 252.000000 -0.470945 0.025209
36.000000 252.000000 -0.466095 0.025202
39.000000 252.000000 -0.461251 0.025195
207.000000 252.000000 -0.191115 0.025198
213.000000 252.000000 -0.181346 0.025204
249.000000 252.000000 -0.122488 0.025234
335.000000 253.000000 0.019230 0.026909
491.000000 253.000000 0.273986 0.026775
31.000000 254.000000 -0.474187 0.028450
242.000000 254.000000 -0.133962 0.028514
208.000000 255.000000 -0.189484 0.030115
212.000000 255.000000 -0.182972 0.030120
238.000000 255.000000 -0.140512 0.030152
234.000000 257.000000 -0.147055 0.033431
261.000000 257.000000 -0.102781 0.033464
207.000000 258.000000 -0.191107 0.035028
235.000000 259.000000 -0.145416 0.036716
496.000000 259.000000 0.282015 0.036548
216.000000 260.000000 -0.176446 0.038323
336.000000 260.000000 0.020878 0.038435
209.000000 261.000000 -0.187846 0.039947
485.000000 261.000000 0.264318 0.039831
207.000000 264.000000 -0.191094 0.044857
211.000000 264.000000 -0.184583 0.044867
499.000000 265.000000 0.286821 0.046317
11.000000 266.000000 -0.506783 0.047937
14.000000 267.000000 -0.501878 0.049544
73.000000 267.000000 -0.406641 0.049450
208.000000 267.000000 -0.189459 0.049774
332.000000 267.000000 0.014274 0.049959
71.000000 268.000000 -0.409844 0.051069
299.000000 268.000000 -0.040188 0.051598
302.000000 269.000000 -0.035238 0.053246
210.000000 270.000000 -0.186194 0.054693
499.000000 270.000000 0.286806 0.054461
209.000000 272.000000 -0.187815 0.057965
462.000000 273.000000 0.227157 0.059494
506.000000 273.000000 0.298032 0.059321
212.000000 275.000000 -0.182920 0.062889
503.000000 276.000000 0.293206 0.064216
477.000000 278.000000 0.251366 0.067591
475.000000 279.000000 0.248135 0.069232
487.000000 282.000000 0.267459 0.074063
502.000000 282.000000 0.291573 0.073986
271.000000 284.000000 -0.086287 0.077855
476.000000 284.000000 0.249722 0.077383
498.000000 286.000000 0.285127 0.080518
482.000000 287.000000 0.259379 0.082239
468.000000 288.000000 0.236783 0.083954
476.000000 289.000000 0.249693 0.085536
499.000000 289.000000 0.286716 0.085394
518.000000 289.000000 0.317194 0.085283
214.000000 291.000000 -0.179587 0.089088
474.000000 293.000000 0.246440 0.092070
96.000000 294.000000 -0.369753 0.093273
99.000000 294.000000 -0.364949 0.093286
210.000000 294.000000 -0.186082 0.093971
471.000000 294.000000 0.241590 0.093720
84.000000 295.000000 -0.388967 0.094847
467.000000 295.000000 0.235121 0.095379
8.000000 296.000000 -0.511877 0.096549
97.000000 298.000000 -0.368134 0.099763
99.000000 298.000000 -0.364931 0.099773
121.000000 298.000000 -0.329687 0.099894
441.000000 298.000000 0.192969 0.100456
633.000000 298.000000 0.502029 0.099687
210.000000 299.000000 -0.186050 0.102143
120.000000 300.000000 -0.331278 0.103136
421.000000 300.000000 0.160395 0.103858
423.000000 300.000000 0.163657 0.103845
633.000000 300.000000 0.502041 0.102926
70.000000 301.000000 -0.411397 0.104525
99.000000 302.000000 -0.364911 0.106259
219.000000 302.000000 -0.171372 0.107106
407.000000 302.000000 0.137516 0.107216
549.000000 302.000000 0.366728 0.106204
87.000000 303.000000 -0.384130 0.107823
367.000000 303.000000 0.071896 0.109044
418.000000 303.000000 0.155481 0.108783
421.000000 303.000000 0.160375 0.108763
424.000000 304.000000 0.165260 0.110377
65.000000 305.000000 -0.419419 0.110992
202.000000 305.000000 -0.199015 0.111886
205.000000 305.000000 -0.194140 0.111908
369.000000 306.000000 0.075174 0.113952
70.000000 307.000000 -0.411382 0.114243
192.000000 307.000000 -0.215229 0.115071
185.000000 308.000000 -0.226562 0.116644
261.000000 308.000000 -0.102627 0.117168
376.000000 308.000000 0.086670 0.117199
555.000000 308.000000 0.376295 0.115893
549.000000 309.000000 0.366689 0.117546
56.000000 310.000000 -0.433893 0.119076
177.000000 310.000000 -0.239488 0.119835
398.000000 310.000000 0.122741 0.120356
566.000000 310.000000 0.393894 0.119079
548.000000 311.000000 0.365077 0.120792
572.000000 312.000000 0.403499 0.122292
398.000000 313.000000 0.122723 0.125261
549.000000 313.000000 0.366665 0.124026
587.000000 313.000000 0.427570 0.123870
602.000000 313.000000 0.451730 0.123863
604.000000 313.000000 0.454960 0.123865
617.000000 313.000000 0.476019 0.123897
636.000000 313.000000 0.507054 0.124009
35.000000 314.000000 -0.467854 0.125574
552.000000 314.000000 0.371461 0.125628
631.000000 314.000000 0.498859 0.125592
556.000000 315.000000 0.377858 0.127224
560.000000 315.000000 0.384262 0.127202
576.000000 315.000000 0.409903 0.127134
616.000000 315.000000 0.474402 0.127131
594.000000 316.000000 0.438830 0.128717
596.000000 316.000000 0.442053 0.128716
620.000000 316.000000 0.480910 0.128767
138.000000 317.000000 -0.302265 0.130873
142.000000 317.000000 -0.295836 0.130908
407.000000 317.000000 0.137418 0.131735
414.000000 317.000000 0.148852 0.131684
560.000000 317.000000 0.384252 0.130440
580.000000 317.000000 0.416316 0.130359
136.000000 318.000000 -0.305469 0.132479
549.000000 319.000000 0.366627 0.133744
555.000000 319.000000 0.376234 0.133707
628.000000 319.000000 0.493983 0.133673
635.000000 319.000000 0.505462 0.133728
55.000000 320.000000 -0.435498 0.135267
557.000000 320.000000 0.379431 0.135314
564.000000 320.000000 0.390644 0.135276
574.000000 320.000000 0.406677 0.135233
594.000000 320.000000 0.438828 0.135191
610.000000 320.000000 0.464683 0.135207
121.000000 322.000000 -0.329513 0.138839
124.000000 322.000000 -0.324699 0.138864
401.000000 322.000000 0.127572 0.139942
552.000000 322.000000 0.371411 0.138583
559.000000 322.000000 0.382623 0.138540
593.000000 322.000000 0.437216 0.138428
607.000000 322.000000 0.459827 0.138438
134.000000 324.000000 -0.308628 0.142197
553.000000 324.000000 0.373000 0.141814
559.000000 324.000000 0.382611 0.141778
564.000000 324.000000 0.390624 0.141751
636.000000 324.000000 0.507153 0.141846
55.000000 325.000000 -0.435496 0.143363
69.000000 325.000000 -0.412939 0.143387
73.000000 325.000000 -0.406506 0.143399
574.000000 325.000000 0.406659 0.143325
579.000000 325.000000 0.414688 0.143308
43.000000 327.000000 -0.454907 0.146612
50.000000 327.000000 -0.443574 0.146602
587.000000 327.000000 0.427547 0.146526
590.000000 327.000000 0.432378 0.146522
600.000000 327.000000 0.448512 0.146521
114.000000 328.000000 -0.340693 0.148507
550.000000 328.000000 0.368168 0.148310
607.000000 328.000000 0.459841 0.148152
563.000000 329.000000 0.388995 0.149848
565.000000 329.000000 0.392202 0.149838
574.000000 329.000000 0.406644 0.149798
635.000000 329.000000 0.505557 0.149947
555.000000 330.000000 0.376166 0.151514
578.000000 330.000000 0.413066 0.151402
610.000000 330.000000 0.464713 0.151400
551.000000 331.000000 0.369750 0.153159
557.000000 331.000000 0.379365 0.153119
597.000000 331.000000 0.443668 0.152994
633.000000 331.000000 0.502285 0.153172
547.000000 333.000000 0.363326 0.156425
552.000000 333.000000 0.371338 0.156389
562.000000 333.000000 0.387370 0.156327
588.000000 333.000000 0.429149 0.156235
572.000000 334.000000 0.403413 0.157896
574.000000 334.000000 0.406625 0.157888
578.000000 334.000000 0.413053 0.157875
608.000000 334.000000 0.461480 0.157872
619.000000 336.000000 0.479390 0.161165
550.000000 337.000000 0.368105 0.162876
554.000000 337.000000 0.374517 0.162848
613.000000 337.000000 0.469617 0.162752
563.000000 338.000000 0.388946 0.164411
573.000000 338.000000 0.405003 0.164365
607.000000 338.000000 0.459870 0.164347
547.000000 339.000000 0.363281 0.166135
578.000000 339.000000 0.413038 0.165965
551.000000 340.000000 0.369686 0.167723
586.000000 340.000000 0.425917 0.167566
609.000000 340.000000 0.463126 0.167595
455.000000 341.000000 0.215275 0.170356
107.000000 342.000000 -0.351810 0.171123
551.000000 342.000000 0.369672 0.170959
557.000000 342.000000 0.379296 0.170919
449.000000 343.000000 0.205532 0.173671
460.000000 343.000000 0.223343 0.173543
572.000000 343.000000 0.403376 0.172458
577.000000 343.000000 0.411417 0.172441
619.000000 343.000000 0.479438 0.172515
440.000000 344.000000 0.190922 0.175397
464.000000 344.000000 0.229800 0.175119
496.000000 344.000000 0.281392 0.174738
614.000000 344.000000 0.471284 0.174102
431.000000 345.000000 0.176290 0.177120
474.000000 345.000000 0.245938 0.176620
583.000000 345.000000 0.421074 0.175663
620.000000 345.000000 0.481088 0.175766
635.000000 345.000000 0.505745 0.175925
104.000000 346.000000 -0.356595 0.177574
108.000000 346.000000 -0.350172 0.177606
390.000000 346.000000 0.109394 0.179130
550.000000 346.000000 0.368039 0.177438
581.000000 346.000000 0.417850 0.177285
589.000000 346.000000 0.430751 0.177275
614.000000 346.000000 0.471296 0.177345
388.000000 347.000000 0.106114 0.180771
560.000000 347.000000 0.384080 0.178989
633.000000 347.000000 0.502468 0.179149
395.000000 348.000000 0.117557 0.182342
573.000000 348.000000 0.404966 0.180544
577.000000 348.000000 0.411403 0.180531
622.000000 348.000000 0.484389 0.180651
636.000000 348.000000 0.507440 0.180815
53.000000 349.000000 -0.438738 0.182235
550.000000 349.000000 0.368017 0.182290
583.000000 349.000000 0.421068 0.182137
615.000000 349.000000 0.472948 0.182216
51.000000 350.000000 -0.441982 0.183859
122.000000 350.000000 -0.327651 0.184208
579.000000 350.000000 0.414619 0.183763
589.000000 350.000000 0.430750 0.183750
619.000000 350.000000 0.479493 0.183869
389.000000 351.000000 0.107719 0.187266
520.000000 351.000000 0.319870 0.185800
548.000000 351.000000 0.364793 0.185540
550.000000 351.000000 0.368003 0.185525
554.000000 351.000000 0.374423 0.185497
562.000000 352.000000 0.387264 0.187065
572.000000 352.000000 0.403342 0.187020
593.000000 352.000000 0.437217 0.186991
603.000000 352.000000 0.453426 0.187015
625.000000 352.000000 0.489352 0.187174
633.000000 352.000000 0.502536 0.187275
635.000000 352.000000 0.505844 0.187304
577.000000 353.000000 0.411389 0.188622
617.000000 353.000000 0.476246 0.188720
96.000000 354.000000 -0.369389 0.190460
516.000000 354.000000 0.313416 0.190697
583.000000 354.000000 0.421061 0.190229
619.000000 354.000000 0.479529 0.190361
336.000000 355.000000 0.020770 0.194029
339.000000 355.000000 0.025698 0.194023
549.000000 355.000000 0.366368 0.192002
517.000000 356.000000 0.314999 0.193921
526.000000 356.000000 0.329447 0.193825
557.000000 356.000000 0.379208 0.193564
603.000000 356.000000 0.453442 0.193497
54.000000 357.000000 -0.437131 0.195197
351.000000 357.000000 0.045397 0.197237
390.000000 357.000000 0.109307 0.197002
572.000000 357.000000 0.403325 0.195109
577.000000 357.000000 0.411380 0.195095
608.000000 357.000000 0.461584 0.195144
634.000000 357.000000 0.504265 0.195422
56.000000 358.000000 -0.433890 0.196814
86.000000 358.000000 -0.385451 0.196873
517.000000 358.000000 0.314977 0.197155
63.000000 359.000000 -0.422555 0.198429
343.000000 359.000000 0.032257 0.200511
467.000000 359.000000 0.234462 0.199389
529.000000 359.000000 0.334232 0.198646
533.000000 359.000000 0.340653 0.198607
583.000000 359.000000 0.421056 0.198323
606.000000 359.000000 0.458338 0.198376
615.000000 359.000000 0.473026 0.198441
45.000000 360.000000 -0.451767 0.200092
49.000000 360.000000 -0.445258 0.200074
95.000000 360.000000 -0.370957 0.200161
99.000000 360.000000 -0.364524 0.200188
394.000000 360.000000 0.115821 0.201836
397.000000 360.000000 0.120722 0.201810
535.000000 360.000000 0.343854 0.200205
549.000000 360.000000 0.366331 0.200087
617.000000 360.000000 0.476309 0.200082
311.000000 361.000000 -0.020299 0.203780
436.000000 361.000000 0.184231 0.203016
470.000000 361.000000 0.239281 0.202587
454.000000 362.000000 0.213401 0.204412
534.000000 362.000000 0.342230 0.203447
572.000000 362.000000 0.403309 0.203199
577.000000 362.000000 0.411369 0.203187
633.000000 362.000000 0.502689 0.203542
274.000000 363.000000 -0.080994 0.206886
397.000000 363.000000 0.120695 0.206674
444.000000 363.000000 0.197187 0.206157
448.000000 363.000000 0.203671 0.206107
538.000000 363.000000 0.348643 0.205027
328.000000 364.000000 0.007619 0.208654
548.000000 364.000000 0.364695 0.206562
439.000000 365.000000 0.189052 0.209457
450.000000 365.000000 0.206885 0.209319
557.000000 365.000000 0.379153 0.208120
391.000000 366.000000 0.110867 0.211589
435.000000 366.000000 0.182547 0.211125
443.000000 366.000000 0.195528 0.211026
457.000000 366.000000 0.218204 0.210847
572.000000 366.000000 0.403297 0.209672
312.000000 367.000000 -0.018649 0.213515
393.000000 367.000000 0.114126 0.213192
397.000000 367.000000 0.120659 0.213156
577.000000 367.000000 0.411360 0.211280
387.000000 368.000000 0.104312 0.214864
517.000000 368.000000 0.314866 0.213321
335.000000 369.000000 0.019102 0.216752
372.000000 369.000000 0.079764 0.216595
392.000000 369.000000 0.112474 0.216441
446.000000 369.000000 0.200354 0.215842
458.000000 369.000000 0.219783 0.215686
548.000000 369.000000 0.364659 0.214646
449.000000 370.000000 0.205202 0.217421
460.000000 370.000000 0.223005 0.217277
471.000000 370.000000 0.240778 0.217131
513.000000 370.000000 0.308416 0.216598
558.000000 370.000000 0.380734 0.216200
562.000000 370.000000 0.387172 0.216180
385.000000 371.000000 0.101018 0.219738
439.000000 371.000000 0.188978 0.219165
572.000000 371.000000 0.403284 0.217763
328.000000 372.000000 0.007612 0.221621
320.000000 373.000000 -0.005515 0.223243
386.000000 373.000000 0.102636 0.222968
411.000000 373.000000 0.143432 0.222729
471.000000 373.000000 0.240738 0.221980
499.000000 373.000000 0.285865 0.221614
504.000000 373.000000 0.293909 0.221552
506.000000 373.000000 0.297126 0.221528
547.000000 373.000000 0.363022 0.221120
395.000000 374.000000 0.117329 0.224507
414.000000 374.000000 0.148308 0.224314
431.000000 374.000000 0.175954 0.224116
435.000000 374.000000 0.182449 0.224066
448.000000 374.000000 0.203530 0.223901
508.000000 374.000000 0.300330 0.223119
510.000000 374.000000 0.303546 0.223096
549.000000 374.000000 0.366231 0.222722
552.000000 374.000000 0.371057 0.222703
305.000000 375.000000 -0.030119 0.226463
446.000000 375.000000 0.200277 0.225543
461.000000 376.000000 0.224542 0.226961
548.000000 376.000000 0.364609 0.225962
557.000000 376.000000 0.379093 0.225908
572.000000 376.000000 0.403274 0.225856
576.000000 376.000000 0.409735 0.225851
586.000000 376.000000 0.425918 0.225857
590.000000 376.000000 0.432406 0.225868
634.000000 376.000000 0.504615 0.226377
341.000000 377.000000 0.028926 0.229692
388.000000 377.000000 0.105870 0.229422
393.000000 377.000000 0.114036 0.229378
603.000000 377.000000 0.453568 0.227562
333.000000 378.000000 0.015806 0.231327
547.000000 378.000000 0.362987 0.229202
582.000000 378.000000 0.419441 0.229091
450.000000 379.000000 0.206704 0.231953
537.000000 379.000000 0.346897 0.230895
554.000000 379.000000 0.374246 0.230775
578.000000 379.000000 0.412968 0.230708
584.000000 379.000000 0.422683 0.230715
429.000000 380.000000 0.172633 0.233837
443.000000 380.000000 0.195350 0.233660
571.000000 380.000000 0.401653 0.232332
588.000000 380.000000 0.429173 0.232346
278.000000 381.000000 -0.074336 0.236057
348.000000 381.000000 0.040387 0.236139
367.000000 381.000000 0.071503 0.236045
369.000000 381.000000 0.074775 0.236033
550.000000 381.000000 0.367795 0.234032
553.000000 381.000000 0.372625 0.234015
576.000000 381.000000 0.409733 0.233947
590.000000 381.000000 0.432424 0.233975
337.000000 382.000000 0.022357 0.237788
343.000000 382.000000 0.032191 0.237773
354.000000 382.000000 0.050213 0.237731
362.000000 382.000000 0.063313 0.237691
457.000000 382.000000 0.217993 0.236704
634.000000 382.000000 0.504749 0.236174
348.000000 383.000000 0.040380 0.239372
359.000000 383.000000 0.058396 0.239323
536.000000 383.000000 0.345255 0.237367
595.000000 383.000000 0.440567 0.237246
272.000000 385.000000 -0.084127 0.242482
365.000000 385.000000 0.068205 0.242521
582.000000 385.000000 0.419454 0.240435
405.000000 386.000000 0.133519 0.243801
425.000000 386.000000 0.166061 0.243574
440.000000 386.000000 0.190409 0.243386
597.000000 386.000000 0.443848 0.242130
601.000000 386.000000 0.450378 0.242164
409.000000 387.000000 0.140024 0.245373
581.000000 387.000000 0.417837 0.243674
604.000000 387.000000 0.455294 0.243819
579.000000 388.000000 0.414597 0.245291
594.000000 388.000000 0.438971 0.245356
602.000000 388.000000 0.452032 0.245424
271.000000 389.000000 -0.085735 0.248934
436.000000 389.000000 0.183883 0.248278
608.000000 389.000000 0.461874 0.247119
374.000000 390.000000 0.082891 0.250534
579.000000 390.000000 0.414601 0.248533
584.000000 390.000000 0.422714 0.248548
614.000000 390.000000 0.471756 0.248833
588.000000 391.000000 0.429221 0.250189
439.000000 392.000000 0.188710 0.253078
594.000000 392.000000 0.439001 0.251852
235.000000 393.000000 -0.144439 0.255068
371.000000 393.000000 0.077966 0.255394
543.000000 393.000000 0.356448 0.253474
631.000000 393.000000 0.500013 0.254085
233.000000 394.000000 -0.147684 0.256659
268.000000 394.000000 -0.090603 0.256980
445.000000 394.000000 0.198408 0.256224
618.000000 394.000000 0.478429 0.255426
297.000000 395.000000 -0.043169 0.258750
426.000000 395.000000 0.167576 0.258079
440.000000 395.000000 0.190292 0.257901
580.000000 395.000000 0.416238 0.256643
632.000000 395.000000 0.501738 0.257386
258.000000 396.000000 -0.106916 0.260126
436.000000 396.000000 0.183793 0.259565
538.000000 396.000000 0.348374 0.258355
590.000000 396.000000 0.432509 0.258320
636.000000 396.000000 0.508474 0.259141
371.000000 397.000000 0.077939 0.261843
442.000000 397.000000 0.193508 0.261099
450.000000 397.000000 0.206465 0.260993
455.000000 397.000000 0.214557 0.260927
547.000000 397.000000 0.362872 0.259917
603.000000 397.000000 0.453773 0.260076
605.000000 397.000000 0.457055 0.260103
266.000000 398.000000 -0.093840 0.263413
462.000000 398.000000 0.225863 0.262444
465.000000 398.000000 0.230711 0.262404
574.000000 398.000000 0.406511 0.261491
577.000000 398.000000 0.411378 0.261499
597.000000 398.000000 0.443956 0.261633
612.000000 398.000000 0.468591 0.261842
296.000000 399.000000 -0.044791 0.265193
539.000000 399.000000 0.349965 0.263196
543.000000 399.000000 0.356412 0.263172
561.000000 399.000000 0.385466 0.263106
564.000000 399.000000 0.390317 0.263103
586.000000 399.000000 0.426013 0.263165
588.000000 399.000000 0.429271 0.263179
605.000000 399.000000 0.457083 0.263361
622.000000 399.000000 0.485166 0.263679
382.000000 400.000000 0.095880 0.266594
574.000000 400.000000 0.406516 0.264734
599.000000 400.000000 0.447253 0.264910
584.000000 401.000000 0.422769 0.266400
602.000000 401.000000 0.452185 0.266577
589.000000 402.000000 0.430925 0.268062
616.000000 402.000000 0.475279 0.268450
419.000000 403.000000 0.156109 0.271051
447.000000 403.000000 0.201529 0.270699
624.000000 403.000000 0.488593 0.270274
384.000000 404.000000 0.099110 0.273019
386.000000 404.000000 0.102372 0.273001
457.000000 404.000000 0.217699 0.272178
541.000000 404.000000 0.353159 0.271266
604.000000 404.000000 0.455514 0.271495
612.000000 404.000000 0.468702 0.271636
633.000000 404.000000 0.503684 0.272176
345.000000 405.000000 0.035391 0.274862
350.000000 405.000000 0.043568 0.274844
422.000000 405.000000 0.160959 0.274235
618.000000 405.000000 0.478662 0.273399
255.000000 406.000000 -0.111724 0.276208
374.000000 406.000000 0.082775 0.276316
262.000000 407.000000 -0.100299 0.277876
253.000000 408.000000 -0.114967 0.279409
257.000000 408.000000 -0.108446 0.279444
248.000000 409.000000 -0.123105 0.280972
250.000000 409.000000 -0.119847 0.280991
261.000000 409.000000 -0.101915 0.281086
375.000000 409.000000 0.084386 0.281135
380.000000 410.000000 0.092536 0.282706
514.000000 410.000000 0.309593 0.281160
500.000000 411.000000 0.287019 0.282916
257.000000 412.000000 -0.108412 0.285878
273.000000 412.000000 -0.082313 0.285999
378.000000 412.000000 0.089258 0.285937
517.000000 412.000000 0.314410 0.284360
296.000000 413.000000 -0.044741 0.287724
300.000000 413.000000 -0.038203 0.287738
502.000000 413.000000 0.290222 0.286119
521.000000 413.000000 0.320850 0.285941
255.000000 414.000000 -0.111655 0.289077
303.000000 414.000000 -0.033297 0.289354
374.000000 414.000000 0.082718 0.289182
580.000000 414.000000 0.416346 0.287497
326.000000 415.000000 0.004302 0.290983
391.000000 415.000000 0.110424 0.290650
516.000000 415.000000 0.312772 0.289211
518.000000 415.000000 0.315997 0.289194
228.000000 416.000000 -0.155575 0.292026
389.000000 416.000000 0.107156 0.292275
604.000000 416.000000 0.455726 0.291086
199.000000 417.000000 -0.202618 0.293296
253.000000 417.000000 -0.114888 0.293881
563.000000 417.000000 0.388715 0.292278
602.000000 417.000000 0.452446 0.292682
299.000000 418.000000 -0.039822 0.295769
323.000000 418.000000 -0.000603 0.295804
612.000000 418.000000 0.469015 0.294541
396.000000 419.000000 0.118528 0.297031
583.000000 419.000000 0.421290 0.295661
594.000000 419.000000 0.439313 0.295808
626.000000 419.000000 0.492425 0.296605
166.000000 420.000000 -0.255968 0.297734
226.000000 420.000000 -0.158781 0.298434
230.000000 420.000000 -0.152282 0.298477
251.000000 420.000000 -0.118118 0.298684
309.000000 420.000000 -0.023479 0.299006
359.000000 420.000000 0.058201 0.298915
550.000000 420.000000 0.367650 0.297127
577.000000 420.000000 0.411504 0.297230
223.000000 421.000000 -0.163643 0.300008
397.000000 421.000000 0.120136 0.300234
400.000000 421.000000 0.125018 0.300205
561.000000 421.000000 0.385481 0.298762
229.000000 422.000000 -0.153885 0.301681
318.000000 422.000000 -0.008772 0.302226
328.000000 422.000000 0.007565 0.302224
403.000000 422.000000 0.129888 0.301781
572.000000 422.000000 0.403371 0.300443
579.000000 422.000000 0.414787 0.300504
599.000000 422.000000 0.447595 0.300798
354.000000 423.000000 0.050025 0.303757
407.000000 423.000000 0.136382 0.303346
552.000000 423.000000 0.370890 0.301989
561.000000 423.000000 0.385488 0.302008
616.000000 423.000000 0.475812 0.302858
633.000000 423.000000 0.504393 0.303476
327.000000 424.000000 0.005930 0.305435
401.000000 424.000000 0.126615 0.305013
573.000000 424.000000 0.405016 0.303704
610.000000 424.000000 0.465849 0.304329
622.000000 424.000000 0.485884 0.304699
627.000000 424.000000 0.494292 0.304883
567.000000 425.000000 0.395251 0.305287
589.000000 425.000000 0.431197 0.305523
595.000000 425.000000 0.441061 0.305626
633.000000 425.000000 0.504480 0.306784
395.000000 426.000000 0.116834 0.308281
410.000000 426.000000 0.141226 0.308132
558.000000 426.000000 0.380628 0.306868
584.000000 426.000000 0.423012 0.307082
619.000000 426.000000 0.480924 0.307890
269.000000 427.000000 -0.088736 0.310066
397.000000 427.000000 0.120079 0.309868
403.000000 427.000000 0.129838 0.309809
564.000000 427.000000 0.390382 0.308519
580.000000 427.000000 0.416477 0.308661
595.000000 427.000000 0.441100 0.308897
612.000000 427.000000 0.469262 0.309313
634.000000 427.000000 0.506268 0.310140
273.000000 428.000000 -0.082209 0.311698
276.000000 428.000000 -0.077317 0.311716
346.000000 428.000000 0.036946 0.311812
477.000000 428.000000 0.249717 0.310562
480.000000 428.000000 0.254562 0.310528
562.000000 428.000000 0.387135 0.310133
618.000000 428.000000 0.479317 0.311150
271.000000 429.000000 -0.085463 0.313289
409.000000 429.000000 0.139570 0.312959
413.000000 429.000000 0.146068 0.312916
571.000000 429.000000 0.401798 0.311824
607.000000 429.000000 0.460999 0.312456
613.000000 429.000000 0.470990 0.312632
268.000000 430.000000 -0.090345 0.314873
277.000000 430.000000 -0.075675 0.314931
374.000000 430.000000 0.082604 0.314872
603.000000 430.000000 0.454387 0.313992
618.000000 430.000000 0.479386 0.314446
636.000000 430.000000 0.509819 0.315212
135.000000 431.000000 -0.305955 0.315191
244.000000 431.000000 -0.129411 0.316283
247.000000 431.000000 -0.124531 0.316311
364.000000 431.000000 0.066297 0.316540
406.000000 431.000000 0.134674 0.316200
615.000000 431.000000 0.474397 0.315990
631.000000 431.000000 0.501356 0.316629
348.000000 432.000000 0.040196 0.318219
396.000000 432.000000 0.118406 0.317901
411.000000 432.000000 0.142788 0.317753
475.000000 432.000000 0.246442 0.317023
483.000000 432.000000 0.259364 0.316937
617.000000 432.000000 0.477781 0.317708
625.000000 432.000000 0.491240 0.318020
262.000000 433.000000 -0.100098 0.319643
339.000000 433.000000 0.025507 0.319850
342.000000 433.000000 0.030403 0.319842
246.000000 434.000000 -0.126131 0.321116
256.000000 434.000000 -0.109859 0.321201
268.000000 434.000000 -0.090318 0.321289
367.000000 434.000000 0.071170 0.321333
482.000000 434.000000 0.257729 0.320169
504.000000 434.000000 0.293255 0.319969
628.000000 434.000000 0.496404 0.321463
633.000000 434.000000 0.504903 0.321704
141.000000 435.000000 -0.296229 0.321689
244.000000 435.000000 -0.129374 0.322702
254.000000 435.000000 -0.113107 0.322788
259.000000 435.000000 -0.104968 0.322828
271.000000 435.000000 -0.085424 0.322913
472.000000 435.000000 0.241562 0.321884
479.000000 435.000000 0.252872 0.321810
496.000000 435.000000 0.280328 0.321647
507.000000 435.000000 0.298092 0.321560
510.000000 435.000000 0.302937 0.321540
514.000000 435.000000 0.309399 0.321515
622.000000 435.000000 0.486303 0.322857
248.000000 436.000000 -0.122860 0.324342
266.000000 436.000000 -0.093562 0.324483
635.000000 436.000000 0.508422 0.325133
340.000000 437.000000 0.027129 0.326259
369.000000 437.000000 0.074411 0.326129
522.000000 437.000000 0.322319 0.324709
526.000000 437.000000 0.328788 0.324695
630.000000 437.000000 0.499944 0.326538
244.000000 438.000000 -0.129347 0.327515
303.000000 438.000000 -0.033237 0.327864
467.000000 438.000000 0.233448 0.326765
479.000000 438.000000 0.252842 0.326640
482.000000 438.000000 0.257689 0.326611
485.000000 438.000000 0.262535 0.326582
495.000000 438.000000 0.278688 0.326493
503.000000 438.000000 0.291610 0.326431
533.000000 438.000000 0.340114 0.326300
538.000000 438.000000 0.348213 0.326298
166.000000 439.000000 -0.255775 0.328339
168.000000 439.000000 -0.252541 0.328357
201.000000 439.000000 -0.199127 0.328691
203.000000 439.000000 -0.195887 0.328712
254.000000 439.000000 -0.113074 0.329204
265.000000 439.000000 -0.095170 0.329286
491.000000 439.000000 0.272218 0.328139
506.000000 439.000000 0.296449 0.328024
535.000000 439.000000 0.343352 0.327919
237.000000 440.000000 -0.140707 0.330660
239.000000 440.000000 -0.137457 0.330679
244.000000 440.000000 -0.129330 0.330724
263.000000 440.000000 -0.098419 0.330875
298.000000 440.000000 -0.041386 0.331055
342.000000 440.000000 0.030383 0.331060
348.000000 440.000000 0.040167 0.331041
367.000000 440.000000 0.071134 0.330950
463.000000 440.000000 0.226960 0.330026
514.000000 440.000000 0.309372 0.329594
540.000000 440.000000 0.351457 0.329543
556.000000 440.000000 0.377446 0.329607
560.000000 440.000000 0.383960 0.329637
565.000000 440.000000 0.392114 0.329683
249.000000 441.000000 -0.121191 0.332370
473.000000 441.000000 0.243116 0.331530
501.000000 441.000000 0.288357 0.331287
518.000000 441.000000 0.315835 0.331193
558.000000 441.000000 0.380710 0.331249
200.000000 442.000000 -0.200716 0.333501
202.000000 442.000000 -0.197476 0.333522
301.000000 442.000000 -0.036489 0.334268
365.000000 442.000000 0.067864 0.334166
481.000000 442.000000 0.256035 0.333063
526.000000 442.000000 0.328775 0.332788
528.000000 442.000000 0.332013 0.332785
548.000000 442.000000 0.364448 0.332814
554.000000 442.000000 0.374205 0.332848
560.000000 442.000000 0.383978 0.332894
573.000000 442.000000 0.405218 0.333046
578.000000 442.000000 0.413416 0.333125
581.000000 442.000000 0.418344 0.333178
261.000000 443.000000 -0.101653 0.335670
293.000000 443.000000 -0.049528 0.335845
370.000000 443.000000 0.076002 0.335738
479.000000 443.000000 0.252794 0.334692
484.000000 443.000000 0.260874 0.334647
512.000000 443.000000 0.306124 0.334452
531.000000 443.000000 0.336871 0.334403
571.000000 443.000000 0.401958 0.334651
589.000000 443.000000 0.431544 0.334984
159.000000 444.000000 -0.267056 0.336340
168.000000 444.000000 -0.252497 0.336412
256.000000 444.000000 -0.109782 0.337236
339.000000 444.000000 0.025480 0.337475
365.000000 444.000000 0.067853 0.337370
463.000000 444.000000 0.226918 0.336459
567.000000 444.000000 0.395427 0.336231
586.000000 444.000000 0.426616 0.336557
594.000000 444.000000 0.439838 0.336752
198.000000 445.000000 -0.203926 0.338303
444.000000 445.000000 0.196161 0.338267
458.000000 445.000000 0.218820 0.338119
490.000000 445.000000 0.270553 0.337821
496.000000 445.000000 0.280250 0.337776
524.000000 445.000000 0.325533 0.337650
578.000000 445.000000 0.413469 0.338034
583.000000 445.000000 0.421694 0.338132
266.000000 446.000000 -0.093495 0.340512
595.000000 446.000000 0.441551 0.340070
598.000000 446.000000 0.446533 0.340159
610.000000 446.000000 0.466566 0.340575
167.000000 447.000000 -0.254090 0.341238
169.000000 447.000000 -0.250854 0.341254
171.000000 447.000000 -0.247618 0.341271
222.000000 447.000000 -0.164996 0.341751
294.000000 447.000000 -0.047885 0.342255
298.000000 447.000000 -0.041366 0.342267
372.000000 447.000000 0.079234 0.342134
470.000000 447.000000 0.238208 0.341218
502.000000 447.000000 0.289936 0.340967
537.000000 447.000000 0.346604 0.340897
542.000000 447.000000 0.354722 0.340913
557.000000 447.000000 0.379132 0.341014
561.000000 447.000000 0.385659 0.341055
590.000000 447.000000 0.433295 0.341579
607.000000 447.000000 0.461578 0.342115
614.000000 447.000000 0.473329 0.342396
282.000000 448.000000 -0.067431 0.343807
457.000000 448.000000 0.217171 0.342954
566.000000 448.000000 0.393844 0.342749
598.000000 448.000000 0.446595 0.343456
624.000000 448.000000 0.490297 0.344534
277.000000 449.000000 -0.075569 0.345384
452.000000 449.000000 0.209070 0.344612
454.000000 449.000000 0.212307 0.344592
472.000000 449.000000 0.241423 0.344419
476.000000 449.000000 0.247891 0.344383
480.000000 449.000000 0.254357 0.344350
500.000000 449.000000 0.286691 0.344208
514.000000 449.000000 0.309337 0.344147
551.000000 449.000000 0.369371 0.344220
574.000000 449.000000 0.406972 0.344512
620.000000 449.000000 0.483556 0.345995
628.000000 449.000000 0.497172 0.346421
518.000000 450.000000 0.315809 0.345757
554.000000 450.000000 0.374269 0.345875
569.000000 450.000000 0.398786 0.346064
580.000000 450.000000 0.416859 0.346269
582.000000 450.000000 0.420155 0.346314
363.000000 451.000000 0.064558 0.348591
476.000000 451.000000 0.247873 0.347605
487.000000 451.000000 0.265659 0.347520
493.000000 451.000000 0.275360 0.347479
512.000000 451.000000 0.306094 0.347389
527.000000 451.000000 0.330390 0.347372
532.000000 451.000000 0.338500 0.347379
565.000000 451.000000 0.392249 0.347638
586.000000 451.000000 0.426783 0.348054
595.000000 451.000000 0.441700 0.348309
608.000000 451.000000 0.463410 0.348776
634.000000 451.000000 0.507592 0.350136
336.000000 452.000000 0.020573 0.350290
359.000000 452.000000 0.058040 0.350212
368.000000 452.000000 0.072692 0.350165
377.000000 452.000000 0.087338 0.350110
379.000000 452.000000 0.090592 0.350096
452.000000 452.000000 0.209041 0.349435
499.000000 453.000000 0.285052 0.350675
505.000000 453.000000 0.294759 0.350648
546.000000 453.000000 0.361260 0.350696
551.000000 453.000000 0.369406 0.350738
579.000000 453.000000 0.415277 0.351172
582.000000 453.000000 0.420225 0.351242
598.000000 453.000000 0.446760 0.351710
601.000000 453.000000 0.451766 0.351817
607.000000 453.000000 0.461814 0.352051
367.000000 454.000000 0.071054 0.353374
447.000000 454.000000 0.200927 0.352698
476.000000 454.000000 0.247849 0.352439
481.000000 454.000000 0.255935 0.352401
540.000000 454.000000 0.351505 0.352285
341.000000 455.000000 0.028713 0.355080
358.000000 455.000000 0.056398 0.355020
386.000000 455.000000 0.101954 0.354852
449.000000 455.000000 0.204156 0.354286
451.000000 455.000000 0.207393 0.354268
499.000000 455.000000 0.285043 0.353907
511.000000 455.000000 0.304465 0.353866
518.000000 455.000000 0.315803 0.353856
559.000000 455.000000 0.382489 0.354093
618.000000 455.000000 0.480469 0.355890
389.000000 456.000000 0.106823 0.356432
446.000000 456.000000 0.199289 0.355922
488.000000 456.000000 0.267243 0.355580
493.000000 456.000000 0.275331 0.355552
553.000000 456.000000 0.372699 0.355652
570.000000 456.000000 0.400532 0.355908
621.000000 456.000000 0.485623 0.357723
205.000000 457.000000 -0.192472 0.357655
209.000000 457.000000 -0.185988 0.357690
287.000000 457.000000 -0.059250 0.358240
403.000000 457.000000 0.129559 0.357923
460.000000 457.000000 0.221941 0.357403
463.000000 457.000000 0.226796 0.357377
524.000000 457.000000 0.325532 0.357103
531.000000 457.000000 0.336894 0.357122
572.000000 457.000000 0.403839 0.357588
603.000000 457.000000 0.455268 0.358521
614.000000 457.000000 0.473792 0.359021
628.000000 457.000000 0.497655 0.359818
633.000000 457.000000 0.506270 0.360152
399.000000 458.000000 0.123055 0.359559
500.000000 458.000000 0.286649 0.358752
567.000000 458.000000 0.395643 0.359131
296.000000 459.000000 -0.044589 0.361472
385.000000 459.000000 0.100300 0.361267
409.000000 459.000000 0.139282 0.361079
413.000000 459.000000 0.145773 0.361044
440.000000 459.000000 0.189544 0.360799
506.000000 459.000000 0.296360 0.360352
545.000000 459.000000 0.359681 0.360466
629.000000 459.000000 0.499506 0.363244
286.000000 460.000000 -0.060866 0.363039
298.000000 460.000000 -0.041330 0.363078
396.000000 460.000000 0.118166 0.362788
411.000000 460.000000 0.142519 0.362665
421.000000 460.000000 0.158741 0.362577
445.000000 460.000000 0.197633 0.362361
474.000000 460.000000 0.244569 0.362125
479.000000 460.000000 0.252659 0.362091
513.000000 460.000000 0.307698 0.361963
526.000000 460.000000 0.328785 0.361980
538.000000 460.000000 0.348289 0.362039
579.000000 460.000000 0.415447 0.362683
593.000000 460.000000 0.438671 0.363112
597.000000 460.000000 0.445345 0.363259
302.000000 461.000000 -0.034814 0.364688
491.000000 461.000000 0.272070 0.363639
542.000000 461.000000 0.354810 0.363700
558.000000 461.000000 0.380939 0.363893
585.000000 461.000000 0.425406 0.364502
496.000000 462.000000 0.280160 0.365235
553.000000 462.000000 0.372773 0.365456
592.000000 462.000000 0.437076 0.366387
599.000000 462.000000 0.448770 0.366656
608.000000 462.000000 0.463900 0.367060
611.000000 462.000000 0.468969 0.367210
526.000000 463.000000 0.328795 0.366856
541.000000 463.000000 0.353199 0.366953
201.000000 464.000000 -0.198899 0.368878
304.000000 464.000000 -0.031552 0.369494
572.000000 464.000000 0.403995 0.369092
606.000000 464.000000 0.460623 0.370297
612.000000 464.000000 0.470768 0.370604
540.000000 465.000000 0.351587 0.370207
547.000000 465.000000 0.363008 0.370284
314.000000 466.000000 -0.015269 0.372707
578.000000 466.000000 0.413958 0.372547
621.000000 466.000000 0.486225 0.374492
627.000000 467.000000 0.496614 0.376590
561.000000 468.000000 0.385983 0.375426
636.000000 468.000000 0.512333 0.378994
329.000000 469.000000 0.009148 0.377505
592.000000 469.000000 0.437342 0.377999
608.000000 469.000000 0.464259 0.378754
567.000000 470.000000 0.395899 0.378850
614.000000 470.000000 0.474512 0.380777
340.000000 471.000000 0.027047 0.380689
570.000000 471.000000 0.400874 0.380576
574.000000 471.000000 0.407484 0.380688
606.000000 471.000000 0.460980 0.381995
346.000000 472.000000 0.036807 0.382274
551.000000 472.000000 0.369654 0.381806
556.000000 473.000000 0.377873 0.383541
582.000000 473.000000 0.420820 0.384259
588.000000 473.000000 0.430820 0.384487
622.000000 473.000000 0.488424 0.386371
595.000000 475.000000 0.442633 0.388127
566.000000 476.000000 0.394405 0.388720
576.000000 476.000000 0.410955 0.389025
