574.000000 9.000000 0.406192 -0.367597
564.000000 16.000000 0.389695 -0.356046
321.000000 39.000000 -0.003862 -0.320907
278.000000 42.000000 -0.073874 -0.315986
281.000000 42.000000 -0.068993 -0.316005
283.000000 44.000000 -0.065750 -0.312830
282.000000 46.000000 -0.067390 -0.309636
303.000000 46.000000 -0.033191 -0.309729
526.000000 83.000000 0.328534 -0.248250
206.000000 93.000000 -0.191414 -0.233560
208.000000 93.000000 -0.188173 -0.233589
210.000000 95.000000 -0.184960 -0.230402
330.000000 136.000000 0.010917 -0.164968
451.000000 166.000000 0.208959 -0.115299
483.000000 174.000000 0.260721 -0.101953
492.000000 176.000000 0.275220 -0.098611
512.000000 176.000000 0.307316 -0.098405
519.000000 176.000000 0.318528 -0.098334
521.000000 176.000000 0.321730 -0.098313
524.000000 176.000000 0.326531 -0.098283
506.000000 177.000000 0.297707 -0.096844
502.000000 178.000000 0.291301 -0.095262
527.000000 181.000000 0.331379 -0.090153
502.000000 182.000000 0.291340 -0.088769
530.000000 182.000000 0.336187 -0.088505
533.000000 184.000000 0.341001 -0.085238
498.000000 185.000000 0.284947 -0.083934
559.000000 185.000000 0.382557 -0.083403
496.000000 187.000000 0.281753 -0.080702
539.000000 189.000000 0.350634 -0.077087
394.000000 200.000000 0.116298 -0.060176
536.000000 203.000000 0.345942 -0.054416
394.000000 205.000000 0.116317 -0.051975
398.000000 205.000000 0.122874 -0.051960
404.000000 206.000000 0.132704 -0.050296
535.000000 206.000000 0.344363 -0.049557
411.000000 207.000000 0.144160 -0.048628
495.000000 211.000000 0.280320 -0.041666
496.000000 213.000000 0.281937 -0.038405
496.000000 215.000000 0.281947 -0.035148
498.000000 215.000000 0.285159 -0.035138
396.000000 216.000000 0.119631 -0.033915
396.000000 218.000000 0.119636 -0.030631
399.000000 218.000000 0.124554 -0.030623
387.000000 219.000000 0.104871 -0.029009
406.000000 219.000000 0.136022 -0.028963
394.000000 220.000000 0.116361 -0.027351
397.000000 220.000000 0.121281 -0.027344
412.000000 220.000000 0.145840 -0.027306
535.000000 220.000000 0.344435 -0.026839
387.000000 221.000000 0.104875 -0.025723
533.000000 221.000000 0.341243 -0.025224
416.000000 222.000000 0.152382 -0.024014
533.000000 223.000000 0.341251 -0.021977
379.000000 225.000000 0.091736 -0.019162
395.000000 225.000000 0.118012 -0.019136
415.000000 225.000000 0.150756 -0.019095
529.000000 227.000000 0.334871 -0.015496
531.000000 227.000000 0.338069 -0.015489
365.000000 228.000000 0.068701 -0.014245
385.000000 228.000000 0.101602 -0.014222
406.000000 228.000000 0.136041 -0.014190
386.000000 230.000000 0.103247 -0.010933
401.000000 231.000000 0.127857 -0.009271
403.000000 231.000000 0.131134 -0.009268
357.000000 232.000000 0.055522 -0.007668
407.000000 233.000000 0.137686 -0.005979
402.000000 234.000000 0.129499 -0.004342
354.000000 237.000000 0.050578 0.000562
349.000000 238.000000 0.042333 0.002207
386.000000 238.000000 0.103253 0.002220
391.000000 238.000000 0.111464 0.002222
531.000000 238.000000 0.338096 0.002378
403.000000 239.000000 0.131141 0.003872
341.000000 240.000000 0.029134 0.005499
406.000000 240.000000 0.136055 0.005516
408.000000 243.000000 0.139329 0.010443
348.000000 244.000000 0.040684 0.012086
350.000000 244.000000 0.043983 0.012086
407.000000 246.000000 0.137692 0.015370
496.000000 247.000000 0.282026 0.016991
374.000000 248.000000 0.083525 0.018666
405.000000 248.000000 0.134417 0.018655
342.000000 249.000000 0.030783 0.020320
536.000000 249.000000 0.346098 0.020249
56.000000 250.000000 -0.433888 0.021927
350.000000 250.000000 0.043982 0.021965
386.000000 250.000000 0.103253 0.021951
532.000000 250.000000 0.339705 0.021873
375.000000 251.000000 0.085169 0.023601
380.000000 251.000000 0.093392 0.023599
384.000000 251.000000 0.099967 0.023596
393.000000 251.000000 0.114745 0.023590
397.000000 252.000000 0.121306 0.025231
381.000000 253.000000 0.095035 0.026887
397.000000 254.000000 0.121304 0.028517
336.000000 255.000000 0.020880 0.030202
338.000000 255.000000 0.024181 0.030202
353.000000 255.000000 0.048927 0.030196
344.000000 256.000000 0.034082 0.031846
364.000000 256.000000 0.067056 0.031835
399.000000 256.000000 0.124581 0.031801
327.000000 257.000000 0.006023 0.033497
338.000000 257.000000 0.024180 0.033495
375.000000 257.000000 0.085164 0.033471
395.000000 257.000000 0.118021 0.033449
570.000000 259.000000 0.400411 0.036468
348.000000 260.000000 0.040678 0.038429
369.000000 260.000000 0.075287 0.038412
553.000000 260.000000 0.373252 0.038095
40.000000 261.000000 -0.459656 0.039758
339.000000 261.000000 0.025829 0.040080
352.000000 261.000000 0.047275 0.040073
361.000000 262.000000 0.062109 0.041710
382.000000 263.000000 0.096667 0.043328
327.000000 264.000000 0.006022 0.045022
392.000000 264.000000 0.113088 0.044955
399.000000 264.000000 0.124568 0.044941
414.000000 264.000000 0.149120 0.044909
406.000000 265.000000 0.136032 0.046568
409.000000 265.000000 0.140942 0.046562
355.000000 266.000000 0.052216 0.048298
417.000000 266.000000 0.154018 0.048183
344.000000 267.000000 0.034076 0.049953
357.000000 267.000000 0.055512 0.049941
337.000000 270.000000 0.022524 0.054894
355.000000 270.000000 0.052212 0.054878
435.000000 272.000000 0.183348 0.057961
51.000000 274.000000 -0.441949 0.060787
246.000000 274.000000 -0.127367 0.061365
398.000000 274.000000 0.122904 0.061363
438.000000 274.000000 0.188221 0.061225
44.000000 275.000000 -0.453225 0.062412
552.000000 275.000000 0.371630 0.062421
43.000000 277.000000 -0.454840 0.065651
107.000000 277.000000 -0.352209 0.065730
338.000000 277.000000 0.024170 0.066409
358.000000 277.000000 0.057146 0.066385
113.000000 278.000000 -0.342600 0.067374
391.000000 278.000000 0.111413 0.067950
553.000000 278.000000 0.373220 0.067283
586.000000 278.000000 0.426009 0.067226
409.000000 279.000000 0.140899 0.069529
44.000000 280.000000 -0.453231 0.070506
228.000000 282.000000 -0.156794 0.074422
355.000000 282.000000 0.052194 0.074608
369.000000 282.000000 0.075249 0.074579
379.000000 282.000000 0.091694 0.074553
45.000000 283.000000 -0.451621 0.075362
391.000000 283.000000 0.111396 0.076156
412.000000 284.000000 0.145784 0.077713
433.000000 284.000000 0.180041 0.077614
131.000000 285.000000 -0.313724 0.078826
375.000000 285.000000 0.085110 0.079490
424.000000 285.000000 0.165373 0.079296
452.000000 285.000000 0.210903 0.079149
363.000000 286.000000 0.065363 0.081164
434.000000 286.000000 0.181659 0.080882
13.000000 287.000000 -0.503609 0.081935
27.000000 287.000000 -0.480765 0.081874
55.000000 287.000000 -0.435516 0.081834
397.000000 287.000000 0.121220 0.082695
409.000000 287.000000 0.140866 0.082643
327.000000 288.000000 0.006016 0.084498
40.000000 289.000000 -0.459701 0.085081
113.000000 289.000000 -0.342555 0.085237
121.000000 289.000000 -0.329738 0.085277
123.000000 289.000000 -0.326532 0.085287
384.000000 289.000000 0.099886 0.086026
430.000000 289.000000 0.175130 0.085811
42.000000 290.000000 -0.456471 0.086697
129.000000 290.000000 -0.316906 0.086944
398.000000 290.000000 0.122846 0.087609
444.000000 290.000000 0.197893 0.087366
5.000000 291.000000 -0.516783 0.088467
25.000000 291.000000 -0.484032 0.088358
131.000000 291.000000 -0.313692 0.088581
410.000000 291.000000 0.142482 0.089191
134.000000 292.000000 -0.308872 0.090224
366.000000 292.000000 0.070286 0.091007
436.000000 292.000000 0.184879 0.090683
326.000000 293.000000 0.004365 0.092711
330.000000 293.000000 0.010963 0.092710
20.000000 294.000000 -0.492196 0.093237
24.000000 294.000000 -0.485672 0.093220
189.000000 294.000000 -0.220186 0.093837
192.000000 294.000000 -0.215323 0.093857
375.000000 294.000000 0.085081 0.094260
571.000000 294.000000 0.401957 0.093154
127.000000 295.000000 -0.320085 0.095058
198.000000 295.000000 -0.205581 0.095529
211.000000 295.000000 -0.184448 0.095612
341.000000 295.000000 0.029099 0.095983
576.000000 295.000000 0.409961 0.094760
21.000000 296.000000 -0.490573 0.096472
204.000000 296.000000 -0.195828 0.097202
356.000000 296.000000 0.053813 0.097597
358.000000 296.000000 0.057106 0.097592
382.000000 296.000000 0.096575 0.097513
451.000000 296.000000 0.209214 0.097121
570.000000 296.000000 0.400350 0.096396
115.000000 297.000000 -0.339309 0.098235
423.000000 297.000000 0.163676 0.098939
436.000000 297.000000 0.184847 0.098856
545.000000 297.000000 0.360357 0.098120
425.000000 298.000000 0.166930 0.100562
135.000000 299.000000 -0.307223 0.101609
397.000000 299.000000 0.121165 0.102360
429.000000 299.000000 0.173441 0.102171
431.000000 299.000000 0.176698 0.102158
433.000000 299.000000 0.179953 0.102145
13.000000 300.000000 -0.503687 0.102998
540.000000 301.000000 0.352338 0.104633
542.000000 301.000000 0.355537 0.104621
551.000000 301.000000 0.369932 0.104573
39.000000 302.000000 -0.461340 0.106131
43.000000 302.000000 -0.454869 0.106125
48.000000 302.000000 -0.446794 0.106121
50.000000 302.000000 -0.443567 0.106120
52.000000 302.000000 -0.440343 0.106120
245.000000 302.000000 -0.128889 0.107264
340.000000 302.000000 0.027441 0.107470
343.000000 302.000000 0.032385 0.107466
358.000000 302.000000 0.057091 0.107433
572.000000 302.000000 0.403534 0.106104
356.000000 303.000000 0.053795 0.109077
365.000000 303.000000 0.068607 0.109051
556.000000 303.000000 0.377921 0.107788
368.000000 304.000000 0.073537 0.110679
392.000000 304.000000 0.112945 0.110573
402.000000 304.000000 0.129325 0.110518
551.000000 304.000000 0.369917 0.109434
564.000000 305.000000 0.390713 0.110991
173.000000 306.000000 -0.245985 0.113287
324.000000 306.000000 0.001065 0.114042
326.000000 306.000000 0.004361 0.114041
397.000000 306.000000 0.121127 0.113819
562.000000 306.000000 0.387508 0.112619
404.000000 307.000000 0.132579 0.115413
452.000000 307.000000 0.210752 0.115062
150.000000 308.000000 -0.283047 0.116353
436.000000 308.000000 0.184768 0.116821
393.000000 309.000000 0.114557 0.118750
470.000000 309.000000 0.239858 0.118168
525.000000 309.000000 0.328275 0.117708
527.000000 309.000000 0.331478 0.117693
569.000000 309.000000 0.398704 0.117447
128.000000 310.000000 -0.318378 0.119426
130.000000 310.000000 -0.315169 0.119442
447.000000 310.000000 0.202619 0.119995
391.000000 311.000000 0.111268 0.122033
403.000000 311.000000 0.130918 0.121960
508.000000 311.000000 0.301006 0.121090
177.000000 312.000000 -0.239470 0.123092
434.000000 312.000000 0.181484 0.123365
445.000000 312.000000 0.199357 0.123273
487.000000 312.000000 0.267244 0.122898
489.000000 312.000000 0.270464 0.122880
516.000000 312.000000 0.313830 0.122646
94.000000 313.000000 -0.372863 0.124062
173.000000 313.000000 -0.245926 0.124684
175.000000 313.000000 -0.242694 0.124702
402.000000 314.000000 0.129263 0.126869
461.000000 314.000000 0.225266 0.126390
442.000000 315.000000 0.194460 0.128190
234.000000 316.000000 -0.146794 0.130085
237.000000 316.000000 -0.141892 0.130106
373.000000 316.000000 0.081706 0.130303
388.000000 316.000000 0.106322 0.130225
508.000000 316.000000 0.300963 0.129207
441.000000 317.000000 0.192819 0.131459
457.000000 317.000000 0.218764 0.131312
470.000000 317.000000 0.239785 0.131189
571.000000 317.000000 0.401877 0.130389
453.000000 318.000000 0.212276 0.132978
440.000000 319.000000 0.191176 0.134727
552.000000 319.000000 0.371430 0.133725
70.000000 320.000000 -0.411345 0.135294
72.000000 320.000000 -0.408130 0.135300
268.000000 320.000000 -0.091078 0.136830
272.000000 320.000000 -0.084510 0.136850
452.000000 320.000000 0.210637 0.136244
442.000000 321.000000 0.194406 0.137967
571.000000 321.000000 0.401861 0.136863
76.000000 322.000000 -0.401697 0.138553
224.000000 322.000000 -0.163070 0.139799
413.000000 322.000000 0.147181 0.139851
439.000000 322.000000 0.189524 0.139624
454.000000 322.000000 0.213858 0.139481
250.000000 323.000000 -0.120574 0.141626
404.000000 323.000000 0.132470 0.141552
248.000000 324.000000 -0.123842 0.143245
112.000000 325.000000 -0.343925 0.143629
138.000000 325.000000 -0.302192 0.143857
286.000000 325.000000 -0.061482 0.145079
474.000000 325.000000 0.246163 0.144157
538.000000 325.000000 0.348970 0.143541
541.000000 325.000000 0.353775 0.143518
552.000000 325.000000 0.371392 0.143440
142.000000 326.000000 -0.295753 0.145518
395.000000 326.000000 0.117725 0.146512
517.000000 326.000000 0.315309 0.145344
7.000000 327.000000 -0.513819 0.146853
9.000000 327.000000 -0.510510 0.146829
78.000000 327.000000 -0.398463 0.146657
80.000000 327.000000 -0.395251 0.146665
88.000000 327.000000 -0.382407 0.146706
503.000000 328.000000 0.292819 0.148725
527.000000 328.000000 0.331322 0.148494
548.000000 330.000000 0.364950 0.151561
200.000000 331.000000 -0.202032 0.154237
3.000000 332.000000 -0.520522 0.155030
553.000000 332.000000 0.372948 0.154764
49.000000 333.000000 -0.445197 0.156321
52.000000 333.000000 -0.440343 0.156318
449.000000 333.000000 0.205643 0.157425
515.000000 333.000000 0.312033 0.156709
558.000000 333.000000 0.380956 0.156350
561.000000 333.000000 0.385766 0.156332
111.000000 334.000000 -0.345456 0.158202
138.000000 334.000000 -0.302104 0.158454
517.000000 334.000000 0.315232 0.158309
538.000000 334.000000 0.348897 0.158115
540.000000 334.000000 0.352102 0.158098
542.000000 334.000000 0.355307 0.158082
595.000000 334.000000 0.440439 0.157850
141.000000 335.000000 -0.297271 0.160106
182.000000 335.000000 -0.231157 0.160549
507.000000 335.000000 0.299171 0.160032
559.000000 335.000000 0.382547 0.159580
564.000000 335.000000 0.390567 0.159552
249.000000 336.000000 -0.122120 0.162819
407.000000 336.000000 0.137268 0.162718
455.000000 336.000000 0.215331 0.162235
498.000000 336.000000 0.284699 0.161751
599.000000 336.000000 0.446905 0.161090
435.000000 337.000000 0.182877 0.164077
464.000000 337.000000 0.229881 0.163758
568.000000 337.000000 0.396977 0.162768
289.000000 338.000000 -0.056503 0.166306
599.000000 338.000000 0.446907 0.164329
398.000000 339.000000 0.122536 0.167677
404.000000 339.000000 0.132342 0.167627
559.000000 339.000000 0.382523 0.166052
567.000000 339.000000 0.395361 0.166009
221.000000 341.000000 -0.167787 0.170712
575.000000 341.000000 0.408207 0.169211
284.000000 342.000000 -0.064700 0.172804
326.000000 342.000000 0.004346 0.172886
386.000000 342.000000 0.102876 0.172651
577.000000 342.000000 0.411420 0.170823
598.000000 342.000000 0.445295 0.170804
575.000000 343.000000 0.408200 0.172447
108.000000 344.000000 -0.350188 0.174369
417.000000 344.000000 0.153510 0.175640
560.000000 344.000000 0.384098 0.174136
291.000000 345.000000 -0.053191 0.177717
562.000000 345.000000 0.387302 0.175742
601.000000 345.000000 0.450159 0.175668
564.000000 346.000000 0.390509 0.177349
577.000000 346.000000 0.411409 0.177295
595.000000 346.000000 0.440446 0.177277
558.000000 347.000000 0.380869 0.179001
579.000000 347.000000 0.414626 0.178908
585.000000 348.000000 0.424294 0.180515
594.000000 348.000000 0.438831 0.180514
596.000000 348.000000 0.442067 0.180517
289.000000 364.000000 -0.056399 0.208586
323.000000 364.000000 -0.000591 0.208656
325.000000 364.000000 0.002693 0.208656
324.000000 366.000000 0.001050 0.211900
509.000000 416.000000 0.301477 0.290887
511.000000 416.000000 0.304702 0.290869
498.000000 438.000000 0.283533 0.326469
551.000000 438.000000 0.369305 0.326328
545.000000 443.000000 0.359579 0.334426
560.000000 445.000000 0.384006 0.337783
549.000000 448.000000 0.366108 0.342577
88.000000 451.000000 -0.382313 0.347729
92.000000 452.000000 -0.375785 0.349314
494.000000 452.000000 0.276971 0.349087
82.000000 458.000000 -0.392255 0.359275
89.000000 458.000000 -0.380772 0.359158
559.000000 459.000000 0.382546 0.360634
88.000000 460.000000 -0.382442 0.362448
546.000000 460.000000 0.361321 0.362107
548.000000 461.000000 0.364594 0.363760
561.000000 461.000000 0.385854 0.363941
565.000000 461.000000 0.392415 0.364013
99.000000 462.000000 -0.364462 0.365563
171.000000 463.000000 -0.247507 0.367065
550.000000 463.000000 0.367883 0.367052
554.000000 463.000000 0.374423 0.367106
566.000000 463.000000 0.394097 0.367315
543.000000 464.000000 0.356469 0.368605
539.000000 465.000000 0.349958 0.370198
532.000000 466.000000 0.338567 0.371772
102.000000 469.000000 -0.359647 0.376972
513.000000 469.000000 0.307706 0.376566
567.000000 469.000000 0.395875 0.377203
565.000000 470.000000 0.392605 0.378802
180.000000 471.000000 -0.232884 0.380022
466.000000 471.000000 0.231551 0.379914
8.000000 472.000000 -0.518110 0.386362
11.000000 472.000000 -0.512820 0.386081
13.000000 472.000000 -0.509307 0.385900
15.000000 472.000000 -0.505805 0.385726
464.000000 472.000000 0.228307 0.381539
554.000000 472.000000 0.374571 0.381859
477.000000 474.000000 0.249350 0.384706
483.000000 474.000000 0.259069 0.384686
546.000000 474.000000 0.361499 0.385003
554.000000 474.000000 0.374610 0.385145
615.000000 474.000000 0.476473 0.387575
11.000000 476.000000 -0.513196 0.392926
499.000000 476.000000 0.285002 0.387910
506.000000 476.000000 0.296361 0.387923
568.000000 476.000000 0.397708 0.388776
617.000000 476.000000 0.480037 0.391088
