395.000000 35.000000 0.116458 -0.326878
349.000000 43.000000 0.041742 -0.314477
354.000000 44.000000 0.049887 -0.312860
377.000000 45.000000 0.087315 -0.311112
401.000000 53.000000 0.126389 -0.298113
600.000000 77.000000 0.448011 -0.257506
274.000000 96.000000 -0.080774 -0.229503
277.000000 96.000000 -0.075872 -0.229524
276.000000 98.000000 -0.077520 -0.226297
576.000000 99.000000 0.409095 -0.222016
403.000000 139.000000 0.130600 -0.159687
592.000000 173.000000 0.435309 -0.102564
576.000000 174.000000 0.409660 -0.101054
573.000000 176.000000 0.404873 -0.097845
594.000000 176.000000 0.438539 -0.097709
598.000000 178.000000 0.444980 -0.094458
572.000000 179.000000 0.403295 -0.093005
601.000000 179.000000 0.449812 -0.092829
606.000000 181.000000 0.457875 -0.089577
568.000000 182.000000 0.396919 -0.088186
604.000000 182.000000 0.454656 -0.087970
606.000000 183.000000 0.457883 -0.086347
629.000000 183.000000 0.495146 -0.086286
465.000000 199.000000 0.231904 -0.061411
462.000000 201.000000 0.227067 -0.058168
607.000000 202.000000 0.459569 -0.055651
609.000000 202.000000 0.462792 -0.055643
484.000000 203.000000 0.262579 -0.054762
465.000000 204.000000 0.231936 -0.053253
469.000000 204.000000 0.238399 -0.053228
475.000000 205.000000 0.248089 -0.051560
605.000000 205.000000 0.456360 -0.050811
566.000000 209.000000 0.393894 -0.044521
567.000000 211.000000 0.395501 -0.041278
467.000000 215.000000 0.235227 -0.035286
570.000000 215.000000 0.400313 -0.034789
466.000000 217.000000 0.233620 -0.032025
468.000000 217.000000 0.236852 -0.032016
486.000000 217.000000 0.265877 -0.031937
474.000000 218.000000 0.246543 -0.030358
464.000000 219.000000 0.230395 -0.028767
467.000000 219.000000 0.235244 -0.028755
457.000000 220.000000 0.219071 -0.027159
469.000000 220.000000 0.238479 -0.027114
484.000000 220.000000 0.262670 -0.027054
603.000000 222.000000 0.453202 -0.023341
485.000000 223.000000 0.264291 -0.022158
603.000000 224.000000 0.453208 -0.020108
448.000000 225.000000 0.204498 -0.019011
599.000000 225.000000 0.446784 -0.018504
483.000000 226.000000 0.261081 -0.017272
454.000000 227.000000 0.214233 -0.015723
476.000000 228.000000 0.249805 -0.014029
461.000000 229.000000 0.225574 -0.012434
455.000000 231.000000 0.215863 -0.009178
475.000000 231.000000 0.248199 -0.009134
478.000000 231.000000 0.253037 -0.009127
425.000000 232.000000 0.167095 -0.007594
413.000000 234.000000 0.147502 -0.004330
420.000000 234.000000 0.158938 -0.004321
423.000000 234.000000 0.163835 -0.004317
458.000000 237.000000 0.220733 0.000641
404.000000 238.000000 0.132779 0.002230
456.000000 238.000000 0.217494 0.002274
462.000000 238.000000 0.227208 0.002281
472.000000 238.000000 0.243370 0.002292
414.000000 239.000000 0.149141 0.003878
477.000000 240.000000 0.251440 0.005564
415.000000 241.000000 0.150777 0.007161
406.000000 242.000000 0.136055 0.008800
479.000000 243.000000 0.254666 0.010463
403.000000 244.000000 0.131143 0.012085
415.000000 245.000000 0.150777 0.013727
480.000000 246.000000 0.256279 0.015360
569.000000 246.000000 0.398804 0.015409
418.000000 247.000000 0.155678 0.017008
411.000000 248.000000 0.144237 0.018652
443.000000 248.000000 0.196406 0.018638
476.000000 248.000000 0.249829 0.018625
478.000000 248.000000 0.253055 0.018625
604.000000 248.000000 0.454879 0.018703
473.000000 249.000000 0.244988 0.020260
601.000000 249.000000 0.450058 0.020314
455.000000 250.000000 0.215876 0.021905
403.000000 251.000000 0.131140 0.023583
448.000000 251.000000 0.204523 0.023547
463.000000 251.000000 0.228828 0.023534
415.000000 252.000000 0.150774 0.025216
444.000000 252.000000 0.198028 0.025188
419.000000 253.000000 0.157308 0.026853
451.000000 253.000000 0.209389 0.026817
421.000000 255.000000 0.160571 0.030131
411.000000 257.000000 0.144228 0.033427
444.000000 257.000000 0.198021 0.033375
465.000000 257.000000 0.232055 0.033339
403.000000 258.000000 0.131132 0.035081
406.000000 258.000000 0.136045 0.035076
629.000000 258.000000 0.495328 0.034939
454.000000 260.000000 0.214241 0.038266
471.000000 260.000000 0.241745 0.038229
473.000000 260.000000 0.244974 0.038225
414.000000 261.000000 0.149127 0.039987
438.000000 261.000000 0.188261 0.039937
423.000000 262.000000 0.163822 0.041609
404.000000 264.000000 0.132760 0.044931
464.000000 264.000000 0.230422 0.044781
470.000000 264.000000 0.240120 0.044765
485.000000 264.000000 0.264310 0.044725
478.000000 265.000000 0.253028 0.046375
413.000000 268.000000 0.147476 0.051474
515.000000 268.000000 0.312477 0.051156
621.000000 268.000000 0.482368 0.051089
405.000000 269.000000 0.134385 0.053136
405.000000 271.000000 0.134380 0.056419
426.000000 271.000000 0.168691 0.056354
625.000000 273.000000 0.488875 0.059189
318.000000 274.000000 -0.008833 0.061480
470.000000 274.000000 0.240086 0.061095
316.000000 275.000000 -0.012134 0.063125
623.000000 275.000000 0.485633 0.062418
127.000000 276.000000 -0.320178 0.064174
129.000000 276.000000 -0.316971 0.064181
163.000000 276.000000 -0.262312 0.064320
407.000000 277.000000 0.137634 0.066256
501.000000 277.000000 0.289991 0.065852
510.000000 277.000000 0.304431 0.065813
122.000000 278.000000 -0.328184 0.067407
124.000000 278.000000 -0.324979 0.067414
429.000000 278.000000 0.173555 0.067810
463.000000 278.000000 0.228753 0.067658
627.000000 278.000000 0.492145 0.067286
58.000000 279.000000 -0.430695 0.068881
183.000000 279.000000 -0.229989 0.069307
403.000000 279.000000 0.131079 0.069551
479.000000 280.000000 0.254582 0.070844
618.000000 281.000000 0.477543 0.072110
300.000000 283.000000 -0.038524 0.076268
427.000000 283.000000 0.170273 0.076007
441.000000 283.000000 0.193058 0.075938
451.000000 283.000000 0.209292 0.075886
486.000000 285.000000 0.265833 0.078957
205.000000 286.000000 -0.194261 0.080860
436.000000 286.000000 0.184913 0.080871
446.000000 286.000000 0.201164 0.080817
498.000000 286.000000 0.285127 0.080518
508.000000 286.000000 0.301180 0.080462
202.000000 287.000000 -0.199132 0.082479
468.000000 287.000000 0.236789 0.082323
470.000000 287.000000 0.240020 0.082311
94.000000 288.000000 -0.372979 0.083535
103.000000 288.000000 -0.358571 0.083570
109.000000 288.000000 -0.348965 0.083595
481.000000 288.000000 0.257761 0.083875
528.000000 288.000000 0.333210 0.083606
503.000000 289.000000 0.293140 0.085370
119.000000 290.000000 -0.332938 0.086891
187.000000 290.000000 -0.223452 0.087294
190.000000 290.000000 -0.218591 0.087312
108.000000 291.000000 -0.350553 0.088460
195.000000 291.000000 -0.210476 0.088976
203.000000 291.000000 -0.197484 0.089024
472.000000 291.000000 0.243225 0.088822
519.000000 291.000000 0.318785 0.088527
89.000000 292.000000 -0.380969 0.090002
484.000000 292.000000 0.262569 0.090373
82.000000 293.000000 -0.392178 0.091599
86.000000 293.000000 -0.385770 0.091612
440.000000 293.000000 0.191377 0.092293
512.000000 293.000000 0.307554 0.091819
525.000000 295.000000 0.328370 0.094988
108.000000 296.000000 -0.350528 0.096574
417.000000 296.000000 0.153892 0.097339
622.000000 296.000000 0.484081 0.096396
624.000000 296.000000 0.487334 0.096403
192.000000 297.000000 -0.215303 0.098755
201.000000 297.000000 -0.200696 0.098816
511.000000 298.000000 0.305918 0.099951
618.000000 298.000000 0.477592 0.099619
109.000000 299.000000 -0.348910 0.101447
620.000000 299.000000 0.480842 0.101244
116.000000 300.000000 -0.337689 0.103111
505.000000 300.000000 0.296277 0.103243
508.000000 300.000000 0.301092 0.103222
125.000000 301.000000 -0.323255 0.104792
99.000000 302.000000 -0.364911 0.106259
104.000000 302.000000 -0.356902 0.106286
317.000000 302.000000 -0.010476 0.107482
612.000000 302.000000 0.467878 0.106076
615.000000 302.000000 0.472738 0.106084
114.000000 303.000000 -0.340875 0.107967
129.000000 303.000000 -0.316825 0.108067
131.000000 303.000000 -0.313616 0.108081
133.000000 303.000000 -0.310406 0.108095
414.000000 303.000000 0.148950 0.108809
418.000000 303.000000 0.155481 0.108783
429.000000 303.000000 0.173414 0.108708
624.000000 303.000000 0.487364 0.107735
317.000000 304.000000 -0.010475 0.110762
103.000000 305.000000 -0.358487 0.111145
207.000000 305.000000 -0.190888 0.111923
433.000000 305.000000 0.179911 0.111946
462.000000 305.000000 0.226961 0.111719
546.000000 305.000000 0.361913 0.111082
630.000000 305.000000 0.497164 0.111005
470.000000 306.000000 0.239884 0.113283
472.000000 306.000000 0.243113 0.113266
636.000000 306.000000 0.506999 0.112665
629.000000 307.000000 0.495541 0.114239
402.000000 308.000000 0.129301 0.117061
465.000000 308.000000 0.231788 0.116583
482.000000 308.000000 0.259226 0.116437
524.000000 308.000000 0.326681 0.116093
220.000000 309.000000 -0.169693 0.118551
222.000000 309.000000 -0.166432 0.118565
508.000000 310.000000 0.301014 0.119466
548.000000 310.000000 0.365083 0.119172
204.000000 311.000000 -0.195718 0.121692
206.000000 311.000000 -0.192468 0.121708
462.000000 311.000000 0.226910 0.121495
600.000000 311.000000 0.448502 0.120625
202.000000 312.000000 -0.198960 0.123306
313.000000 312.000000 -0.017063 0.123870
454.000000 312.000000 0.213951 0.123195
460.000000 312.000000 0.223666 0.123142
473.000000 312.000000 0.244676 0.123025
596.000000 312.000000 0.442054 0.122243
66.000000 313.000000 -0.417794 0.123949
504.000000 313.000000 0.294568 0.124372
173.000000 314.000000 -0.245917 0.126312
250.000000 314.000000 -0.120631 0.126923
252.000000 314.000000 -0.117354 0.126935
507.000000 314.000000 0.299375 0.125969
178.000000 315.000000 -0.237827 0.127985
473.000000 315.000000 0.244648 0.127907
40.000000 317.000000 -0.459749 0.130420
312.000000 317.000000 -0.018706 0.132056
515.000000 317.000000 0.312184 0.130768
518.000000 317.000000 0.316994 0.130741
545.000000 317.000000 0.360237 0.130531
549.000000 317.000000 0.366640 0.130505
35.000000 318.000000 -0.467866 0.132054
56.000000 318.000000 -0.433887 0.132029
58.000000 318.000000 -0.430663 0.132031
455.000000 318.000000 0.215516 0.132959
532.000000 318.000000 0.339417 0.132247
514.000000 319.000000 0.310562 0.134021
524.000000 319.000000 0.326593 0.133934
25.000000 320.000000 -0.484166 0.135339
155.000000 320.000000 -0.274892 0.135901
158.000000 320.000000 -0.270060 0.135930
160.000000 320.000000 -0.266837 0.135949
314.000000 321.000000 -0.015408 0.138602
503.000000 321.000000 0.292888 0.137368
162.000000 322.000000 -0.263593 0.139218
514.000000 322.000000 0.310535 0.138887
588.000000 323.000000 0.429163 0.140051
482.000000 324.000000 0.259075 0.142449
512.000000 324.000000 0.307308 0.142149
515.000000 324.000000 0.312120 0.142121
9.000000 325.000000 -0.510488 0.143582
191.000000 325.000000 -0.216689 0.144384
195.000000 325.000000 -0.210204 0.144424
224.000000 325.000000 -0.163045 0.144691
454.000000 325.000000 0.213828 0.144362
510.000000 325.000000 0.304089 0.143790
625.000000 325.000000 0.489117 0.143376
220.000000 326.000000 -0.169556 0.146286
473.000000 326.000000 0.244539 0.145792
475.000000 326.000000 0.247766 0.145771
491.000000 326.000000 0.273547 0.145604
25.000000 327.000000 -0.484209 0.146688
27.000000 327.000000 -0.480940 0.146675
29.000000 327.000000 -0.477674 0.146664
100.000000 327.000000 -0.363155 0.146780
164.000000 327.000000 -0.260318 0.147362
171.000000 327.000000 -0.249021 0.147434
464.000000 327.000000 0.229990 0.147512
589.000000 328.000000 0.430766 0.148142
24.000000 329.000000 -0.485858 0.149938
583.000000 329.000000 0.421107 0.149770
601.000000 329.000000 0.450130 0.149760
527.000000 330.000000 0.331304 0.151733
531.000000 330.000000 0.337715 0.151698
598.000000 330.000000 0.445283 0.151376
28.000000 331.000000 -0.479330 0.153155
75.000000 331.000000 -0.403269 0.153121
295.000000 331.000000 -0.046662 0.154907
136.000000 332.000000 -0.305338 0.155191
276.000000 332.000000 -0.077883 0.156465
618.000000 332.000000 0.477734 0.154676
52.000000 333.000000 -0.440343 0.156318
89.000000 333.000000 -0.380768 0.156426
133.000000 333.000000 -0.310148 0.156783
191.000000 333.000000 -0.216607 0.157396
193.000000 333.000000 -0.213366 0.157417
195.000000 333.000000 -0.210123 0.157438
26.000000 334.000000 -0.482620 0.158033
259.000000 335.000000 -0.105752 0.161260
261.000000 335.000000 -0.102475 0.161273
584.000000 336.000000 0.422702 0.161096
589.000000 336.000000 0.430757 0.161089
609.000000 336.000000 0.463110 0.161115
613.000000 336.000000 0.469612 0.161132
501.000000 337.000000 0.289510 0.163339
633.000000 337.000000 0.502348 0.162909
476.000000 338.000000 0.249248 0.165244
531.000000 340.000000 0.337624 0.167889
535.000000 340.000000 0.344037 0.167853
297.000000 341.000000 -0.043345 0.171222
468.000000 341.000000 0.236299 0.170204
633.000000 341.000000 0.502394 0.169403
361.000000 343.000000 0.061872 0.174426
400.000000 344.000000 0.125764 0.175796
404.000000 344.000000 0.132299 0.175761
418.000000 344.000000 0.155139 0.175630
455.000000 344.000000 0.215240 0.175225
362.000000 345.000000 0.063505 0.177678
364.000000 345.000000 0.066787 0.177668
368.000000 346.000000 0.073346 0.179275
564.000000 349.000000 0.390493 0.182202
632.000000 349.000000 0.500844 0.182385
607.000000 351.000000 0.459923 0.185411
611.000000 352.000000 0.466442 0.187055
368.000000 366.000000 0.073231 0.211758
562.000000 415.000000 0.387088 0.289031
580.000000 422.000000 0.416420 0.300514
582.000000 422.000000 0.419689 0.300536
582.000000 425.000000 0.419724 0.305425
575.000000 439.000000 0.408451 0.328174
568.000000 444.000000 0.397062 0.336243
624.000000 444.000000 0.490094 0.337875
212.000000 446.000000 -0.181227 0.340049
167.000000 451.000000 -0.254060 0.347686
169.000000 451.000000 -0.250823 0.347700
632.000000 451.000000 0.504149 0.350008
635.000000 452.000000 0.509384 0.351881
621.000000 454.000000 0.485513 0.354381
625.000000 456.000000 0.492451 0.357955
168.000000 458.000000 -0.252394 0.358981
564.000000 458.000000 0.390721 0.359077
177.000000 463.000000 -0.237788 0.367100
618.000000 467.000000 0.481155 0.375982
55.000000 468.000000 -0.437279 0.376552
179.000000 468.000000 -0.234519 0.375176
634.000000 468.000000 0.508840 0.378826
48.000000 469.000000 -0.449074 0.378525
60.000000 469.000000 -0.428961 0.378016
627.000000 469.000000 0.496761 0.379971
623.000000 470.000000 0.489931 0.381371
96.000000 471.000000 -0.369508 0.380345
615.000000 471.000000 0.476280 0.382521
54.000000 472.000000 -0.439126 0.383252
57.000000 472.000000 -0.434096 0.383122
612.000000 472.000000 0.471225 0.384017
41.000000 473.000000 -0.461116 0.385581
603.000000 473.000000 0.456013 0.385184
96.000000 475.000000 -0.369582 0.386913
197.000000 475.000000 -0.205309 0.386561
585.000000 475.000000 0.425892 0.387693
40.000000 476.000000 -0.462992 0.390681
