0001010001011000011100000011010100010000100010111111100101111100101000111110011100101000101111000011000001000000101101000011000100011010100000100110001000011010101101100000000001100000100100001011011000000000000010011100001000010010000010110110110110110001
0001101110000000101110100000101101100110101010011111001011111010010011111011010001001010100000010111001001000100010101101110011110111110110001100010001101101110000001110000101110110010011000110101000000010111101100010110010001011100111010110100000110100000
0001101110000000111110100001001101110110101010011111001011111010010011011111010001001010100000010110001001000100010111101010011110111111100001100010001101101111000001110000101110110010001100100101001000010111001100010110010001011100111010110100000110101000
0001100110000000101100100000101101100110101010011111001011111010010001111011010001001010000000010111001001000101010111011011011010111111100101100010101101101111100101110000101110110110000001110101000000010101101100000110010001001100111010110100000110100000
0001010100111010101000011011011010110100100010110111100011101101111110001000111001001100001101011000000001110001001011101011001011100010000101001111010000011011111100000010000111001010100100101110111100111010000000111001101001101011110100111010101101010000
0001101110000000111000000011001100110111001010111111100011110010011001111011010101001010000001010110000001101101010011011011000110110111000001101011001100001011100101110010001110110010100100111100000101010111001100110110001001001010110010110100001110100000
1001010101111010001000011011011010111100100010110111100111101101111110001000111001000100001101011000100100110000001010001011001010100010000000001101010000011011111101000010000011001010100100101110111100111011000010111001101011101011100100111010101101010000
0111001010000101111110101100100101110011001010001110111011010010000101111111010001000010100010100111001011001100010011010000100110001111111001110001101111101111000011110001110100110111010000010000000000010100011100010111010001000100000010000101000010111000
0011001010000101101010110101000101110011011010001110111001010010000101111111000001100010000011100011101001011101110011010000100110001111001001100001101110101011000101110111011100010111010100000001001001010100010100010111001001000000000011000101000010111000
1111000010000101000010000101000001110011011001001010001101000010010101111011000000000011010110100111111001000100111001010000100010010111111100000001111100100101000011110010100100110111010011010000000000000100000100110110010101010000000101000101101010111011
0001010110000000111100001001000100110110101010011010100011110010000010101011011000000110101000010100001001000101010001000100011101101111100001010010001110101110000101110000100110110010000000100101010101000110111000010011001001011111110011010101010100101000
0001111110000000101100001001000100110110011010001010100011110010000010001011011000000111101000010100000001000101010001001000011100101111100001100011000110101010000101110000100110110010000100100111011001000110001000010001001001011111110011010111000100101100
0100111110000100000101000000101100000100111000011101101001110011000001010111001110000100000000000110011001000111010100000100010101011101100001110110001111100110000100110000101100110000011010000101000000110110111100000110010111011101001011010100010011101110
0000101101000100111100000000101100100110011110011000101010110011000101110111010110010111100000011110000001001011010100010110011010110101000101111010011110001010010100000100001100110000111011010101001001010110111100000010010010010101011011110100010110000000
0100101111000000111101000000111100100110011110011000101000110111100101110111010110010111100000000111001001001111010100010110011010110101001101101010011110001010010100010000001100110000001010000001001001010110111100000010010010011101011011110001010111001000
0100100111000000111111000100111100100111110110011000101100111111001010110111111110010111100000000111001100001111010101010100011000111101101101100010011111001110010101100100101110100000001101100000101001010111001100000010010000011100110010010101010011011100
0100001111000100111111000100110100000111110110011000101110111111000010100011111110010110110000000111001000001111010101010100011000111001100101110010001111101110000101100000101110100011001101100101101001010011001100000010010000011100110010010101010011011100
0100001111000100111111000100110100000111110110001000101100111111000011100010011110000110110000000111001000000111010101010100011000111001101001100010001111101010000101100100001110100000001100100101101001011011001100000010000010111101110010010101010011011100
0001000111011010101000100010011100110101001010111110100111110100001111111001110000001110100111001011000001101100011101001011001110110111000001011011000100011010110001111100010011010011100100101110101000010010110010101010001011111000100010111110001100101000
0100101111001000111000110110111101100110000110100101111010110101011001110011011111010000100101111110101011011111001110011110100110011101011001011000110111011001011100000110011100001110001100100001001001110000101100000010100000001001001100000100011011111100
1010111111101010111100110110111001101110010010100101111000110101101000100010111111010010110011111111100111111011000111010111101010010001011101011000110111001001111101000010001100001110101111001111001101011011000100001110110010001000010100010110011011000000
1010100111101010111000110010111001100111010110100101111000110101101001110101110111001010100011111101001101111001100111010111101010010001010101101010111111001001111001000010001100001100001101010100111101011011001100000110110010101000010100111100011011000000
0110001111011000011100110110111101100100010010100100111000110101011000110011011011010010100101111110101111011111001111011110100111011101111000000000100111011111011010000101111100001111001100001001001001010000001110000010100000001001001000000110010011011101
1010111111111010011100110010111001101110010010000100111000110101001000100010111001000010110111110101101111111011101111010110101110011010110100010000110011111101011011001001101100001100001101001111001101011010001110001010100011001000000100010111000011001101
1010011100000000001100000100100011100110111110000001101010110011100111000011010110010000100001100110001101110101000101011111000011011101111100110110110111101101101111100100111110011110011011100101010101110100011100000010110000010001101100100000010011000000
1010111101000000011100010100101011100110011110001000101010010111100101010011010010000001100101101110101001110101001101011111100011011101111100010000100111101101001111100100111100010110001001100101011101010100111100000010010010001001001111100000010011000000
1001011100111010101100100011001011111000101010111010010111111000101100101100111000000001100111000001001001001000001001000011001011100010110101111110001011111000111001110001001111110011001100001011001001111110010110111000011011111010100110110000001101011001
0001010100111010000000110011001111111001101000111010000011101000101100101100001000000001001101001001010001011000001000001011011111100110010000011101000010011001111000110111010011010011100100101110011101111100110010111000001111111011100111111010001100110001
0001000100111010000010110011001111111000101000111010010011101000111101111000100000100001001101001000010001011001001010001001000111000110010000011111000010011011111100110011000001010011100010111110110101111101110010111000001111111011100011111010001100110011
0100111001000000101010000100110110000110110010001000101011011111100000100111001001001011110000011110111111000101010101000000010101111111001001000000010111100110000101000100111110100101001101100101011001110010101100100010110001011101101000000001100011000100
0001111000000000110011000101110111010110110001000010100011101011110000101000001001000011010000110110010110000001010111011001010001110011001101111110111101001111110111001010001110101111110111011011010001110010101100110100111111011111011000100010100011010110
1111010101101101010011011111011010010011101001110011100101011100011010101010101000100111111111000101110010010101101000011000100000000111001001101111001100010010111101110110010000011000110100000110111001011111000000110101101100000010011100001011101000110110
1111010101111111000010011111011010010011101001110011101101011100111010001010101010000110111111000101010000010101101000001000100000000111001101101111000100010000111100110010000100011000110100000110111000011011000000111101101100100010011100001010101000110110
1011111001101000110001010111110011010010010100100111100000101111111000100000101011001101110001001100010101110011000010011011011001100001001101001110110100000001111100000010001110001111110101001011011001111011000100100100101110001011111101111010100011000110
1011110001101000110011010111110011010010010100100011100000101111111000100000101001011101110001101100010101110011000010011011011001110001011101001110111100000001111100000010001110001111110111011011110101101011000100100100111110101011111101111010101001000110
0111000001011111010111111111000110010001101001110111111101011000111011111011100010001100111111000111110000111010101100011101101100110111001000101101001100010010111000111110010110001010110100010100101000100010000010011101001000100000101110011010111000110110
0100111110000100100010000000101100000111001000001000111010100011000101100111000000011011000000011011111111001111010100000100111101111101100101010000010101100110000100000101111100100100011011010001010001010110111100100110110001011100010001010101100011001110
0100111100000100100000100000001100100110011100001000111000100011000100100111001011011011000010111011101111001111010110000100110100011101000001010000010101100110000100000101111100100110011011000011000001110110111100100110110100011100011001010111110111101010
0100111110100100100000000000101110100110001000001000111010100011000100100111001011010011000010011101101111001111010100010100111100011101000101000000010111100110000100000101110100100100011011010011010001001110111100100110110101011100011001010001100111001010
0100001110000100100111000100101101000111001100001100101110100010000101010011000010011111010000111110111011000111010110010100110101001101110001010001100101100110000100010000111100110110011010010001000000000100110100100110010100010100010011010101110010101110
0100111100000100110010000000001100100110001000001101111000100011000100100111000011011010000010011111101111001101010110010100111110011101000101010001110111100110000100010101110100000100011011010001010011001110110100100110110100011100011001010101100111101010
0110010111111010011110001000111100101100110111001100100110010101011010100000111110011100100100010000101111111010101001000100001111111000100000100000001001111110001110101000111111000110001110101111111101101001010110001001000010111001100000001111010001001001
0010011111111010011110001100111100101100110111001000100110011101011010000000101110011101110100010000100111110011111001000100001110101000101000100000001001111110001111001100111111100010001110101111001100111011010110001101000000111101100011001111010111001001
0010110111011110011100000000111101101100100111001001011010010101010010000011011110110100100100100000101011110110111101001110000111011100110000000000101001111110001111100000101001100110001100100101111110010001001110001110000010111001110000100101010011001001
0100101110000100110010010000001100000110011000001101111110101010000101110111000111011010010010011111111111001111010111010100111010011101000101010001110111100110000100010101111100010100011011010000000001010110100100100110110101001100010001010101000110101010
0010011101011010001110001100011100101000010111011000100110011100011110000000101110011101110100000000000101100001111001001100011111101000101000100000001001011110000011001100111111110010001110101111001100011111110110001111000000011111100011100011010111001001
0001011000100001010000000011000110110000000000111010110101000110001100101100001000100101001000001000010000100001010000101011110111001011001000001100000010001010100100101101010001010001100100101011011101111000110000110000001101010011000011111010000100010000
1100001110000100110101100000101001100111011100001000111110101010000101010011000010010011100000101110101111001111010100010100111000010101010101000001110111100100000000010100110100010110011011110101000001010110110100000110110000011100000101010101011011101010
1100001110000100110100100000001001100111011100000101111110100010000101110011000110010000101010101110101111001101010101010100110010001101110101010001110111100100000101111100110100011110011011110101000001010100110100010110110000011100001101010101010010101010
1001111111100000101001011011011000110011000110100110110011110110101100101100111011100010100011011001000001001001001010010011010010010001000101001110110110001001111100001011000000011100100101101111011101101000110100110000101000001010110100111110011111010000
0100001110000100110110100000001001100111011000000100101110100010000101010011000100010000001000100110101111001101010101010100110110001111110101100001111101100100000110010100110100110111011011010000000000010100110100010110110001011100001001010101001010111011
1011000001100111101011011011011000010010110110110010100101110110001011111100110000000111010111000101010001010010101000110001101000100011001001101111001110011000111000100010000110101011110100001010101010011010000000100001001110101010010110111111101100010100
1010111110100000101110000100001001100011010010001000100111110011000000100110111001000011110000100101001111001101010001010010001010110011111101100010111111101101010111101000100110110110001001110111010001001110011000000010110001001100111100100111000011011000
1111100010100010101000111010110000101110010010100010000010110011001001010010110101010101101011010110001000010100000011110000001000100011000101111010011111001001011001100010000000001101000011111100100110100011011000001011110010101001010100011101011101011000
1110110110111010111100111010010001101110001010100000000010110101001001000000111101010101101001000000101101010100000011100000101001100110010101101000011011011001011001100010000010011100001111100110101110101011011000001001110001101011010100110101001101111000
1010001011001010110101110011000000000111010100110000000111110100001010010010100011000101110111000111010000011010101101010001001000100011000101101011001110011000111001100010001110011010100101101110101110110110000100011010100110100000100100011111111110110110
0011110110111110000110010011011110111001000010100010110110100100011100101000101001010011010111001101100010011011001011010101001110101000110000010001000010011011001001101001000101001100100010001110100001101011011010011000101101100010000000111011110000011001
0010110100111110000010111011001011101101001010100000000011110000010100001001001011000101011101100001111111010000101001000100001111101100010001100101101010110101001001011110100111011110011000100010111010001101010010011001100100100010000100111011100100101001
1110001110000100110010100100001001100111011000000000111000100010010101010011000000010001000000101110001111001101010111010000110010010111011101101011110101100101010011010110101100111111011011110100000001010100001100100110110001011101010101000101101010111100
0110011101111110000111110011011011011101111101110000000111011100011010101000101110000001110111100101011001011010101000000100001100101010010000100011101010110000001000110000001111001010011100101110001010011011000110011000000100101010100110011011111110011101
0001111100000100101000010000110100010110101010000011101001110111000001111111010001000011010001010110011010000101010111010011010001111111000101111110101101101011100101110110011100011100010101001001011001010010101100100010111101000101011000110100100111110100
1100001110000101110010110100000001100111011000000010101001100010010101011011000001000001000001101110111111011101100111010100110010000111011101001011110101100101001011011010100100011110011001110000000000000100001100100110110101001000011101000101101010111010
0111110100111110000011101001001110011100110000101000110111001100001000101100101001011011011110000000010101011000111011001001001000100010100000111101011000010010110011000100010011011010110010001010100001011110101010111101101101101110001011001011101100000111
0111010101111110000111111010011111011101100101111001001110011100011000111000001110000000111111101000010001011110101000101100000100001100110000010111100000010011001010100001000111000010110100101110101011010001000010001001001100111010101010001010110100111111
1101101100000100110001100101000011010111111000010010111011001010000001111111010001000011000010111111011101001101000010010000111000010111011100001100110101100101110000010111110100011011010001010101000001000110111100110110111101001100001111010000101010100100
0101110100111111000011101111001010011000101001110111111111001000101000101100101001001011011010010001010111001000100110001001011100100010001000111111011010010111110010010110110011101010110001011010100000011010101010111101101101101110001101001010101100110111
0100000101010000000101101010111110010000100111111101011100011101111000010010111110101010111110000000010000101110011100101110000100011100100000010101001001011010100010101001000001100000111100101110111000010001101010001111001100110000101010100010010101110111
1101100111011010010001111010110000011001000101111100111010010101101011110001110111010100101111001011010001111010001110000010100000010000000000011001000010011001111000000010000101001011100100011100101110010001100010001011000110100000000111011101011100010111
1010100001101010000001110111010011100111111111100000111110010100101101110101110111011011100111111011100001011011101110010111100010010101011100011101110000011001111100010111000100011110100011010110101001010100010000010010110000001000001101111010011100110000
0110000011111011100001111110110000001011110101010101011000011111101011010100110110110010100011011001010000010010000100001011001000110000011101011011010011000010111000000111011011001101101101101100101000011000000100001010110000101000101001101100011111000110
1100101011001001011101110110110001100001010111110101001100010101111010010100111110110100100111111111001100010010101100101110111001110001011100001010110101011000011100001011001110001001001101101111101100100001100100000110110000110000100101000110010111000010
1110001011001011111100100100110001101000000111010101001100110101111011010100110110011000100010010111001110101010100101110110111011110000111101101010011101011000110000000001001110101000001111001001101100100011000110001110110000110100011100010100011011000011
1010001011011011111100100100110000100000100111000101111100110101101011110101110110011000100011010011001101101010111101100110110011110001111101100010011101011100110001100000101011101100001111000001101000100011000110001110110010110000011110010100011011000011
1000001011010011111101100110110000101000100111111101011100010101100011110101110110101000100011000011001001101010111101101111110011010000101101100010001001101000100001100000101001100000001101000000101000100001000110001110010010110000011110110100011111000001
0000101001011001111101100010111100000001100111111101111100010101101100010111011110111100100010000011000000101110010100001111111100011000101001110110001001011110100100001001111001100001001100001001101000110010110110001110001010010100011011110110010111000000
0100011011000101000101000100110100000111010100001101001100011111100010000000011110111100100000001100111010110011010100111110100101011001101000010000100101100110100110101101111000000101001100001011011110000010100100000110000110010101000000000110110011010110
0100011011000101000101011100110101000110110100001101001100011111100010000100011110111100101000101100111010110011010100111110100101011001101000010100100101100110100110001101111000000101011100001011011101101010100100000110000110010101000000000110110011010110
0100011001100101000101010100110101000110110100000101001100011111110010000100011110011100100000101100110010110011000100111111100101011001101000010100100101100110100110001101111000000111011100001011011101101000100100000110100110010101000000000110110011010110
1110001111000100000111010100100001000111011101000100001100010010000001010011000010010011110001101111111101010111001000010100100001010101011101011001110111100001011110010110110100011110011001110101000000010100000100000110110000000000000101000101011010101110
1000101011000011111100100010110000101001000111111101011100110101100111010111010110101000100010010111001001101100011101001111111111011000111001100110001001101000100001100000101001100000001100000001101000100000110110000110010010110000010110110100010111000001
0110001011011100001010100110111101010000011011100000111100010100000001110111001010000010110110101110011001011111101100010000100100011111011000000011100001110100001000010111101100100011011100000001001101000000000110100110110111011000000100000101100011101101
1000011110000000111110000000111001100111000010010000110111101111100100100100011100001001000000110100001101101001000101010111111011011001110101100110110111101100100001001001101100101111001111001001011001110010010100000110111111011101010110110101100011000000
1000011110000000111111000000101001100111000110011010110111101011100101101100001110011001000000111110001001101001010100010111011001111001110101000110110111101100100000101000101100100010001011001001000101100010110100000000011010011111010111110101110111000000
0100011111000000111100000100111101000110010010001101111110110111100000000100011010000100110000111100111011000011010101010110100111011001111001010000100111101110001111001100111100000110001100000011011001110000100100000010100000011101000000100100010011001100
1110001010000101000111000100000001000011011101001000101010010010000001010011000011000111110100111111111001010101111111010100100001001111111100010001100101100100000111110100100100110110011001110000000000010100100110010110010000011100000111000101011010101111
0000011111100000110010000100111101010100110000001010110111111111010000101110001000000101110000111100111011000101010000010011110101001011000001010000100101101110100111100010101100110110001100001011011001111001100100100010001101011101010000100111100011001101
0001010100100000101000001001001110100110111010001011100011101010100101101000110000011100011000010000000100100001010001101001011011100011100101110111011100001110100101011000100000110001110011111010110111011110111000110101010001110111010010111000001100000000
0100000001000001110100000100101110100010001000001000001101110011110011010011000000100101100000011010011000000101010101111100110111011111101001000010000111100110000101110000111000110100001100000001001101100101100100100010010000010101011010000001110010101000
0001011100000101101001000000110100110110100010001001101100101111010100101010011110110010000000011010010110100001010000110101110101011001100001010110000111101110100100000000101000100100011010001001011101100011111100000110101111010101011001110110010011001000
0100010011100101100111000000100100001011001100011000111100111111100011100101001110111011110010010001011000101110010100000100111101111100100001110010001111100110000100111001101010100000011000000101111011000110100100000110010110111100011011010101110101100110
0100011001100101100111000100110110000010010101001000101100010111010000100010001110010101110000000000011010000111010100010100111101111001101001010110001111100110000100101100111010100101011100000011011011111010100100000010000100010101011000010011110111001110
0000011001000001000101000100111110000010010101001000101100010111110010100000001111010101110000010100111010000011010110010101101101111001101000010100000101100110100100100100111110000100011100001011011001100011101100000010000100000101001000100011110011010110
1100110000101011110100010010100011001011010000100101011000111001110011000101000111011110110001111100111010010000001111010111101101101001011101000100100101110101101001111000101100001111011011010001110010001100001000000100110100100010011100010000111101010110
0111110000100100110000001101000110110110011000011111100111100010001110101110110101001110001000000101010100100101010011010010011010100111001001111111011110000111100101111110000110110011110001110110110001011110010000110101101111001110111010011010101100110010
0111001111011110101101100000101001011001101001011111011111111000010001111011000100101010100111100011011001001100111100001000100100011110110001100010101001110100000010110001101101110010011100010101001011010100000110011110010010011000011010010101000010101101
0100011010010111100111100000010100001001001100001000111100101111000100100111001110010011000000010010010101101111010100000100111100011100100101110011011011100110000100001000101001100000001011000110000111000110110100001010100110011100010011010111010111101110
1001100111011010111001011011011100010111000010110110101000110100101011011100110001000110100111011111100001011010001110010011101000110011000001001001000110011001011000010010010110001010100100011010101110010010100010111001001010101010000110111111001000110110
0100011110010100101101000000100110001001101011011011101111011011000001101111010000000110010000110011011001000101010101000100110101111110100000110110001011101110100111111000101111110010011100010001010000000100101110000010010001011100011010000001100011101101
0001011000000000100101000001000110010000001011011010011101010110100100101011011000100011010000011010010001000001010100001111010101011110100001010100001011101110100111101000101001110000000100001001011001000000110110110010001111011101111011100010100110100101
0010111101100100110000010000111111010101100010000001111011111101110000100000001100100100010100111100111011000011101101010001110101011011010001100110101111100110101111000010101100100100011100001011011101101001001110100000101101011101011000010010100011000101
0100011010010111100111100000011100001111101100001001111100101110000100100111001110110011100000010010011111001111010100000100111000011100100101110011011011100110000100000001101001110100011011010110000011000110110100001110110110011100010011010111010111101110
1011100111000010111100111011010000111111010010110010101110100010101111011110110110010111000011000111000001011010101101010011001010110000000101101011011110001001111000110010000110101111100011111100100000010010011000011011011011111000110110111101011100110010
0100001010000101100101100000001100001111101100001101111100101010000100110011001110010010100000010010001111001111010100000100111100011100100101110011011111100110000100010001101000110100011011010100000011010110110100010111110110011100010001010101010110101010
1010110111100000011111000000111001001101010110001000001110011111110010100100011101111110110110100101001100000010110100011011000001111011110100100000111101101101000110101100111110100110001101110111110010001000001110000110010000101100100110000101000011010101
0011111100111000000110010011011101011100010010100010110110100100111100101100001111010001010111101001110001011011101111011111000111011000010000011101100000011011111111001011011101001110100110101111011011111000001110011100101100001011100000111111110110010111
1001001001000101101001000100110110010011100110011011111001111111010111111111010101100011100000010010011001000101010110011000010001010111001101111110001111001010110100111110001000100001010100111101011001000010110100100010011100011100111010110000100111101000
0101111111100000111110010001011100010110010110001000100010111110100010100100001111001111100000011000110010110011010000000110001111111001000001000000000110100110000100001100110010000100000100001011011001011010101000110001001010001111000000010111110100101000
1010001100011110010110111010001011001101110001110000000111011100011100001010101111000001111111100010010001011000101011001100001110110000110100100110101011010001011001101001001111011010011000101101001010110100001110011011001100101010101110110011111111011101
0001011111011110010000111001001100011101011000001010000111110100100110001011001110000001010110001011111011011100010001000100001110111110001000010100000010110010101011010010111011010110001100100101001000110110110110111010101111111100100000100111100110111001
1001101000000101100001010010110011010011100110110011101001111111011111111010011111000111100001010110010000001101000110011001111001110001001101111110000101001001110100101010001110101000010100101101011001000010111100000010011100011001011110110000111111010000
0010101111000000010001000110111100010110000001101101110000010111001000000100111011101100110101101000010001110011101000101111100101000001100000011000000101000010011010000101011000001000101100001011001101110010101110100000001111000011000110100010111011001110
0011100100111110010011000000101111011101110001001011110011001001100001101100100000101101010100100001111000110000111100000001000101011010110100100100101011110110101110101001111001100110010001111110110100111000001010101100111111100111100000101001100001000111
0001001100011110000111100000101111011001100001011010000111001001000001011001000000010001010010010011011101001000010001000000011000100010110100100110011011110100000001110101111111110010010011111101100010110100100110001000011101111110100011110001100110001111
0011010100011111000010111111001110011101111001101111001101011100111000101010001000101001011100101000110010110000101001101001000101001110001000010101000000110010101111011111010001010100010100101111011100011101000010111101001101000011101000100010100100100111
0011010100111111000010111111001110011101111001100011000101001100111100001110001000101001011100101000110010110000101001101011000101001010001000010100000000010010101111000111010001011100010100101111011100011001001010111101101101100011101000100010100100100111
1101011000100110000011010101000011011110011000001010110111000010000100101000001000000001001000101100110111011001010000010000100001000111011100011101110110100100010000010110110100010110010011111111010001111110110000110000111111011111000101000011100000100010
0111000100011110000011101001001011001100001001001010010011000000110101011001000000101001011100100010111001110100101000111001100101000110110100010100101000110100101011011001100001010110010011110001110101010101011010111101010101100111001001101001101000110111
0101100100100100110110001001000111100110111000001011101011001010110101011001000001110111011000111110101011000101010011111100100111001111110001000100100110100101000101010100110100010111010010110101110001000101100000010101010101000111001011011001101000110110
0101011100001100100011010101000111010100011100001010100111100000000111111000000000000101001100101110110011000001011010110000011101101011011001010100100110110011001110010010110110010111110000011101010001100110110010110000001111010111000001000001100000110010
0101000000100100100010010101001111110011011100000010111100101010100101110101000010010011011000111110100111000010010000010000110011000001011101011000110110100100001010010010000100000110110011010101010001110100110000110000111110011111011001001001011000100010
0010011000011011001100010110111100100000110110111101100101010101011110000100111110001100110100011000100011110001101101001111001111111000001000000100001101011010101101000000011111000010001100101111011001111011001110001100001000011001110010100110110111000000
0111110100111110100011110001001011011001101001010010001111101000100110101010001001100011011000101000010110001000010010101001010001001110010101101111111000110110110110011011100001111111010011110111011001011100001010111001111101100111111001000010100000110111
0110010111011110101101111010111101011111011110101101001111110101000011010011011110001000111111011110111001110110001100010100001100111100010001000100100001110010101000100000001110000110011100100001101110110011000100001111001110101001101000010101110111111100
1100000110000100101010001000101011100111111010001000111110101011010101110111000010010001001010111111101111001101010101010100110010010101010101010011110101101100010101010100110100110100011011010100100011110101110000100111110000011100011100011101001110101000
0010011100111011101100010110101100101000010000101101100101110101111010001100111110001100110100010000100011100001110101001111001111111000101000100100001001011110101101000000101111110010001110101111011001111011001110001100001001111111110000100010110111000000
0000010100111011111100000000101010101100000010000100100101110111111010100100011110001100110101010100001101100000101001011111111111111010100101110110011001101110101111101000101110111110001101001111111001111111001100001000100001111011110010110010010001000001
1000010100101010111100000010101011101100000010111000000111110101100110000000011110001101110101010100011001100000001001011110110011101010110101010110101111101100100101101000101110110010001101000111111000111101111110000000010101111011010110110010010001001001
1100000001100100100010011100011011100111110000000000111100101011110101110110100110010011011000111111100111000111010101010100110010010001011101011001110110000100011011010000010100001110110011010100110001011101110000100011110100011101011101001001111000101010
0000011100011010100101000001101100001100000100011000010111110101101100001000001110100101111000010000011011100000010001100101011101001000100001000110001011111110100001101000101001110000001000001001011100110100110100011000001110010111011001110011110111000100
0001100011010001000001011110110100010000010001101111111000000101111000010100110001101110010110001011110010110011111110101011110100010001001000011101000100001010101110001111011001000000100100001010101100010011100110100101001111100100001000101110101100010110
0001001001010101110011101101111110010110110100000001101000101111111011110000100010011000001010001110110110101010010100101001011000110001001001001101010100000010110010010011000000101101110010111100100100010011111000101101101101010100111001101010101000000110
0101100100000100100011011101000110010111111100001010000101101010000111011001000101000111011000001110110010000011110010110000011000100111001001011111001110000011100100110110000010110111110000110100010001010110110000110001011110000111111001001001101100110010
0110110011110111111101011110010100001000100101110101110000010101001000100010001111010010101001010000000011010110000010000100101101101000001001101000000011000011011100100110010011001101001100001011111001001000000000001001100010101001110001000111010101011011
1101100101000101000001011101111001010000001101000010011000000011100001010101000111111111110100100010011001100010111110110011110000010101011100111111110110000001110010010110010000101101110011010000110100010000010010100101111110100101011101001001111000100111
1100000001001011100111011010110011000010001100110101011100111101111000000001100111111110100011111100010000010111001110111111100000010101010101101111110100010001111100111111000000001001111101010010101000010011100000000111110100110000001100011010111100110010
1100000100000111110000101000101011000110101000000101111111101011010101010111100000001110000010111111111111000100010111011100011000010111010101010100110101100100100011001100111100011110011011010101100010010110100100100111110101111100011101010000101011001111
0110110011111001011110011110110101100010010111100000001100111101000110000010011110100110101101011100101000010110001001010110000111101001111000000000101111111111001101100000101010000001011100100111111110101010001110001011100010110001100000010110010111011000
0000110100011000101000000010111110110001100010110101110110001101101100100000111111011110000100011001100101000001000100001111011111111001100000010100000001011110100100001000001111000010101010101111011001010010111110101000101101011110110000100010100011000001
1011001100100110100101110011000010010111000000110010111111100010101000101100100000011011010011010111110101011001000001000001101000010011000101111101011110000000110001110111000100011000110011011010000011001110000100011000111101001010010101111010101110000110
1010011100110010100101000001101010001001000000011000110100100011110100000000101110011101010000010000111111000001010001001111110001011000100101110100011001101110000011001100111011110101001011111111010001011110011100001000110111111111010001101010000101000111
1100011110011110011001100100101011001101011010000111011001100001000011000111010001101110000010111111101111101110010110011010110101011110011100000000110001110101000010011111111100000111011001010101000000010100110100101110110011100100001101000100000011111011
0001010000100000100011010101111100010010110000101010100001111111111010101100101001001101110001010000010110100001010010100001011001100010001101101110011100001010110100101010000011101000101101101111111111011011000000100100001100101111110010101011100101000100
0001110000100001100011010100111110010010110100101010100001111111111010101100100001001101110001011000010010100001010010000001011001100011001101101110000100000010110110101010000010111100101101111110111111011011100000100000010100111111110011101011101101000110
0101100101000100100011001011011110010110100100111010000110101010111110011000100100110101011000010010010100000011010000101001010001100001000101111111011100000010110100001110011110101010110011111110110000110011001000110000001100010111110011011011101000000110
0010011010111001001110000000100101101000100010011101000101111101010010000000011110010110100100110000101100000001101001100101101111111010110000100000101001111110101111100000101111100010001010101111011011001001001110001001000001010001100000110110010011001001
1000011101111011111101110100110011101110110110000101000100110111100110000101011111011010100011101101101110111010000111011111001111111000011101010100110001101101101011001011101110001111001101100001011100101110011100001110110000101100111100100000010011010001
1000011111001011111101110000110001101110111110000101000110110111110011000101011111011010100001100101101110111110000110011111001001111100010101001000110001101100001010001111101110001111001101100001011000100110011100001110110000101000111101110000010011010001
1000011111111011011110100000111000101101000110001101000110110101110011000001011110001000110100101001001000001010101100011111100111111000110000000000100001111101001010100001101111100111001100000001011010101011000110001110010000110000000111100100010011010011
0100011011011000101001110100111101101101011110001101001010000011000011000111010011010010100010101111101110011110010110010010110111111100011101010000110011101111000010010111111111000111011101010101010001110100110110100010110010001100001001000100010011011011
0010011001011011001100100100110101101101110111011101011100011101110010000100011110010010100100101101101001001010101101001111101111111000111000010100100001111110101001001101111111100000001100001001011011110000011110001010000000011000000000100010010111000001
0010011011011001011101000100111101101101110111011101000110010101110110100100011110011010100100100000101101001001100101001111111111111000111000110010101001111110100101001101111111100010001100001011011011111001010110001010100010011101000000100010010111000001
0000011111111011001101000100111101101101010111001100000110010101110010100000011010011001100100100000001101001011110100001111111101111000111000100010111001111100100110100001101111100011001101001011011011111001110110001100000000011101000011100110010011000001
1000101111000000001000010110111001100111010110100100110010100111001101110100110011010011000001101110100101011011001111010010100010010001011100001001110111001001011111000111011100001110101111010100001101010001110100100010110000001001000100101101001011011000
0100011110000001101110010100100100100101011110000000011100011011010100100011010110110011110000100010101111010101010111000100000011011101001101011000110011101111000111000111111001001111001011010101010101110101110100000010110000001101100000100101010011111001
1000011011000000101110010100110001100111011110000000001110110111010111110111010111110011110001101010101010010101010111110100000011010101001101001000110111101011010111110111011010011110001101100101011101010101010100000010110000001001100000100101010011111000
1000000110001010011000110010111001100110010010100000110010100101001101110111110001010011000111101111101101011101001011110000100010010001010100001000110111011001011011000010011100011110001011010100100001010110110100100010110001101000000100101101001011011000
1000000101011110110101101010111011001110010100111000011111110111110101010011100100001101101011011111011000100100000100000001011000110110110101000110011101100100110000101100111110100010011101000001101100110011100100001111010100111000111111110001111111000110
1000001110001001011100010110100001100110010010100000110001110101011100100011101011110011010101101110101111011101001011110100100011010001011101001000110111001001011111000111001100011110001011000001001101010111010100000010110001000001000100100111010011011000
1000001110001000001000010110101001100110010010100000110001000101011100100010101011110111010101101100101111011001001011110100100010010001011100001000110111011001011011000111001100011110001011000011001001011111010100100010110001000001100100100111011011011000
1010101110001010011000110010101001101101011010000000110011100001000101111011110001010001000111101111101111011100001011010000101010000110010100001000110111101101011011000110111100011110001011010001100000110110010100101010110001101000000100100101001011011001
1110001111011110000011110010111000000100100101100001111110001101001000100110101110010011110111100011110111011111101110000100100000010000000100111111011001010101111010000011001101001110111111001010001001000000000110001110100100001000010101000111110011011111
1100011101111110000101110000110011001101010101000001111010011101000000100110101110111010110111110001011101011011101110010101100000010000110100101110111001110101011010100001101000001100011101011111000001001000000110001110110000101000000101001010010011010111
1000101101111010111011110010111010001101100000010101001010101101111000000010101011111000100010111001100101001010000110101111010000010000000101001101010001010101111010001011001001001111101111101110001000111000101110101110100000000000111101111010101011010111
1011011000000101000100010100100011100110011000001010110101100011000101111011000000101011010001101111111010111101100001111101000111011111111001010000100101100101001101111101111000010101011010110101010001110110001100100110010101000001100100100001100011111100
1010111101111010111011110000111011001100100100010101101010111101110000100000111001101010100010011001101110101010000110111011010000010010010101001100111001110101010000000011101000101101001101100110100011101000011100101000110000100100111101111010000111010011
1001000001100001110011011111001000010011001110110010100101110110111110101100110001001111011011011101010000111000000110111011111000110111001101011111000100001000111100110010000110011000100101011110111100011011110000110000011101101010011111111010101100110100
1101000000100101100011001101000010010010001101011010110000100010111111111001100000010101011010011011010100101110010000000000111000100101101101011111010100000010010000011110010010110001110011010000100110011111110000110101010101110110010111011001001100100110
1101000100110111100011111011000010011010100100110011110000101010111110010000100010010101001011011100010100101010000000000000111000100001000101011011010100000000010000010010000110101001110011011010100100011111110000111101111110111110010101011011101100010010
0000111110100000111111000000100100100110010010001000110010100111010100100010001111011111000000010100001111101001010011111110011101111001100001100010011111100111000101000100111110110110001011100111010101111111101100000010100000001101110001110111010111011100
1010111111101010011001010010110001000111100010110001010110111101011000000000111001001000111101100100000001110001101011111011001001010011010101101000101101011001011101100111011100011010001100000011011101101001001110101010100001000001000110110110000011011100
0000011011000001101001000100110100110010000110001100110000100111100000100100011011101110100000001100000010100011010110110011110101011001001001010010000111101110100100001100111000100101000100001011011001100010111100100000001010010111010010110110010010000000
0100011110100101010110000100101100000110000000001000010100111111000010000100001010110001111100111100011000000001000001110100010101001001100001000010100111000110001111000001101000110100001000100111011001111110100100000110000010010011010010010111010011001100
1011100000100011110000000011000010010111010000100010110100100010101010001100100101011111010001000101010101100010000011011001111001100011001101111011011100000001010001010010000110111010100011011010100110011110001000111000101011101010010101111011001100010110
1111000000100110111000000011000010000111011010100010100001100010101010001000110101001101011001000100010101100000000011010000101001100011100101111011011110000001010001110010000110111010110001010010110010011110011000110000010111101011010110011011001000111000
1000010000100001000000001000000011000001001000000000011010000001100010000111000000100101001010100101001000000101000100011001100000010101010100000101100111100000010110010000100100010000011000000010110010001100000000010011010000100000001100100000000011100001
1011011111111010000101110011011001111101110100110111000110001000111110001000100110011000100111101000100000111010101000001111001011100000010000001000100000010000011010100000001111001010100010101111001110101001010110011100001110101011100111101010111000010011
0011010101111010011001110011011101011100110111110111110111011100011100101010001100001010101101100000010001110000101000101011000101001010010000111110001001011000011000100011000101011010000100101011111111101001010010011000101110100011100001100010000101011101
1011011101111010000100110011011011111100110101110111010110000100011100001000111110111000001101101000000001110010101000001111001011000000110100011010000000010000011010100001000001011010100110101111011110001001010010011001001010111011100111100010010101011011
1100010110111010000010101000111001101101001000001100001010100101000101000111011110111001001110101001101111110110001100101110000010011100110100010000110001111100001010000001110001000110011011100100110110101101111010101111110111111101101101000100010111101011
1011111100111010110010110011011000011111010000110010100010100100101010101000101011010011010111001101110011111010001011000011001010100000000001011100010010011001111000001110000111001010100010101110000110011010000010011000101111101010110101111010101100000110
0000011000000000101110000000100111101100101010011000000011101011110111001101011000111101010000011010001110000000010001001111010111011110110001010110100001101110100101000000101001110101001010100101010000100101110100100100010001011111110010110000000111000001
0000111010000000101110000000100101100110111010001000000101101010010110001011011100001001010000010110001100100101010001100111011111101111100001010010011101101111000101001001101110110001001010100101010101100111111100100010010001010101110010110001000111101000
0000011010100001101110000000000100100110110010101000100101111110011110101110001110000111110001010100000001000001010001010101111111101001100001111010001111001011010101100000000110111110001100001011011011101111110100010000000000011011010010110111010111011000
0011011101111010000100010011011111111100110101110111110110001100011100001000111110101010101101101000000001110011101000001111000111001000110000111111000000011010111110100011000001011000100110101111011111011001010010111000001010011011100011100010010100010011
1110100100111110100011010011001010001101011110110000000111111000101110000100100100000111111101001101011111010000101001000000001001100010010101101111011000010101111001110010100111001110111101110110110110011110000010101100110110101010110100011011101100010101
1011100100011110000100111010111011111110100100110010001110001100101111011011100111011101011111101010010101010110101110000001001010110100110100101111111111010001011000100100000111011010110011111100100010100011111110011011011110101001101111110001111110110010
0001011010000100101110000001000100110110111010101010100111111110011110101010001100000111011001010100000001000101010001010101011111101111100001110010001100001011000101100000000110110110001000001011011111100111010000010000001101011011010010110111100110111000
1000100100101010111000111011011011101011100010010000010010101100101010000100110001111101010011101101000100100000000011011011010010010011010101001101110110011001111011001011011000001111100011011110100000111000101000111000111011100010111100111010101001010011
1001100100101010111000111000101011100011100010010010000001101011101011011000110001110101010010110001101111100000000011101011000000000011010101101101111110011101110001011111110100001011100011110110100000011100001000100000110011100110111100111000101101010100
0000010110010010000000101100101100101100011000001100011000000011000101010011010011110001001110101010111110100110010110100111010110011100010000010000010011101111000010010101111001010100001011110101100100110101111110101011110111110101000001100100000011110011
1110001100011110010101111011011011001100110101110000001110000000101110000010101110010001011111101010010101110000101000100100001000010000110100011100011000010000011001100000011111011010111011110111000100100100110110011001011100001010101110010010111110000010
1101100000011111100010110111001011011001101001111010010001001000111011011001100001101011010110111011111110101000001011001000110000000110011100011101010000010101011011011011001001010000110011010000100100100101101010111100110101100110011101001001101000110111
1001100100011110000110101011001011011100000001110000001110001000101111010111001110111000011111100010010101100010101100111101000100010000110000111110111010010000111000010011001111111010110010101101000100110100001110011111101111001001101101010010101110100111
1010110000111010110010110111011011001001100000000000000000101101111010000100101001100001010111100101110110011000001011011011000101001010011101001100110000011101111011000111111110001101101001001110100000111001001010101000100101100110000100111010101001010101
1010110100111011100010110010011011001001100010010010000001101001111010000100101001100001010011100101111110011000000011111011000001000010010101101101110000111101111000000111111100001101001001111110100000111001001010101000110101100110000100111010101001010101
0001000100011001001100101111010110110010100111111011110100001000101111111000110010110000001111001010000001101000101001001111110010000001101000001111000110011010111001010000000001100001100010011010100100111011110010111001001000111010010110101010011100110000
0110000101011110010001110011011110011101100111110001110110000100001000100000111010110010111100001000110101011011001000000100000100001000000000010001001010010011011010001101010001001000110110101110001000011000100010011000001110101010100111001010011101011111
0010010111111010010001111000111110001101000101010000110110010101001000100000101100100001111110010001110110111010101000001010000000101010000000100000011010010110101010000111110001000000111101101110100100011000000010101001100110101110100100001010101101000111
0101101101001100000011101011111111010100000001110000001110001001101011010000001110111001011111111110110110100010101100111101000101010001110000100110101010010000101010010001001001101011110010111101000100110000001110111001101111010001111100000000101010000111
1110011100111010010100101010011011001000001101011010001111000001100100000101100100110001010110100000111100011111101100100100000010010100110100100101011000111100110000110101110001100010011011110110000001101000000010001011010110010000101110001010111100100011
1111101110000100101001111100101001110000101011001111111001101010000001011111010001000000000101100110101011001101110101010010100100011111011001111011101101100100001110110011101100110110010011010001000001110100001100100111010001001001010000000100001010111011
1101000000000101101001001101001001010011111000000111000001101010010011011101010000101100001000111110001000100100010000111010010001100111011101011111110100100000110110011010000110111110010001110000110000010101100000110101011001010011111111010100001000100110
1101110001011111000011110111010011011001100001100111011000001100111000000100001011101000011101101000110010111010101110111011100101000000011000011100110000010001111010001011000001001101110100001011011011100001101010111100101101000011001101000010101000110111
1111100000011111100011110110101011011001101000100111001001101000110001011001100001101000011011101011111110111100001110101011100000000110011101011101110000000001111010011011010001001100110001010000100000100101001010101111110101100100001101001000101100110111
1111100000010111100011111110101011011001101000100111001001101010111001011011100001101000011011101011110110111100001110101011100000000110011101011101110000000001111010011011010001001100110001010000100000100101001000101111110101100000001101001000101100110111
1011100000001011010011111010100011011111110000100011010001101000110001011001000001000000111111100110111001010000101011111001101001000010011100101100110001000001111001110011001100011100010001111001110100100001001000101100111000100011000100110000101100010100
1011010001100011111000011111011000110010100111110011100100111100111010001000111010001100110011010000000001110000101001001011001010100011001101101111011100001000111001101010000110111011100101111010111100001011000000011001101000111010110100111010101100000100
0010010101111110010101110011011110001001000101111100110100010100001000000010111110110011101110000000110111011010101000000100010100001000000000100101011010011110000010001111110001000000111100101110101000011001010010011000101110101110001001001010010101010111
1110100101000100000001111110111001011001100101101101001100001101100011010000011010110100111100101110110100010010101100010100000001000001010100001100100011000000111010000001001000000101010110101101110000010000100110100011011110110001110010000000110011000111
0110101101001100000001111010111111000000100101111101001110001101101011010000100110110101111100111110110110100010101100110110010001010001010000010100110010010000111110000001001001100001110100111101010100110000000110100001000110010101110100000010111011000111
1101000010000001101001011101001001110111111010000111001001101010110011011101010001101100001011111110000000110010000110011010010000100111011101011011110100001000111110011010000110001110100011110000110000000011110000110101111001100010110101001100001000110010
1101100110100010101010101001001000110010101010011111111010101010110101111111110101011010001010010011000111101111010110101010111010010101000101101011011100001001110000011010000100101010100011010000100001001111111000110101111001011110011101011100001100110010
0010010101111010010111111000011110001001000101011000111100010101001000000010101110100001101010011000110110111010110010000111000100001000000000100101010011110110000010100111110001100000011101001110101100011001000010001001100010110110011001101010110101010111
1110100100011010101110101000001001101111101000000101001010101000110111010111110001011010000010000011101111111100100101001010001010110100110101110101111000010101011001011100100110111110110011110000100000010101011000001111110000101100111101011100001100100010
1011010110111010001011010011011001111101100000110101000110101101111110000100111011011110000111010101100101110010001010011011001001100000010100111100110000011000111000001110011110001010100011101111010000011011000010011100101000101010100101110110010001000111
1010110100111010000111010011001001001101110000100101000010111001111010000100110010011100101101011100100111110000101001001111001001100010010100011100111000010100111001101110110111001110100011111010110000111101000000101100110000101011100101111110011101000111
0010000101011110110111110011011110001001101101111000110100010100011100000010111110010111101110000001100111010110011100000100100100001100100000100101001010011111100000101101110001100001111100000110101000010001110010011010101100110100001001101010010100110011
1011111011100011101011011011011000110111010110100111100000111111011010100100111111001110100011001101100010111011001010011011001000110001001101001001010100001011011100101110010110001100100100101110101010011011010000000101101000100010100100111110010111011000
1011110011100011101011011011011000110110010110100101100010111111111010100100111111001110100011001101100010110011001010011011001010110001000101001000010100001001111100001110010110001110100101101110111010011011010000100101101000100010100100111110011001010000
1011100111100010101011011011111001110110110110100101100010101101111111000100110111011110100001011100100101110010001010111011001011100001010101011001110100001001011000001110011110001110100111111010111000011011010000000101111000100010100100111110011001010010
1111100111101010101011111010111001110110010110100101100010100001111001010100110111011100101111110110100111110010001110110010101010100001010101011001110100011001011000001110011110001110100111011010100000111011010000001101110000101011000100111100011000010010
1100000111100010101000111010111000100111000110110101001110100011111111010111110110011110100011011011001111101110000110001110010010110101000101011011010100001001010000011110000010001010100011110100100000011011110000001111110000111000111101111100011100010010
1100001111000001101010000100111000100010001111001101111100001111010101010111110110111110100010010011001100100111010101111110010010010101001101101010010101101110010111001000101000101001001111110100101000010101110100000110110000010100110110100100011011001000
1110000110011010101010111010101001101101100000000101001010101001111101010111110010011000000110101011101111111010000100001011001010110100010100011001110000011100111000011111111111001110100011110000100010010101011110101111110001101100101101011100001111000011
1000011111111011100011011000110000000000000111101101001100010101111010000100101010100100111100111000111010000011011100101111110001001001000100010000010011110100100110000011101001000001001101100011011101101001100110100011110100010101010100100111110011010101
1010010011001011001111110110110001101000000110100101011100011101110001010101010111111010100111100001101010110010101110111110100001010000011100011000110001111001011010101111011001001100001101001001111010010001010110001110110000100000000100100100010011010011
1010001011011011001011110110111001101100110110100101011100011101111001010100110110111000100101101110100010110010101110111111000001010000010100011000110001011001011010001011001001001100101101001001001010110001010110001110110000000001000100100100011011010011
1110100110011010001010101000101001101101101010000101001010101001110101010111110001011010000010100011001111111100100111011010000010010110110100110011111001111101010011011001101111101110001011110100100000110101011100001110110001111100111100111100001110100011
1110101000100101100011011101000011000110111000000100000100101010010111110001100101010111011000100111111110011001010010111100001000100101011101010001111100100101000100010111110100011111110011010000010111001111111000110101110101000111101101001001001000111110
0100010011000101001111001110111011000011110111000000001100011101011010000000011110110111110100110101110100000010001000010100010101001001111000010100100101011100111110000101110010001000011100100011111000000001100010000001100000110000101000000110010001001110
0000011001001101001111001110111011000011110101110000001100011101011010000000101110110110110100111100111100010000001000110100010101001001111000010000110101011100100110000101111000001000011100100011011000000001101110000011100100010101001100000010010011000110
1100011001000001101110100100110011100011010101001000111001001111110100000000100100100001000010111010011100000010010100100101110011010001111100010010110101100100010100000001101000100001001101011011000100111001110100100000010101010001010110000001100111000010
1000000111011010101110111110111001101011000110110101001100100101100111010111110110011100100011011111101110111110000101010110001010110100111101010000010101111100011001000000101010001101001011110100100000110111010100001110110000111000110100110100011111001000
0001110001111010101011101011010111011000100011111010010111001100111000001000111001101101011110101000110001100000001010101001010101001010010000001101100000011001101010001011000001000010100100101110111110101001101010111101101101101111110000111010100100010101
1010010011110111100111010100110000001010100100000100001100111111010011000101011010010101111000101000111010001011010100101100110101011000010001010100000001100100101010000001101001101101001100001001111101101001000100001111110100110001011100000100110111010010
1101101000000101100011011101000011100111111100000001001010101010111110110010100001110001001010101110100110111001000010111001101000100101011101011101110100000101010100010111110100011101110011010010000111100111111000110101111101000111001101011011001000110110
0010010111111010001110010010011001101101110010100001000110011100011110100100111110011110100111101101100011110000101001011110001110101000110000000000100001011001011011000000000111011110101110101110111010011111010010001100100000101010100100101110010001001001
1001000000000101100010111011000011110110111000100011000000101010111111011001100001111000001001101110100010110010000110111001011011100101000101011001100100000001011100011111010010001101100010111100100110110011110000110101111101010011101101111000101100100010
1110100000100110000011011101000011000111111100000101101110001010110111110001100101011110001010100101101110111111000100111000001000110101011100010001111100100101010010011111110110011111111011010010100111101111111000010101110000100110001101001000001000110110
0011001110011010001110100011001101111101011011111011000111011000011101011111010100001000001111100011000001011100101001001110001110100110110000110010001000011000001001110101011111110010100000110101001010110111010110011100001001011010100110110100001110101001
1010011110111010001110100000100001101101000010000000000111101101010110000111011010011000000110101001101110011100101001001110001111101010110100000000110001111100001011000101111011011111001011100101001000111101110110101110110001111110100100100100000111001001
1010011110011010001110100000100001101101110010000000000111101101010110001111011010011000000110101001101110111100101001000110001111101010110100000000110001111100001011000001111111011111001011100101001000110101110110101110110001111110100100110100000111001001
1010011010011010001110100000100001101101110010001101000111101101010111001011011000011000000110101111101111111100101001101110001011101010110100010000110001111100001001001001111111110111001011100101000000100101110110101110110001011110100100110100000111001001
0010011010111011001110000111000100101010000011111001110101011100001110001100111110001100101100000100100011101001101001000110101111101000101001110010001001111110001001000000100111110001001000000011011011101111010010011100100001111011010000110110010111001000
1101100000000101100010111111010011110110111000000111000010101000111111011001100101111000001100101110100110110010000110111000011010100101010001011101110100010001011010011111010010001101110010111100100110110011110000110101101101000001101101011000101000100010
0011011110111010001110100011001100111101111011101011000111011000011110101000111000001010001110001001100001111000101001001110001110101110100000000001000000011010001011110100010111010010100010100110101011011111011010111100001001111010100010101110000100101001
0011010110111010001110100011001100101101111011101011000111011000011110101000101000001010001110001001100001111000101001001110001110101010100000000001000000011010001011000000110111010010101010100110111011011101011010111100001001111010100010101110000000101001
1111100010000000011000000101000001110110111011001111001011001010010011011011000001000000001100100110001100010101111011110000000010000111011100000001111110100100001011110010100110110111000011110000000000100101101000110111010001001001000110000101001010101000
1010111110001001101000110100101001101101111011000111010001001011010100101001011001100000000000110000101110011001010011110010100011001010011101100000111001101100001111000011101000011100001011000101010001110100011100110100110001000111010000100100000011001001
1010011000100001100110000000100010000110110000000101110101101011110100100100100100011000001000010000111111100001010101101111101001110011100101010100011101100100010101001100111000110111011011010011010011111101010100100100110101011101011101110010100111000010
1111101010000100001000110111000001110110111011001111101011000010000001011011010001001100000101110110000001110101111011010000110010000111011100101001110110001000010111110010010100010110110011010000000000100001001110110011011001000101100110000100001010111000
0001100000010000001000101101000100111100011001001111000011000010000111111111010001101010001110101010000110100000111011101010010010000110001000011011110010001111000111010011000001110100100010010000110000010100101010111101011011000110100010101100001000110001
1010011111110000101110010000110000100100010110010101000110110111011110000110111010101100100001011000000000100011010001101110110011001000000101001010010001101110000101101001101001000101001101101011011111111000010100001110110000010001010000110110010111001001
1001011010000001101000100101000001100110011011000110010101000010000101001011010000111000000000110110101110000001000001110010110011000111111101001000111101101100010111010011101000111100000011010101010001100100111100110000110001010111010100100100000010101001
0011100100000000101000011101001100110000001001101010110001100010001101011110100001100111001011110010000010000001110011110000110000000111000001101011111110000011010111110010000000111100100000110110110001010100011000110001001011000111110010001011001000111001
0001111010000001111000010101000100110110011010000010010001000010000101001101010001100100001000111010100111010001010001110000110011001111001001001000110110101110001111010111110000011101100011110101010000100100111000110000111011000111000000100100000000101000
0000111110011000001100010101000000100110011010001111000001110010000110101110011001001100001010001001101011110101100011000110001111101010101000000000010111111111001101000100111110010110001011100111011100111110111100111000100001011010100000100110000111001000
0011000010011011000000101011000110011000001000111010000001100000001010011010100001000111011110000011000000010000101001000000001100100110100000000001001010010010001000110000000011110001100000110010100110000110001010111001001111100010000010011011001100100001
1001000010000001101000000101000001110010011011000111110001100010000101111111000001100100001000110110001110001101100011110000100010000111011101111011110110100100010111010011100100111110100011010000010001100100011000110001111011000111010100001101001000101000
1111100000000001000000010101000011110110011001000110010001000010000111111101000001101010000011101111101110010000100011011010000000000111011100011001110100100101011011010011000100011111100011010000100000000100001000110100110001000010000100001000001000111001
1011100010000001000000110111000001110011011001000110000001000010010101011011000001001010000101110111101101010000101011010000100010000111011100101001111100000001011011010011010100011110100011010000000000000100011000110110111001000000000100000101001000110001
1011101000000101010000111111000001110011011001100110010001000010010101011011000001001000001111110110100101010101101011010000100010000111011100101001111100000001011010110111000100011110100011010000000000000100011010110010111001000011000101001100001010110001
1111100000011011011000110111000001011001001011110010110001000000001001111111110001100010010111111111000001011101101011000000100010000110011100001011100010010000011011110011000101011000100010010000100001000100001010111001011001001010010110001000001000101001
0101100111011001011000011011001110110001001000111010010001010000001011111011100001000011101101111010000001010101001011000000100110000111000000001011000110010011011101110001000111010011100100010000001111000110100010110001000010001011000110011011101000101000
0001100000110001100000111011000100111000001001111010000001100010001011011011100001100111001011000011000000000000010011100010011000100110000001001001010010000011000101110010010011010001100000110010100100011110111000111001001011100110110010111101001100110000
1001100100000011111000111011001001110110001010110010110011100010001101011011100001000011011011111111100111011000000011010000110010000111010101001011110110000001010001010110010100011010100011010000100010010100111000110001111011001110010100111001001000110000
0100000010000100101110100000100100100000001001011101001100000010000111010011000000010000001010010010001000000100010101100100010110001111100000000011001101100110000001110001100001110011011011010000000110100110110000000110010001010100010011000101010010101000
0000011001000001011100000000111101010010100011111011110001011111110000101000011000001000101101100100001000100001011001111111100111001011110000000110101101101010100111100000101100100011001100001011011111101001000110000000001000010011000010110010110011000000
0001111101000001011000000010111101110010100011111011100001011111110000101000011001001000101101101100000000100001011001111011100111001011010000000100100101101011100101100000001100000011001100001011011111101001100110100000001000010011000010110010100011000000
0101011001000101001001010100110111010001110111000101111100001111000000101010011010110010110000101101110000011111010100110000100101011101011000000100100111101011100110001111011000000101010100001001011011010000100100100010101110010100001000000110110011110111
1100111100100100111101000001001010000011100000111101110010111010101000100000100101010010110001010101000100101011010001010100011001100011100101100011011110000110010101100000101110100010110001011111010101001111001100010000000000011010110110011010011000000110
0000011011000001100101001100100101000110011100001000011100110011100001010111001010100001111000101110111011000011010101011111010101011101111001000000100101100110000110000100111100010111001100001001011000110100100100000010110100011101001001100001010011110110
0001000000000101100011001100110101010110011000001010111101100111000101011011010100010101011000000110011011100100010110011011111101101101101101111110111111101010100110011110011110110101010011001101010100110011111100000010011111011101010011110000100011110110
1100011101100100100111000101000110000110011100101000100110110010110011100100100110011111110000000110010000010011010001010100100001110011101101110001100110000010000101110100111110110111100001010011010011111110100100010101010100010111001011011011011010011010
0000011011000001101101000100110100000001010110001000111000110111000100100111001110111011100000110111001000001111010100010111110101011001101001010010101101101110000100101001111100100100001110001001011011000010111100000010001000010100011011100001010011001100
0100111001000101101100100100110111100011011110001100011001110111000101010111011110000010100000110111001111000101010101010110110110011111111001110110101101101110100101101001101100100001011100000001001001000000111100000010010000010100011010010000110011101000
0100111011000100100101000100110110000111010100001000110000110111000000100000001010000011110000011100011011101011010000010100111101011001101001010010001101100110000100101000101100100111001100000011011101011110101100000000000100010111010011010011010011001110
0100010010000101001101001100100100100100011111001110111101010011000101001011000110000100101000000110001000000101010101010100100101101111101000000000001101100110000111110000101100110100011010000001111101100110001100000011010000001101001010000100110011111000
0100001011010100101001011000110100000110011010000100001111110111001000010111111001100110110001011010100111011101110111000000000100011111001001000010010001100110000101100111111001001101011101100111001101100000000100101011100000000101110000010110110111101100
0001111000000000100101000101000100100010010100001010110001110010100100101000001111010010000000010111000101001001010011010101111111111001101001100110001100000110100101100100101100110011000010001011010001000110111100010000001000011110011011110110110010000010
0100111000100100100101000001000110000111001100001000110000110010100000100000001111010010100000010101001001001001010010010101110101101001100001100110001100100110000100110100101110110010011010000011011101011110111100010000000000011111010011110010010001000110
0101010010000101001101001100100100010000011111001010111101010011000101011011011010010100101000000110001000000101010101010100100101101101101000100000001101100110100111110000101110100100010010000001010101000010010100000011001000011101001010000100110011111100
0001011010000101001101001100100100010010011111001010101101010011000011011011011010000100101000000110011010000101010100010100100101011101101000000100001101101010100110110000101110110110010100001001011101000110000100010011001000010001000010000100010010111100
1001010101000000100001010110110011010111010010100010100111100111101110111100011000000010000000111111110110001000000100010001011001110011011101001100110101001000110110000010011110011010000101101101111001010010110100100000101001010110110100110010100011000100
1101001000000000100100001100010000010011010000111010101101100110001110011011101100010100001000000111000100000101010001010000001000110111101101100011011101000010110101100000000110100010100011001001000001100010001100000010011000011000100110010010011111111000
1010101101110000100000000000011000000111010000010000110010100010001100110000100100010010000000000101000111001011110000010000111001100001100101101011011100000111010100000010000110101010100011011010010001001010001000100000110001011110010100011010001101001000
1011100100110010100100000000111000000111010000011010110010100011001101110000100100010110000000000101000101001011110000010000011001100001100101101011011100000111010100010000100110100010100011011010110001011010001000000000110001111110010110011000001100011000
1010110101111011100000011000101001001100011000000000110010110001000000000001100001100100101000111100101111000100000000110000110001000110010101000001111001110100011010000010100100101100001001110110110010001100101010101010110000101101010100011010001001000001
1001101100000000100000010011001001010111010100110000100010110110001000100000101010010010100101111110100001011011001000010100111101110001000001001000100100000010011100000010011110001010100010001011011001010110100100110000101000011011010100010010011010000000
1010001000001000100000101011001001010010000001110000000010100110001000010010101100100000000001110110000101000000100010110000010001000001110101101010111101000000011000100011001100101011100001101101001000100000001100000011111000010001110110010010001111000000
1010110100111010100000101000001001001111000000000000110010100010000000000011001000000100000010100101001101000000100000010000011001101100110101101010111001110100010000000010100110101110001001110111110000011010000000001001110000111101110100010000000101100000
0000111100110000100100010010001100011101000000101000100010110000001010100010001001000110000110001001100010011001011000000100001100101000000001000001000100010011001110100100110011000010001000100110001001111010100010001000001000111000100000001010000111000001
0010001000000000100100110100000101000110010000001000110100100010000001110001000000000010000010100110101111001001010000010000100000001001001101100000111100100110000110100111110100100100000001000001000011010010000000000000110000000100010000010000000000000000
0010100100000000100100000000001100000010000000011000000010100010000011010001000000000100000000010010001000000000110000100100011101101001100001100011001100100110000100100000100011100000000000100000110000000010000000000000000000010001110010011000001100000000
