20.000000 15.000000 -0.494677 -0.359831
426.000000 31.000000 0.166637 -0.332895
428.000000 31.000000 0.169872 -0.332870
425.000000 33.000000 0.165044 -0.329720
455.000000 33.000000 0.213527 -0.329327
430.000000 35.000000 0.173158 -0.326468
455.000000 35.000000 0.213554 -0.326134
342.000000 91.000000 0.030500 -0.237694
345.000000 91.000000 0.035408 -0.237683
483.000000 133.000000 0.260201 -0.168389
116.000000 165.000000 -0.337362 -0.116070
121.000000 166.000000 -0.329363 -0.114505
544.000000 191.000000 0.358639 -0.073807
546.000000 196.000000 0.361871 -0.065694
548.000000 196.000000 0.365065 -0.065680
554.000000 197.000000 0.374656 -0.064019
556.000000 197.000000 0.377850 -0.064006
558.000000 197.000000 0.381045 -0.063992
566.000000 209.000000 0.393894 -0.044521
541.000000 210.000000 0.353972 -0.043034
546.000000 210.000000 0.361958 -0.043007
550.000000 210.000000 0.368346 -0.042985
542.000000 212.000000 0.355580 -0.039785
546.000000 212.000000 0.361969 -0.039765
533.000000 213.000000 0.341206 -0.038210
536.000000 213.000000 0.346000 -0.038195
563.000000 213.000000 0.389122 -0.038059
566.000000 215.000000 0.393923 -0.034807
565.000000 217.000000 0.392334 -0.031573
524.000000 218.000000 0.326840 -0.030135
532.000000 220.000000 0.339641 -0.026852
554.000000 221.000000 0.374785 -0.025139
556.000000 222.000000 0.377982 -0.023510
533.000000 224.000000 0.341255 -0.020354
535.000000 224.000000 0.344451 -0.020346
552.000000 224.000000 0.371603 -0.020284
497.000000 227.000000 0.283602 -0.015598
492.000000 229.000000 0.275572 -0.012354
494.000000 229.000000 0.278787 -0.012348
485.000000 230.000000 0.264313 -0.010742
494.000000 231.000000 0.278793 -0.009089
535.000000 231.000000 0.344473 -0.008982
533.000000 232.000000 0.341280 -0.007363
542.000000 232.000000 0.355659 -0.007340
493.000000 233.000000 0.277190 -0.005831
531.000000 233.000000 0.338086 -0.005744
559.000000 237.000000 0.382817 0.000809
488.000000 238.000000 0.269157 0.002312
488.000000 241.000000 0.269160 0.007205
520.000000 242.000000 0.320507 0.008864
486.000000 243.000000 0.265943 0.010466
551.000000 243.000000 0.370053 0.010523
504.000000 244.000000 0.294870 0.012106
533.000000 244.000000 0.341301 0.012127
531.000000 245.000000 0.338105 0.013750
543.000000 245.000000 0.357279 0.013759
521.000000 246.000000 0.322110 0.015369
528.000000 247.000000 0.333309 0.016997
487.000000 248.000000 0.267553 0.018623
546.000000 248.000000 0.362073 0.018630
202.000000 250.000000 -0.199248 0.021918
486.000000 250.000000 0.265943 0.021885
521.000000 250.000000 0.322111 0.021873
548.000000 250.000000 0.365268 0.021876
494.000000 251.000000 0.278811 0.023512
521.000000 252.000000 0.322110 0.025125
550.000000 254.000000 0.368463 0.028365
514.000000 255.000000 0.310899 0.030010
499.000000 256.000000 0.286839 0.031655
525.000000 256.000000 0.328508 0.031625
530.000000 258.000000 0.336503 0.034870
538.000000 258.000000 0.349291 0.034862
540.000000 258.000000 0.352487 0.034860
543.000000 258.000000 0.357280 0.034858
550.000000 258.000000 0.368461 0.034853
565.000000 258.000000 0.392421 0.034848
567.000000 258.000000 0.395616 0.034848
569.000000 258.000000 0.398812 0.034848
484.000000 259.000000 0.262711 0.036571
545.000000 259.000000 0.360474 0.036479
490.000000 262.000000 0.272363 0.041451
595.000000 262.000000 0.440441 0.041336
598.000000 262.000000 0.445258 0.041339
585.000000 263.000000 0.424408 0.042947
485.000000 264.000000 0.264310 0.044725
590.000000 266.000000 0.432422 0.047805
554.000000 268.000000 0.374840 0.051067
388.000000 269.000000 0.106512 0.053178
395.000000 269.000000 0.117999 0.053162
208.000000 271.000000 -0.189446 0.056324
236.000000 271.000000 -0.143753 0.056413
246.000000 272.000000 -0.127373 0.058082
506.000000 272.000000 0.298035 0.057693
578.000000 272.000000 0.413200 0.057518
144.000000 273.000000 -0.292905 0.059355
202.000000 273.000000 -0.199197 0.059577
544.000000 273.000000 0.358852 0.059198
76.000000 274.000000 -0.401830 0.060795
82.000000 274.000000 -0.392223 0.060804
259.000000 274.000000 -0.106037 0.061400
203.000000 275.000000 -0.197564 0.062854
581.000000 276.000000 0.417999 0.063992
203.000000 277.000000 -0.197556 0.066127
505.000000 277.000000 0.296411 0.065835
520.000000 277.000000 0.320454 0.065773
77.000000 278.000000 -0.400223 0.067279
374.000000 278.000000 0.083484 0.067996
538.000000 278.000000 0.349247 0.067330
598.000000 279.000000 0.445272 0.068844
78.000000 280.000000 -0.398618 0.070522
516.000000 281.000000 0.314030 0.072292
527.000000 281.000000 0.331643 0.072243
591.000000 281.000000 0.434028 0.072079
550.000000 282.000000 0.368414 0.073778
552.000000 282.000000 0.371610 0.073771
184.000000 283.000000 -0.228350 0.075846
564.000000 283.000000 0.390789 0.075357
612.000000 283.000000 0.467839 0.075332
177.000000 284.000000 -0.239670 0.077441
190.000000 284.000000 -0.218625 0.077511
261.000000 284.000000 -0.102724 0.077826
586.000000 284.000000 0.426005 0.076938
94.000000 285.000000 -0.372989 0.078669
201.000000 285.000000 -0.200768 0.079204
263.000000 285.000000 -0.099435 0.079473
268.000000 285.000000 -0.091218 0.079488
271.000000 285.000000 -0.086285 0.079497
191.000000 286.000000 -0.216993 0.080784
278.000000 286.000000 -0.074765 0.081157
552.000000 286.000000 0.371597 0.080256
603.000000 286.000000 0.453323 0.080173
165.000000 287.000000 -0.259031 0.082268
522.000000 287.000000 0.323611 0.082013
565.000000 287.000000 0.392377 0.081834
594.000000 288.000000 0.438844 0.083406
196.000000 289.000000 -0.208865 0.085714
528.000000 290.000000 0.333200 0.086853
77.000000 291.000000 -0.400196 0.088344
498.000000 291.000000 0.285097 0.088655
82.000000 292.000000 -0.392181 0.089979
193.000000 292.000000 -0.213714 0.090597
265.000000 292.000000 -0.096126 0.090966
267.000000 292.000000 -0.092839 0.090973
275.000000 292.000000 -0.079685 0.090999
534.000000 292.000000 0.342790 0.090068
608.000000 292.000000 0.461393 0.089887
610.000000 292.000000 0.464624 0.089890
593.000000 293.000000 0.437235 0.091498
190.000000 294.000000 -0.218566 0.093844
583.000000 294.000000 0.421182 0.093127
586.000000 295.000000 0.425992 0.094741
590.000000 295.000000 0.432414 0.094736
204.000000 296.000000 -0.195828 0.097202
187.000000 297.000000 -0.223407 0.098720
192.000000 297.000000 -0.215303 0.098755
209.000000 297.000000 -0.187690 0.098868
285.000000 297.000000 -0.063214 0.099231
199.000000 298.000000 -0.203938 0.100435
202.000000 298.000000 -0.199065 0.100456
213.000000 298.000000 -0.181173 0.100529
495.000000 298.000000 0.280228 0.100064
499.000000 299.000000 0.286650 0.101661
512.000000 299.000000 0.307515 0.101568
191.000000 300.000000 -0.216903 0.103644
515.000000 300.000000 0.312318 0.103172
539.000000 301.000000 0.350738 0.104639
554.000000 301.000000 0.374731 0.104558
549.000000 302.000000 0.366728 0.106204
310.000000 305.000000 -0.022013 0.112397
526.000000 305.000000 0.329906 0.111211
157.000000 306.000000 -0.271794 0.113157
283.000000 306.000000 -0.066480 0.113981
589.000000 306.000000 0.430795 0.112539
592.000000 306.000000 0.435618 0.112536
636.000000 306.000000 0.506999 0.112665
539.000000 307.000000 0.350701 0.114367
531.000000 308.000000 0.337890 0.116042
536.000000 309.000000 0.345887 0.117629
551.000000 309.000000 0.369889 0.117535
584.000000 309.000000 0.422758 0.117402
124.000000 310.000000 -0.324795 0.119396
131.000000 310.000000 -0.313564 0.119450
151.000000 310.000000 -0.281422 0.119613
534.000000 310.000000 0.342678 0.119264
590.000000 310.000000 0.432398 0.119011
598.000000 310.000000 0.445277 0.119006
148.000000 311.000000 -0.286240 0.121213
387.000000 312.000000 0.104704 0.123690
391.000000 312.000000 0.111262 0.123668
549.000000 312.000000 0.366671 0.122406
600.000000 312.000000 0.448502 0.122244
246.000000 313.000000 -0.127188 0.125264
597.000000 313.000000 0.443665 0.123861
387.000000 315.000000 0.104688 0.128596
389.000000 315.000000 0.107967 0.128585
531.000000 315.000000 0.337839 0.127392
581.000000 315.000000 0.417927 0.127120
585.000000 315.000000 0.424352 0.127110
596.000000 315.000000 0.442053 0.127098
602.000000 315.000000 0.451732 0.127100
59.000000 316.000000 -0.429054 0.128794
87.000000 316.000000 -0.384069 0.128885
236.000000 316.000000 -0.143526 0.130099
248.000000 316.000000 -0.123895 0.130180
250.000000 316.000000 -0.120619 0.130192
395.000000 316.000000 0.117792 0.130183
521.000000 316.000000 0.321811 0.129094
582.000000 317.000000 0.419528 0.130354
593.000000 317.000000 0.437219 0.130336
595.000000 317.000000 0.440441 0.130335
86.000000 318.000000 -0.385663 0.132119
98.000000 318.000000 -0.366421 0.132187
584.000000 318.000000 0.422739 0.131967
277.000000 319.000000 -0.076299 0.135237
302.000000 319.000000 -0.035172 0.135314
306.000000 319.000000 -0.028585 0.135321
581.000000 319.000000 0.417917 0.133593
119.000000 320.000000 -0.332738 0.135580
121.000000 320.000000 -0.329529 0.135596
126.000000 320.000000 -0.321507 0.135638
131.000000 320.000000 -0.313481 0.135681
160.000000 320.000000 -0.266837 0.135949
190.000000 320.000000 -0.218357 0.136236
273.000000 320.000000 -0.082867 0.136854
597.000000 320.000000 0.443665 0.135190
247.000000 321.000000 -0.125499 0.138340
254.000000 321.000000 -0.114035 0.138386
277.000000 321.000000 -0.076291 0.138507
552.000000 321.000000 0.371418 0.136963
591.000000 321.000000 0.433995 0.136811
593.000000 321.000000 0.437216 0.136809
607.000000 321.000000 0.459825 0.136819
164.000000 322.000000 -0.260368 0.139238
528.000000 322.000000 0.332977 0.138763
599.000000 322.000000 0.446893 0.138428
548.000000 323.000000 0.364999 0.140228
124.000000 324.000000 -0.324682 0.142108
542.000000 324.000000 0.355384 0.141891
551.000000 324.000000 0.369797 0.141827
112.000000 325.000000 -0.343925 0.143629
157.000000 325.000000 -0.271622 0.144043
159.000000 325.000000 -0.268399 0.144063
164.000000 325.000000 -0.260338 0.144113
222.000000 325.000000 -0.166306 0.144674
544.000000 325.000000 0.358579 0.143495
120.000000 326.000000 -0.331084 0.145316
122.000000 326.000000 -0.327874 0.145333
52.000000 327.000000 -0.440340 0.146601
275.000000 327.000000 -0.079549 0.148300
615.000000 327.000000 0.472825 0.146561
55.000000 329.000000 -0.435494 0.149840
81.000000 329.000000 -0.393635 0.149908
582.000000 334.000000 0.419487 0.157864
551.000000 336.000000 0.369715 0.161251
368.000000 337.000000 0.073393 0.164617
547.000000 338.000000 0.363289 0.164517
612.000000 338.000000 0.467995 0.164368
406.000000 339.000000 0.135609 0.167610
555.000000 339.000000 0.376107 0.166078
483.000000 340.000000 0.260511 0.168407
486.000000 340.000000 0.265344 0.168372
488.000000 340.000000 0.268564 0.168349
498.000000 340.000000 0.284654 0.168234
451.000000 341.000000 0.208796 0.170401
530.000000 342.000000 0.336002 0.171136
563.000000 343.000000 0.388919 0.172501
51.000000 356.000000 -0.441996 0.193583
450.000000 361.000000 0.206936 0.202844
452.000000 361.000000 0.210175 0.202818
306.000000 393.000000 -0.028440 0.255550
290.000000 440.000000 -0.054430 0.331027
248.000000 444.000000 -0.122792 0.337172
242.000000 449.000000 -0.132503 0.345140
249.000000 450.000000 -0.121119 0.346800
136.000000 460.000000 -0.304236 0.362104
129.000000 461.000000 -0.315597 0.363733
142.000000 461.000000 -0.294504 0.363729
175.000000 463.000000 -0.241028 0.367088
258.000000 463.000000 -0.106397 0.367698
136.000000 464.000000 -0.304237 0.368591
140.000000 464.000000 -0.297746 0.368589
177.000000 464.000000 -0.237782 0.368713
179.000000 464.000000 -0.234542 0.368725
266.000000 464.000000 -0.093385 0.369348
178.000000 469.000000 -0.236135 0.376784
136.000000 470.000000 -0.304249 0.378333
138.000000 470.000000 -0.301000 0.378327
275.000000 471.000000 -0.078715 0.380607
129.000000 472.000000 -0.315637 0.381614
284.000000 474.000000 -0.064068 0.385448
140.000000 475.000000 -0.297764 0.386446
157.000000 475.000000 -0.270162 0.386424
113.000000 476.000000 -0.341755 0.388283
374.000000 476.000000 0.082319 0.388568
