106.000000 13.000000 -0.352098 -0.360905
545.000000 16.000000 0.358746 -0.355908
570.000000 22.000000 0.399435 -0.346369
419.000000 80.000000 0.155945 -0.254687
422.000000 80.000000 0.160813 -0.254646
422.000000 82.000000 0.160840 -0.251438
574.000000 124.000000 0.406052 -0.181746
577.000000 124.000000 0.410874 -0.181722
182.000000 156.000000 -0.231123 -0.131429
519.000000 162.000000 0.318376 -0.121008
164.000000 173.000000 -0.260367 -0.103614
178.000000 175.000000 -0.237795 -0.100505
635.000000 180.000000 0.504942 -0.091130
629.000000 182.000000 0.495145 -0.087901
631.000000 182.000000 0.498406 -0.087899
636.000000 185.000000 0.506578 -0.083049
164.000000 191.000000 -0.260534 -0.074335
633.000000 199.000000 0.501689 -0.060427
636.000000 199.000000 0.506589 -0.060423
634.000000 201.000000 0.503324 -0.057194
626.000000 202.000000 0.490298 -0.055593
613.000000 208.000000 0.469265 -0.045935
596.000000 212.000000 0.441922 -0.039532
629.000000 212.000000 0.495198 -0.039427
624.000000 213.000000 0.487079 -0.037823
626.000000 214.000000 0.490327 -0.036202
584.000000 217.000000 0.422709 -0.031494
582.000000 218.000000 0.419512 -0.029884
579.000000 222.000000 0.414728 -0.023424
625.000000 222.000000 0.488725 -0.023276
632.000000 222.000000 0.500106 -0.023258
621.000000 226.000000 0.482252 -0.016822
80.000000 227.000000 -0.395386 -0.015379
579.000000 228.000000 0.414748 -0.013714
579.000000 231.000000 0.414757 -0.008858
78.000000 232.000000 -0.398600 -0.007271
81.000000 232.000000 -0.393801 -0.007279
609.000000 234.000000 0.462894 -0.003923
614.000000 234.000000 0.470957 -0.003909
587.000000 236.000000 0.427573 -0.000746
589.000000 236.000000 0.430776 -0.000741
624.000000 236.000000 0.487141 -0.000649
634.000000 236.000000 0.503403 -0.000620
8.000000 237.000000 -0.511591 0.001012
630.000000 237.000000 0.496890 0.000985
611.000000 238.000000 0.466128 0.002549
618.000000 238.000000 0.477431 0.002568
579.000000 239.000000 0.414777 0.004091
636.000000 239.000000 0.506676 0.004236
612.000000 241.000000 0.467749 0.007402
618.000000 242.000000 0.477442 0.009035
636.000000 242.000000 0.506685 0.009088
578.000000 243.000000 0.413186 0.010564
280.000000 245.000000 -0.071523 0.013733
593.000000 247.000000 0.437211 0.017064
604.000000 247.000000 0.454877 0.017086
611.000000 247.000000 0.466151 0.017102
590.000000 248.000000 0.432403 0.018677
227.000000 249.000000 -0.158507 0.020293
159.000000 252.000000 -0.268820 0.025155
579.000000 254.000000 0.414799 0.028374
592.000000 254.000000 0.435618 0.028388
16.000000 255.000000 -0.498566 0.030113
593.000000 257.000000 0.437226 0.033244
477.000000 260.000000 0.251428 0.038217
174.000000 263.000000 -0.244602 0.043138
178.000000 263.000000 -0.238136 0.043148
197.000000 263.000000 -0.207350 0.043195
199.000000 263.000000 -0.204102 0.043200
285.000000 263.000000 -0.063275 0.043358
181.000000 265.000000 -0.233278 0.046424
597.000000 265.000000 0.443655 0.046192
57.000000 266.000000 -0.432299 0.047831
59.000000 266.000000 -0.429088 0.047830
226.000000 266.000000 -0.160115 0.048183
281.000000 266.000000 -0.069862 0.048289
338.000000 266.000000 0.024177 0.048311
186.000000 267.000000 -0.225178 0.049708
164.000000 268.000000 -0.260729 0.051273
282.000000 268.000000 -0.068212 0.051580
595.000000 269.000000 0.440446 0.052662
175.000000 270.000000 -0.242965 0.054574
179.000000 270.000000 -0.236498 0.054588
611.000000 270.000000 0.466199 0.054300
623.000000 270.000000 0.485618 0.054330
198.000000 271.000000 -0.205702 0.056290
457.000000 271.000000 0.219070 0.056245
259.000000 273.000000 -0.106039 0.059757
611.000000 273.000000 0.466205 0.059153
618.000000 273.000000 0.477522 0.059168
176.000000 274.000000 -0.241334 0.061110
174.000000 275.000000 -0.244562 0.062735
257.000000 275.000000 -0.109319 0.063037
180.000000 276.000000 -0.234857 0.064394
182.000000 276.000000 -0.231621 0.064402
270.000000 276.000000 -0.087952 0.064711
279.000000 276.000000 -0.073140 0.064730
281.000000 276.000000 -0.069847 0.064733
262.000000 277.000000 -0.101101 0.066335
341.000000 277.000000 0.029119 0.066407
348.000000 278.000000 0.040662 0.068044
177.000000 279.000000 -0.239695 0.069279
354.000000 279.000000 0.050551 0.069679
284.000000 280.000000 -0.064899 0.071313
175.000000 281.000000 -0.242919 0.072534
618.000000 281.000000 0.477543 0.072110
281.000000 282.000000 -0.069835 0.074594
616.000000 282.000000 0.474306 0.073723
622.000000 283.000000 0.484036 0.075358
210.000000 284.000000 -0.186137 0.077614
353.000000 284.000000 0.048895 0.077898
180.000000 285.000000 -0.234813 0.079090
269.000000 285.000000 -0.089573 0.079491
276.000000 285.000000 -0.078059 0.079510
341.000000 285.000000 0.029111 0.079558
346.000000 285.000000 0.037355 0.079552
627.000000 286.000000 0.492176 0.080231
342.000000 287.000000 0.030758 0.082844
283.000000 288.000000 -0.066529 0.084454
275.000000 289.000000 -0.079694 0.086075
289.000000 289.000000 -0.056645 0.086109
366.000000 289.000000 0.070294 0.086082
157.000000 290.000000 -0.271908 0.087109
281.000000 290.000000 -0.069817 0.087733
591.000000 290.000000 0.434024 0.086644
468.000000 291.000000 0.236764 0.088848
370.000000 292.000000 0.076867 0.090995
479.000000 292.000000 0.254512 0.090406
609.000000 292.000000 0.463008 0.089888
274.000000 293.000000 -0.081327 0.092637
476.000000 293.000000 0.249667 0.092056
607.000000 293.000000 0.459780 0.091503
270.000000 294.000000 -0.087901 0.094264
341.000000 294.000000 0.029100 0.094341
377.000000 294.000000 0.088369 0.094253
634.000000 295.000000 0.503648 0.094835
245.000000 296.000000 -0.128920 0.097439
579.000000 296.000000 0.414765 0.096372
44.000000 297.000000 -0.453248 0.098028
48.000000 297.000000 -0.446792 0.098025
480.000000 297.000000 0.256089 0.098545
267.000000 298.000000 -0.092818 0.100813
364.000000 298.000000 0.066977 0.100856
580.000000 298.000000 0.416364 0.099607
359.000000 299.000000 0.058745 0.102510
620.000000 299.000000 0.480842 0.101244
631.000000 299.000000 0.498764 0.101294
41.000000 300.000000 -0.458100 0.102889
204.000000 300.000000 -0.195801 0.103736
221.000000 300.000000 -0.168124 0.103850
240.000000 300.000000 -0.137085 0.103963
244.000000 300.000000 -0.130538 0.103985
332.000000 300.000000 0.014256 0.104198
352.000000 300.000000 0.047216 0.104168
470.000000 300.000000 0.239932 0.103508
411.000000 301.000000 0.144061 0.105556
628.000000 302.000000 0.493880 0.106136
619.000000 303.000000 0.479232 0.107715
197.000000 304.000000 -0.207141 0.110216
35.000000 305.000000 -0.467829 0.110997
334.000000 305.000000 0.017548 0.112397
472.000000 305.000000 0.243122 0.111637
475.000000 305.000000 0.247964 0.111613
156.000000 306.000000 -0.273405 0.113149
183.000000 306.000000 -0.229816 0.113368
185.000000 306.000000 -0.226578 0.113384
191.000000 306.000000 -0.216858 0.113432
197.000000 306.000000 -0.207126 0.113479
326.000000 307.000000 0.004361 0.115681
336.000000 307.000000 0.020842 0.115673
474.000000 307.000000 0.246333 0.114877
518.000000 307.000000 0.317075 0.114516
37.000000 308.000000 -0.464592 0.115851
194.000000 308.000000 -0.211977 0.116717
482.000000 308.000000 0.259226 0.116437
633.000000 308.000000 0.502093 0.115884
214.000000 309.000000 -0.179468 0.118506
222.000000 309.000000 -0.166432 0.118565
518.000000 309.000000 0.317060 0.117762
523.000000 309.000000 0.325071 0.117723
27.000000 310.000000 -0.480852 0.119124
29.000000 310.000000 -0.477595 0.119116
278.000000 310.000000 -0.074691 0.120515
619.000000 310.000000 0.479258 0.119047
360.000000 311.000000 0.060355 0.122173
501.000000 311.000000 0.289767 0.121149
613.000000 311.000000 0.469521 0.120646
16.000000 312.000000 -0.498847 0.122429
18.000000 312.000000 -0.495568 0.122415
20.000000 312.000000 -0.492293 0.122402
23.000000 312.000000 -0.487388 0.122384
32.000000 312.000000 -0.472722 0.122344
34.000000 312.000000 -0.469472 0.122337
40.000000 312.000000 -0.459739 0.122322
217.000000 312.000000 -0.174559 0.123427
340.000000 312.000000 0.027426 0.123859
52.000000 313.000000 -0.440341 0.123931
223.000000 314.000000 -0.164765 0.126738
309.000000 314.000000 -0.023651 0.127142
628.000000 314.000000 0.493950 0.125571
87.000000 315.000000 -0.384074 0.127265
89.000000 315.000000 -0.380867 0.127275
92.000000 315.000000 -0.376057 0.127291
94.000000 315.000000 -0.372851 0.127302
96.000000 315.000000 -0.369646 0.127314
214.000000 315.000000 -0.179421 0.128299
613.000000 315.000000 0.469533 0.127121
627.000000 316.000000 0.492328 0.128805
154.000000 317.000000 -0.276531 0.131017
617.000000 317.000000 0.476035 0.130374
390.000000 318.000000 0.109588 0.133482
438.000000 319.000000 0.187927 0.134745
461.000000 319.000000 0.225219 0.134530
631.000000 320.000000 0.498903 0.135316
438.000000 321.000000 0.187909 0.138005
463.000000 330.000000 0.228341 0.152399
537.000000 332.000000 0.347312 0.154885
526.000000 334.000000 0.329665 0.158222
535.000000 335.000000 0.344081 0.159759
629.000000 335.000000 0.495750 0.159622
604.000000 336.000000 0.454999 0.161099
621.000000 337.000000 0.482663 0.162800
92.000000 343.000000 -0.375889 0.172633
520.000000 355.000000 0.319827 0.192271
545.000000 355.000000 0.359948 0.192033
581.000000 357.000000 0.417830 0.195088
382.000000 387.000000 0.095986 0.245631
371.000000 388.000000 0.078000 0.247327
352.000000 406.000000 0.046834 0.276444
423.000000 410.000000 0.162523 0.282270
364.000000 426.000000 0.066326 0.308519
421.000000 432.000000 0.159023 0.317646
367.000000 433.000000 0.071176 0.319729
370.000000 433.000000 0.076065 0.319710
327.000000 436.000000 0.005920 0.324679
369.000000 441.000000 0.074386 0.332540
327.000000 442.000000 0.005915 0.334291
369.000000 443.000000 0.074374 0.335744
406.000000 446.000000 0.134528 0.340261
408.000000 447.000000 0.137767 0.341846
331.000000 448.000000 0.012431 0.343895
340.000000 448.000000 0.027101 0.343877
211.000000 450.000000 -0.182809 0.346463
409.000000 450.000000 0.139362 0.346647
340.000000 451.000000 0.027093 0.348680
371.000000 452.000000 0.077575 0.350148
218.000000 454.000000 -0.171421 0.352951
221.000000 454.000000 -0.166554 0.352978
259.000000 454.000000 -0.104830 0.353284
264.000000 456.000000 -0.096685 0.356521
347.000000 456.000000 0.038482 0.356663
256.000000 457.000000 -0.109688 0.358071
261.000000 458.000000 -0.101551 0.359706
200.000000 459.000000 -0.200559 0.360829
218.000000 459.000000 -0.171378 0.360980
419.000000 459.000000 0.155507 0.360991
348.000000 461.000000 0.040095 0.364663
212.000000 462.000000 -0.181083 0.365749
352.000000 462.000000 0.046602 0.366249
358.000000 463.000000 0.056363 0.367826
222.000000 464.000000 -0.164849 0.369041
356.000000 464.000000 0.053104 0.369435
239.000000 465.000000 -0.137251 0.370775
270.000000 465.000000 -0.086875 0.370972
426.000000 465.000000 0.166805 0.370560
197.000000 467.000000 -0.205359 0.373677
210.000000 467.000000 -0.184287 0.373770
238.000000 467.000000 -0.138860 0.373976
365.000000 467.000000 0.067733 0.374198
226.000000 468.000000 -0.158329 0.375495
374.000000 468.000000 0.082362 0.375752
196.000000 470.000000 -0.206960 0.378500
273.000000 470.000000 -0.081972 0.378996
330.000000 472.000000 0.010773 0.382305
222.000000 473.000000 -0.164783 0.383499
369.000000 473.000000 0.074207 0.383787
395.000000 473.000000 0.116448 0.383634
421.000000 473.000000 0.158635 0.383448
214.000000 474.000000 -0.177753 0.385054
226.000000 474.000000 -0.158287 0.385133
328.000000 474.000000 0.007516 0.385509
229.000000 476.000000 -0.153407 0.388365
