1101101000000100010110000001000000010000001000000111001001011000000001011111000101001010110000000010001000100100000111000010000000000110100100100001001000100001000001111000100000010000010000010000000000000100001100010110010001000000000000000101100000100110
0011001010000001111100100100000101110110011010001111111001110010000001111111010000001010100010100111001011001101010101010010100110011111011001110010101101101110000011110001111100110111000100010001001001000100000100010111010011000100000010100100000010101000
0011011110000000001010010011000101110111001010100110110001100110001100111111011000000010000011100111000001011101111001010010100110011111000001101011100100001011001101110111010100010111100100001001001001010000010100010110001001000010000010010110000010101000
0011111101111100011110010111011110010011110011101011100001011101011010101100111001001110100111000101000000011000101011001001001101101011101000101110001101011011111111101000001010100000110100101011111000011010000110001100001000110010010010100010110011000000
0001111100000000110001010001001110010110010000100010110001100010100001111100000001001111010001010110010011100001010011011011011001110011000101001110110110001011110100110010001100011110100101011001010001000010101100110000111111001111010010110010101010010100
1001100010000000100010111111000011110110011000100111110001100010011101111001110001010001001011111111010001001001000010011011110010000111011101011001110100001001011100010111000100011111100011011100100000000110110000110000011101001010000111111000001000110010
1011101101000100100001010011011001010110110010100010101011110110001011111010011001000111110001010110110001011001000110010001101001110011000001111100101100001011111100100110011110001110110100001001011001000010000100010010001110001001000000110010101010010100
1111100010010110110010111100001001101011011001000010111000000010010101010011100100011011001011111011001111111100000000000000101010100100011101001001110010000101011000010110000110011110110011010000100100010111010000111111110011101000000101001101001100101010
0011111011011010001110100011001100111001001011111010010001110100011001111011011001001011100111000011001001011100101011001011101110111110110000100011001000111011001001111001000011110000000100001001001000000100001010011010001000001010010010110100010110101001
1011100100001000000010100011001110010011101001111011110001001000111001111000100001101010010111010011010000001001101011001011000000000111100000101111001100010001011001111011000001110000100000011100100011000110001010110100001101000010110110111000101100100110
1011100000100011100010111101000011101110011000000110000000000010111111010000100001111101001010111100100110110000000010111011001010100000011101011001110000000101011010010110010010011100100011110110100100101111011000101001110111100111110101101000001000000010
0010110011000001001000010100110101010101010010001010100101010111010011110011010001100111111000101100111010010111010110110000100101001111011000010000100111101111000110000110111100000110001100000001111011000001110100100010110010000101000000100101000001011001
0100011000000001110111000100100110000010001000001000101101110011100001010011000000100101110000010010011100000101010101111100110101011111101001100010101111100110000001110001101000110100001000010001010100100111100100000010010001010101011011010001010011101110
1001100000111011100010111111000010101100110000100101000000000000111110011000110001111100001010011000100110110000000010101011001010100000001100011101010000011001111010000110010011001100100011111110100110101011110000111001101111100111100101101010001100000011
0000011010100001101111000000100100101010001110001000111100110011000101100111011110110011100010010001001000001100010000000110011100111000100001110010001111101110000101101001101010110100001000000101111011101110110100000010010010111100010011110101010111001100
0101000010000101100001101100000001000110011000001110001101100010010101011111000000101001011010111111111110100100010000110000110100001111011000010001100101100100000010010001110100110110011011010000000110100101110000110111110101010100010001000101101000101111
0101101000000100100100000001000111110011101010111011111011101010000101111111010101011011010000001011010001001101010001010100110111000111100001010110101110001011100101111101010100110011010010000001010011010000111000110010001101011000011010010001100110111000
1101111000000100100100000001000011010011101010011011111011101010100101111111000001100010010010111111011001001101010001010000110010010111110101001011100110100000010101010001000100110111010010010001011011000100101000110011011101011000011010010001100010101100
1101000101011110111001100010101011111001101010111111011110110000010001111011010100100010100111100011001001001110011100001000010000010110010100101010001001110000000000110001001001110011010100110100001000110101100110001010010010110000111110010000011110111001
0000011010010011101110100000000100101011001010011000110101100010000100001111001100110001000000010010011101001101010001000100111110011110100101110011011011101110000101000001101001110000001011000110000011000110110100111011000111011101010010110111000111101000
0101101000000100100000000001000111010111101000111011111011101010001101111111010001110011010000001111010101001101000101010000110000010111100001010101111110001010110101011101010100100001110010010000010011010010101000110010001101011000011010010010101100101100
0001101000000100100000000001000110010111100000111011111111100010001100111110101001000011010000000111110101000101010101011001011000000111100001010101001110001111100101011100110100110001110010011010010011010110101000110010001101001100011011110010101100100110
0010011101001100101000000000111111010100100010010011111111101101110100101000001100100100010001110100011001000001000101010001110111011011110001101110101001110110101101000011101100101100011100001011011101101001001100000010101101010001011000110010100011000101
0001011000000101100000100001001110101110001000001010110101101010000100101111001100100011000010011010011100001101010001010001111010101110100101110111011111100110000101110001101000110100011011010100000011000110110100110011011111011111010011110001100110101000
0101001000001100010001011111000111010111011101111010101100000000101111011011000110011101011010001110010001110111100000010100001100110101001000000101100110010011101100010100010110010011110010110100010110010111100000110101001110011010101011001011111000110110
0101101000001100100001010011000011010010001000010010100011000000001100111011001001000101001000111110110101001101000010010000011100101111010001011101110110000001011100010110010110011010110000001100001001100110111000110000101111001111000101010011101000110110
1101001101000100100011111001001011010111001100100110101111100010000101111011100000000100001011011011110011011011010000000000110000000101000101011101010110000000010100010010010100011100110011011100000010100100010000110001111111010110011101011001101100100010
1101001101000100100011111001001110010111011100000110111110100010101101111000100100010110001011011111010111001011010000010000111000000101000101011111010110000010010000010010000000001100110011011000000011110010110000110001111111011010011001011001101100100010
1100000110000100100110001001001001100111111000010100101110101010111111110111110110010010001010010111000100001111000100010010011010110101110101111011110110000100010100010000000110101010110011110000100001011111010000000011110000010100111101011101011000100010
1100000110000100100110001001001001100111111000010101101110101010111111110111110110010010001010010111001100001111000100010110011010110101100101110011110110000100010100010000100110101010110011110100100001010111010000000111110000010100111101011101011100100010
1101000101100111100011111111001011010011011100100010011100101010110101111001100101010011101001110111111011010010000010010000011000100101011101011001110110000001011010010010000110001100110011010100110100010110110000010001111110101010011101011001111000110010
0101100001011100100001111011000110010100101100100010101110101000101101111000100101000001001011100110110011011011000010010000101100000100010001011101110010010011111100010110010101001110110010110100100001010010110010111001101110001111101001011011101000110011
0010011101011010000101110010111010001101100100100000011110110101101100100110111110010011110101101001110011011011101100001111000001011000100100010100110011011110111110001101111111001110101111001111001001010000010110001010100100001000101001110010010111000111
0010001100011000001101010010111111110101100110100001111110111101001100110111011110010010100101101011110111011101101100001111000101011101110000010100100011011110101110001101111101001111011110001001011001010000010110000010101100011000101000100010010011100001
1100001110011110101100101000111001101101110010000001001110101001010111010111100100011010000010110111001101001100000101011000011010110100110101010010111001111100010001001000101110101110011011110101100000010100110100101111110001111100111101010100001111001001
0010011100011010101110000010101100101100110000111101100101111101111010001100111110001100010100010000100011100001101001001111011111101000101000100100001001011110101101001000101111110010001110101111011001111011001110001100001001011111110000100110110111000000
1000010100101010111100000000101011101100000010011100000111110101110010000100011100001100010001010100001001100000001001011111111111101010110101110110101001101100000001101000101110110010001001001111111001111111101110001000010001111011010110110010010001000001
0001011110010000100100000001101100110100001000111010000111110001010110001010001100101101011000010010011001100100010001000111001111001110100001110110001011111110100001101000101001110000001010001001011100110101011100011000001101010111011011110111110111100100
0000011100010000100100100001001100101110010000011010010111110010111100001010001110000101111000010000010000100001010001100101011111101010100001000110001011101110100001101001111001110000001010001011011100110111111100011000001100010111111011110011110111000100
0100011110011010001000100100101101101100011010001111011011000001000101101111010001100010000110111011101111001100010111000010110111011110111000000000110011111110000011010101111001010110011011010101010000110101110110111010110011011100001001000100000011100011
0100011110011010001010100100101101101101011001001100011000000001110101000011010000110010000100101011001111001110111100000010110111011100111000010000110011110111000010010101111101110010001011010101010100110101110110101010110001010100001001000101000011110011
0101011110000000101010100101101100110001001010001010011010000011110101111111010001110011000000111010101111001011010110000010110011011111001000000000110011101111000110010111111001000100000011010101010101110101110100110010110001001101001000100101000010110001
0001100101100001100011000000111100010010000000001010100001111111110011011100100000101101011001011100011000100001010100010011011001100011000101101111000100000010110110111010000010110100100101111110111000011011100000100100010111111111110011111001101001000110
1000010100100001100011010100111100000010010100100111100001111111111010101100100001001101111001010000010110100001010010001011011001100010001101111110010100000010110110101010000011101100101101111110111010011011100000100100100110101111110010101110101101000110
0001100101000100100011001011011110010110100100110010000010101110111111011100101000111101011000011110010000100011010000110001010001100001000101111111011100000010110100001010001110101010110010111100110000110011100000110100001100110111110011011010101000000110
1101100101000100100011001011001110010110100100110010000010101010111110011100100100111101011000011010010100100011010000100001110001010001000101111111011100000010110100001010001110101000110011111110100000110011100100110101001100010111010011011010101110000010
1000001011000001101000010100110100100010100110001000111000001011010101110011000001110011010000101010101110011111010111110000110011010101001101011001110111101011010111010111011000001100100011010101010101010100110100100010110000000101000000100101001010011000
0011010011111010110101011111011000011110010100110111100101110111011010000100111100000110111001010000010010010010000010001011001100101010001001111010011100011101101000100010100011001000101101101110111110011010000000001101101100101010110101011110010101011110
1001001000000101010000010111001011100110011000000010110001100010001101111011100001001111010000101111111110111101000011110000101010100111001100001100110101000001011001011110011100011100011011010001000001010110101100110110110111000010000101000001101011111100
1011001100001111000000010101001011100110011000000010110001100010000101111011100001001111010111110111111101111101001011110000101010100111010100011100110101000101011011011010111100011110010011010000100000010110001100110000110111100010000101001001101010111100
1100001101011110100111101000101001001111010100011101001111110111100011000111001110001000110011010110011100100110000100001111011001111100110101110110011101110100100000101100101110110010011101100001001000110010001100001111110110011000111111010000110111000110
1011101100011010001101100011001001010001100001110101111010111000111001111110110101011010100111110011000101101011101001001011100000000011110101111111011100011000011001111001000101111010110011010010000001000100001010010101001000001010011111111110011110100110
1110101101011010011101100011001000000001101001111101110010111000111000110100110101001010100111010011000001101001101001001011101000000010100100101011001000010000011001111001000101110010100100010110000001001110001010011101000000001010011111111010011100100110
0000011011000001101011000100110100010010000110001000110000101111110010100100011011000101100000001100000000000011010100110001111101111001101001010000000111101110000100001100111000100101001100001011011001101011110100100000001000010111010000110111010011000010
1111101110001000001000111011011001110111101011110111111010101000000101111111010111011010000111110111001001111111101110011010100010010101010100101011101100011001011010010011000100001110100011010000000001000001011010010111011011001000010110011100001010101001
0110000111110010011101101011001100101101011101100000000110010110001010000010101110010010101111001001000000001110101000000110001110101100100000000011000010000010011010100000000011111100101000100110101110011100011010011001000010111010100011101111010100101001
0011000110010010011100101011001100101101001101100000000111010000001100001011101010010011101111001001000000001100101001000111001110101100100000100011000010001010011001110001000011110000100010100110101110011110011000011001001010111010101011101111011100101001
1011111000000100001110000101000001100010011001001111000011001010000111101011000001001000001100100110001100000000111001011000000011100111111100100110111101100101101011110001100110110110000011010001010001000100001000110101111001000011100110000100000000101000
0100111010000001100110000000100111100100101010011011000111101010010100001011011000101101010000110110011100100101010001101100011111001111110001010010101101100110000101001001101000110000001010100101010011100101111100010110010101010111110011010001000111001100
0000011000100101100110000001000110100111110100001001100111111110010110101100001110001111110000010100010001000001010011011100111111101001100001110110001101000011000101101100001110110010011100001011011011101111100100010100001100011111010011010011110111011100
0011101100011001001000101011000100110000101011111010110001011000001001111111000001001010001101100010000001111001111011101011100100001110000000100001001000011011101111110001000101010000100000010100000011010100011010111101001001001011000011101010001100110001
0000010110100000101111000100101100000110010110000000000100110110010110100000011110110111100000111100001000000101110000010100110101001001100001010010101111001010010111000001001000111100001000100111011101011111110100000011000000010011010011100111010001001100
0011000000011001001000111011000100111001001001111010110001010000001000101010101001101010001111000001000001011001111011001000100110000110000000101001001000010011001110110011010001010001100000010110000011011100010010011001001001001010000011101010001100110001
0011011110100101101110001101001110100010111010001010010101111010010100001010001100110111000000011100000010000101010001110100100010001011101001110010000101001010000101000100010000110100001010100011011001011111010000010001000001010110010011100011000111001000
1001000100011010000000101011001011111100111000110011000011101000110111011001010000001100001111101110011000000000101001011011011110100111110100001111100000111100101010011010100110110011110011111100110000010001010010111001011101110011111110111000101000100011
1111000110000100101010100110001001110110111011111111011011101010000001011011010001000000000011100111001001100101111111110000110010000111011101111011101101100000010011110011000100110110010011010001000100110101011100010111010011010000010111010100001010111000
0101001111011000101011100011001100110000001010111111111011110000001001111111110001001010100111111011000001001101001111001010111100010111000001001001000100011010010101110101010101010011100100010000001001010110111110110110001001001000000010011110001010101000
1111000110000000101010001101001001110110011010001111000011101010100111011101010000001100001000111110000000100100110100010010010011000111010101111011110100001000000110111010000110110110100011110100110000000000110000110101011001010111110110011100001000110000
1001100001001000011000111111011011111100110011001011001011001000100111011000110000001100011111101110010000110010111100011011010010110010011100001111110000011000111010111010000110100110110101111000100000010000000010110101011101111110111010101000101000100011
0011100000001001001000111111001101111001111011011111010001001000010101111011010001100010011110111111101011011100011011011011100110001111011000000101101000111001001011010111010100010010100000010000000001000100101010110001011001001110000000101000001000100001
1101001000010111100010100001000010001001101000010011011011101010010001011001100001111001011010010011011100101000000001101000010000000010010101111111011000000100110001011011110001111001110011010000100000100101101000111100110101110110011111011000101100000110
1101001000000111100010100001000010001011101000011011011011101010010001011001100001101001011010000011011100101100010001101000011000100110100101111111011000000100110001111111110001110001110011010000100000100101001000111100010101110110111110011000101100100110
1001100000000001001000111101000001110001111001001111110001000010000001111011010001101010001111111111100001111001011011111010100000000111011100001001100000101001100111110011010100010110100001010000100101000100101010110001011011000110000010001000001000100001
0011100000000001101000111111001101110001111011111011110001000010000001111011010001101010001110111111100011111001011011011011100000000111011000001101100100001001100111010111010100010010100000010000100001000100101010110101011011000110000010101000001000100001
0011100000000001111000111111001101110001101011110011010001000000000001111011010001101010001110111111100011111101111011001011100010000111011001001001101000011011000111010111010101010010100000010000100001000100001010110001001011000110010000101100001000100001
1101100000000010111010101100100010100110011010001010111011100010100101111011110001100000001011000011001000101100010111000000000010010111001101101111011110101001010001111111010000110100110011010100100100010100001000100011010011101100111110001000001100110000
1011100100101101001000001011001001110001101001111111110001100000001101111011100001101010001111100111000000110001101011011000100000000111010100101111101110011001111101110011000000111000100000010000110111000100001010110001011011100010010110011100001000110000
1011000100011001001000011011001101110001001001111111010001100000001011111011110001101010001111100011000000110000101011001010100000000111010000101011001110011001111001110011000001110000110000010000110110010100001010110001001011000010010110111000001000110001
1011101011000001101010011111011001110110110110100101100100100110011110001110111101011110100011011101100110011011000011010010001010110001001101001000110100001001011101000110011110011100100101101111001010011010010100110101101000000010100100110110001011011000
1011101111100001101010010011011000110110010110100101100100100110001110100100111111001110000011011101100110011011000011010011001010100001001101011000010100001001011000000110011110001110100101101111000000011011010100100101101000000010100100111110011011011000
1011101111100010101010010011011000100110010110100111100110100011011110100100110111011110000011011101100110011011000011111011001010100001000101011001010100001001011000000110011110001110100011111110100001011011010000000100110000100010100100111110011001011000
0101110101111011000011111011011001011001100100100111011000001001110000100100010011111000101101111000110010110010001110101011100001010000010000011101100000010001101010011011010001001100110010011011010001101001101010101101101100000001001001001110111000010111
1000100100111010100010110010100010100100100000010000010000101001101001010000100001111101010010010001101111101000000111101011110010010011010101101111010010011101110001001111111001001101101011110110100010111100001000101000110011100110011100111000101101010011
0100101011000001101110000100110100100010000111001101111010011011000101110111110010111110100000011010001101100111010101101110010010010101101100110011011101001110000111101100101000100001001011010100100011100101110100000110010000011101110010101100011011001000
1101100001101010100011111010110001011111101100100111011000101011110001110111110001101000001011111110011100111110000110111011011000010110010101011111110001010001111000011111000000001100000101010000100011101001100000101111110100100000011101011100001101110110
1011100010000001000001101111001001010010011001100011110001100010000101111001110101000010011111100111000001001001101000110010100000000111011100111011111110001000111010110011000100111110100011011100000001000100011000010001011111001010010111101100001000100110
0111000111011001011100101011001100010001001001111010110101110000001001111011100000000011101111000011000001101101101001000010100100000111100000101011001010010010011101110001000101110001100100010110101111000100001010011101001010001010010010011111111100111001
0111000111011111011000101011011100010001001011111010111101111100001001111011100100000010101111000011000001001101101001000000110100000110000000101011001010010010011001110001000001110001100100000010101011010100001010011111000010101010000110011111101100111001
1100000110001010101010101010111001100111100010000101001010101011111111010101110000011100000010010111000101101010000100011011010010110001110101011001010100011100111000001110001110101110100011110000100010110011111100001110110001111100111101111100001110000010
1011111110111010100111000011000001001100100001110101100110101001111000000100111010011100101001010100000101100010101001001111011001100000110101111110011000011000110000101000001110101010100011111111010000101011000010011100101000111011110111111110011101000110
0011010110111010001000110011001001111101011010000011100111001000001110101100101000001010001110101001100001111100101001000110001010101110110100010001110000111000011011010100010111011110100011110110110011011100011010111101101001111010100000001111000100101001
1011000110011010001000101001001001101101011011001011010011000000000100001111111000001000001100101000101101010100101001000010001011101110110100000000110000111100001011010000100111110110001011110101110000010100011010111101110001111110100101000100001000101001
1011000110011010001000101001001001101101011011001111010011000000000111001011000000001000001100101000101101010100111001001000001011101110110100010000110001111100001011010000100111110110001011110101110000010100011010111101111001011111100100000100000000101001
1010100111111011001110110000111000101100110110000101111100011101010101000101111111111100100111100001101010110010101110111110100111011000010100000000110001111101001010100011111001001100001101001001101010111001010110001110110000100001000100100100010011011001
1010011111001010001101110010111001100100110110110101011110111101111001010100011111111000100111101111101010111010001110111110100011010001010100011000110001011001011010001011001100001110001101001001001010110000010110000110110000000000000100110100010011011001
1000000110011010101110100000101001101111011010000101001000101011100111010111110000011100000010100111001101101100000101011010001010110110110101110011011101101100010001111000101110101000101011110100100000110111011100001110110001111100110100111100001111000000
1011010110111010101111000011011001111100110000110101100110101100011110000100111010011100001101110100000101100010101000001111011001100000110001111010111000011000111000001000000111101011100010101111010000101011010010011100101001111011110101110110000001000011
1010110110111010101111000011001001001100100001111101110110111001111000000100110010011100101001010000000101100000101001001111011001100010110101110110011000011100110001101000100111101010101011111111110000101101000010001100010000111011110111111110011101000111
1111100010000000011000011101001001110010011011000111001011000010000101011011010001000000001101100110101111110100111011110000100000000111011100101011110110100000011011010011000100011110010011110000000100110101011010110111111011000101000100000100001010101001
0011001110111010011000111011001100111101011011100011100011000000001110101010101001001010001110101001100111011101111001101000001110101110100000000001000000010110001111010101010111010010100010110110000011011100111010111101101011011010100000001110001000101001
0010011010010001101110000111000100100011000011111101110101010110011110001100111110011100101001000100000000001001000001001110101111101001101001100010001101011010001101100100001110110001001000000011001011101111010000010100000000010011010010110110010111001000
0010011010111011101110000110000100100010000111111101110100010110011110100100111110011100101001000100000000001001000001001110101111101001101001100010001101011110001101100100100010110001001100000011111011101111010000001100000000110011010010100110010101001000
0011000010010010001000101101000100111101011011001111000011000000001111111011100001100010001110101011000100111000111011000010010000000110001100101001010010000011000011010111010001110100100011110100100100000100111010111001011011100110100011001100001100111001
1000111110111010101000110000101001101101110010000101000011100101000100001010011001110000001000110000101111101101000011010010010111001010010101110000110001111101001011001111101001011110001011100101010101111100011110101110110001000111110100100100000011011001
1000011010111011101100011010000001101010110110110101000111110100011110001100011110010100101101011100101011010100001011001110001111101000011001000000000101111001011001100100111110011010001100000011011010101110110100011001100000001011100100110110010111011000
0011100100011011010000101011000100111001001000111010000001100000001011011011110001000110001111000011000000010000101001000010101010100110100000101111001010010010111001110000000011110001110000010010100110000100001010111001001011101010000111011010001100100001
0001011101000000011101000011111101010010100010111111100101111111010000101010011000101100111101100100000000100001011001111011000101001011000000100110101101101010100111101000001100100010001100001011011111110001000110010100001000000011000010110010110011010100
0001110000011100101000111001000101011100001000011010000001000000000011011001000001000011011000101110100111010001010011000000001000100110010000000001110010110110000111010111110111010111100000011000010111000100100010111001111011001111000000001101001100100101
0001111100100000110101000001001110000011100000111000100010111010101010100000100110010111110001010101000100100011010001010101010001100001100101100111111110000110110101110000000110110010110011110111010101011111101000010000000010010010110011111011011000000110
0011111100000100110000000111011110110111010100100010110000100110111100101000101111011011000011010111000100001011100000010001011010110001001001101110011110000010111100000010001010101100100110001111011001010011011100010000101101011010111000010011101110001010
0000011010000001100101001100100101100110011100001010011101110111000101011111001000100101001000100110101110000101010111011111110101011111111001000100100101101110100001100100111100110101011011000001001110110000111100000011010100010101001001100000110011110100
0001011100000000100011001101010111110110010100000010101110100010101110010100001100010101000000100110010101000011010000011001111011010001101101111010111100000010010100000110011110101111100011011011000001110110010100010101101101010111011011110011101010010010
1101001100100100100111000101000010000110011100101010110010110010011100100000100110011011100001000101010101001011010000110100101001100001101101110111010110000110010100111100110100100011110011010010010001011110110000010100010100010011000111011011111000011110
1100100100000110010110000110100011101111011100111000111010010011010101110011100111010111111000001111001001101100010110000100111010100100111100000100000101100101110000111100110110010011011011010000100101010111111000001110010110111000001111011001111101000010
0110001010010110111100111100010110101101111110000101111100111110011110000111111100011100100010010111100111001100010101000100101110111110001001100001011001100110000011001100111111100111011001000110000000110111010100001111100000001100001000000111010011101001
1100110110011110010110100000100001101111010100011100111110100011010101100011000011010011111010001111001101101110000110011100111010100100110101010110110001110101100000101100100110100011011011010100100100010111111000001110010110111000000111010101110111101111
0001111000000000100101000101000110110111010100001101110010111010100100101100001111011011100000010111000001001001010010011111110101111001101001110110001110000110100101101000101100110000000010001011010011000110111100010000001110011110011011110010110010000010
0110001010010100111100110100010100101101111010001101011101111110001110010111011100001010000000010010101111011101010101000100001111111110101001100001011001100110000011011100111111100111011101000101000001110111000100001111100001011100101000000111100110101000
0000111000100000100101000101000100000111011100001101110010111010100100101000001111010011110000010101000001001001010010011111111101101001100001110110001110100110000100111000101100110000101010010011010011001110111000010100000110011111010011111111010000000110
0101000010000101001101001100100100010000001111001110111101010010000001011011000010000101110000100010001001100101010100001100101101011101101000000010001111100010000111110000101100110001001100000001011110000100000100010011010010010001000010000101110010111100
0100001011000101011101000111000100010000001111101000111100010110001000011011011010000100110100001010010001110111011100000100100101011101000000010101000110001011100110100000001100010000110100000001001111110011100110110110001010011001001011000111010010111100
1100011010000100100110100100100001000111011010001000111101111011000001100111001101001011110010110111111111001101010111010000110110011111011101110000111101100100000111101111111100110100011001010001000001010100100100000110110100001100011000010101100011111100
1011101100111000101100000001011110100111110000011010110010100010111100100000100100010010000000010101000101001011010000011010111011100001100101111011011110010111010100001000000110100010100011011010010001011011011000000000110001011111010101111010001100011010
1100011110100100110000001000100001100111001000011000011010110011010010000111000001111101110000110100101100100101010011010000010011010111010101100000111111100100000101100111111100110001001001110111000101111101101100000111110010000101110111010101100011001010
1001111100001100110010010011001011110111010100110000110011111100011100101100111010011011100101111100100001011001001001010101111111100001000001001101100100011000111101001010010100011010110010001011011001011010110110110100101100011011011100111011111000000000
0110001010000101100001110100100101000111011000001111111100100010000001110111000000010010010000100111111111001101010100010010100000011111001101110000111111100111000110010111111100110100011011010001000001010100001100010110110111001100010001010101000010111110
1110110100111010100000101001001011101111001010000000110010100010110100100001001110011011001010000001001111001100100001001000011010101100010101111111111001110101010001011010100111111110001011010110110000011111011000011001110001111110111101111010000101101000
1110110100101010101100101000001011101111001000010000110110100010010101000111000100010101001010000101001101000100100001011000011011100100110101101010111011100101010001011000100110111110011011110101110000011101011000011011110001111110111111110000000101111000
1101001010011100111101000010010011010010001100111010101111110110011111010011101100010111100001000110000001100101010101101100111001100101100101100011001110010001010001110000001110100011110111100100000101110011100100010010001110011001001110010011111110111100
0100101010000101100001100100100101000110011000001101111000100010000101110111000101110010000010100111101111001111010110010000110000001101011101010000111111100110000100010111110100010111011011010001000001010100111100100010110011000100000001010101000010101110
1110001111000100100101010100001101000111011100000111111100110010000001110111010000000010110001100111011011011111110000010010100000010101001101111011111111100010010100110111011100111110010001010001000001010110000100010111110110000100010001010101010010101110
0100011111010100110101000010011100001101000100111100101110110101001010100110001010000011110110001001110010001111011010100100011100101000000001000011000110010011001100100000101011100000001100100110001101001010000110001010001110111100110000011111110111011110
0101001111111110000000000010011100010101010010111011111010001100101000110110101000011111010100111101110101011111011111000010101010110011100000001101010100010010110110000100010111000010100110001010101001011010100110101110001111011100000010001111101011000111
1000100001111010100000110011011011111100100100100000100000101100101110100000101011011011010111011001100111011010001000010101011011100000010101001001110010010000011000001010000111001110100011101110111001011100101000111000101100101010101101111011111100000011
1110100001101111110000110011011011101111110000000000100000101100101000100000100011011011000010111101100101100010100000010100010011100000010101001001110010010000011000001010010110001100101011110110110000011100001000111000110000111010111101011011111101000010
1111111100001000100100101001001011100011001111010010011011100010100111011011000110111101001011100110001100000101100001011000010010010101110101101011111110100101010101111001100100111010010011110100010000110100011000010011010000011001111111010001111010101000
1011100100100110000000110000101110101101010000001010110111100011100101101100100000111111010110011001111111011000110101000001000010110010000100010100010001001110100010000010111011000110110011011110110000011000100110101100110101111110110000101000101101000111
1110110100111110101001101000111011001101111011010101011010110001000011000011110001100100111010100100001110000100100101001000011000000110010101101010111001110100010001001011100100101111011101010100100110101100001000101111110000101101111100010000101001001101
1000011100110110000000110000111000001101000000001010111101000111101100100100101000011111010010011001110111011010010100000011100000110010000100001100010001001100110010000110111011001110111111011111100000011000100100101000111101101100000100101111101111000111
1000011111111111000001110100111000001111010000000100111100000111001100100100101000100011010010011001110111011010000100000011101001000000001101001100010001101100110000000110111011001100011101001111011000001000100100101000111101101100000100000111100111000110
1011100100000011100000010100101011000111010000000010000001100011100111010100100100110001010100111110110110000000100100010001001001110011011100001110110101000100111010001011101010101100100011011101110000100110000100100000110101010111010101100000101001000110
1011100100000001100000100000101011000111011000000010000011100011100111010101100100100101010100111110011110000000111100010001110011010011110101001110111100000100111010011011101000101100110011110101000000100110010100100000110101010011011101100000101000000010
1111100100000010100000100000111011110110001000000010001010100011100111010101100000010000001100110110011110000110001100110001110011110101110101101110111101100100110010010011001110101111010011010000000001100010010110100010110001010101011101011000101000100011
1111101100000100000100100101001101100001011101001010111111000010000101111011000110010010000110100111001011001101111001010100110110010101111000100011101100100101000011010000100100110110110010010000000001010100011010010010010000011100011101001000011010111001
0010110101110000000101011101110100010111010111101000100110010111101010100100011010000110100000001101100010010011010100110101001100111000001000000100000101001011100100100100111110000110001100101111011001001010100100001001001000111110101000100010010011010100
1111100110001110100100101000111001000100000000010010001010100011100111010011100000010000001000111110000101001110000100110000110011010101110101101010111101000100110010000001001110101111110011011000000001110010011100000010110001011101011101010000001011100011
1110100101001011100000100000111001000100000000000000101000100101100101010001100111010000001000110110001111000110000100110000111011010001110101101010111101010100010010000011001110101110001011110001110001110000001100100010110001011101110101010000001011001001
0000100101111010100001010011010000001001000100110000110010110100101000100000101011000110100101011001000001011011001010100101110101001000010001001011000000010010011000000011000001001011101100000010111011001100000010111000100000100011000000111010011100000001
1011110000100001000000010110111101010011010001000010000000000101100101010000000010110000000100111100101110010010100100010001101101100001011000001000100101010000111010000010011010001000000010111101110001001000100110100000110001101111100100000000001001000000
1000010001111000000000010100111001000000010100000000001010010101000010100000001010110110100101111100101110010011001000110100000001001001011100000000110001110100101110000110111100001110001111101011111001001000100110100001110000110010100000000010010001000001
1011001000000011100100100001001001000011001001011010110101100010100001111011100100010000000010100111001101001100010100000000110000010111110101100011111100100100010000110001101100110010100011010100000001110100001100010010110001011100010110011000001010100000
0000010000100000000100010100111100000001010100000000100010010101000010100000001010110110100101111101101010010011001000010100000101001001101000000000100001100111001110000100110110000110001011101011111011011000100010000001100000110000000000000010010001000001
1010111101011011100000100000111001001110000000000000110000100101000000000010001101110000001000110100001101000111100100110000110001011000110101001010111001110100010010000001101100101110001011100111010001110000001100001010110001011001110100010010000011000001
1000011101000000000100100010110001001100000101111000110110110111000000000010001110010000100001000100000000001011010110010100000001111000110101100010001101100100000100100001101110100011001101001011001001111010000110000010000000011001100010010010010011010001
0000110001101000000000010100101101000000010100000000000010110101000010000000001011110110100100111100101011010011001010110100100101011001011000000000100001110100001110000100111100000110001100100011111000011100101110100001100000110111010000000000010001000001
0010011101010001100100001000111100000110000100000000110100110111000001000011001110110100101000100000001011000111110000100100110101011101100001100010001101100111001110000000101001100101001100000101011001110000001100000011100000011101010000010000010111010000
1000011101100000000100000010110001001110000101111000110110110110000000000000001110000000100001000100000000000001010000010100000101101001110101100010001101100110000100100001101110100011001101001011011001111010100110000010000000011001100010010010000011010000
1010001000001011100000100000001001001011001000000000110100100000000001110001100100110000000000100110001111001000100000010000110001000101010101101010111000110100010000010011001100101111100011010101000001110000001100100000110000011101010100010000001010100001
0010011100010001100100001000001100000110000001001000110100110110000000000011001100110100001000100000001011000101110000100100110101001101100001100010001101100110000110100000101001100101001000001101011001110000001100000011100000011101010000010000000111010000
0000011100000000100100000000001100000010000001011000110110110010000000000010001000000100000001000100000000000001010000010100001101101000100001100010001101100110000100100000101000100011001000000011011001111010000000000001001000011001110010010010000011010001
0000011100100000000100000010000101000010000001111000110110110010000000000000001000000010000000000100001000000001010000010100000101101001100001100010001101100110000100100001101110100011001000000011011001101010100010000000000000011001100010010010000011010000
0000100100000000100000100010001100010110000000111000000010110010000011010011000000000100000000010010001000000000010000100000011001100101100001101010001101000010000000100000001010100000100000110001101000100010000000000000011000011101110010010000001100100000
0000011100100000000100000010000101000010000000111000100110000010000010100000001000000010000000010000001000000001010000000100100101101001100000000010000100100010000100100100110110100001000000100011010001001000100010000000000000110001100010010010000100000000
0000010000010000000100010100000100000100010000101000110100000000001000100000001000000100000000001000100011010001010000000100001101101000101000000000000000110110000100000100110001000000000000000011010001010010100010001000000000011101000000000010000100010000
