180.000000 3.000000 -0.232271 -0.377229
494.000000 64.000000 0.276828 -0.279187
499.000000 65.000000 0.284887 -0.277511
51.000000 226.000000 -0.441863 -0.016906
356.000000 231.000000 0.053873 -0.009314
19.000000 233.000000 -0.493609 -0.005491
352.000000 234.000000 0.047279 -0.004378
28.000000 236.000000 -0.478998 -0.000663
48.000000 240.000000 -0.446725 0.005757
48.000000 246.000000 -0.446738 0.015467
162.000000 251.000000 -0.263986 0.023526
270.000000 251.000000 -0.087986 0.023603
551.000000 251.000000 0.370060 0.023499
158.000000 252.000000 -0.270430 0.025155
357.000000 253.000000 0.055523 0.026902
241.000000 254.000000 -0.135600 0.028513
255.000000 254.000000 -0.112640 0.028526
252.000000 255.000000 -0.117563 0.030167
298.000000 255.000000 -0.041845 0.030199
353.000000 255.000000 0.048927 0.030196
255.000000 256.000000 -0.112638 0.031814
257.000000 256.000000 -0.109353 0.031816
409.000000 256.000000 0.140958 0.031788
355.000000 257.000000 0.052224 0.033487
271.000000 259.000000 -0.086334 0.036764
331.000000 262.000000 0.012625 0.041729
350.000000 262.000000 0.043976 0.041720
353.000000 262.000000 0.048923 0.041718
360.000000 263.000000 0.060460 0.043357
362.000000 263.000000 0.063755 0.043355
342.000000 264.000000 0.030778 0.045017
332.000000 265.000000 0.014275 0.046667
257.000000 266.000000 -0.109339 0.048252
254.000000 267.000000 -0.114262 0.049889
363.000000 267.000000 0.065398 0.049934
412.000000 268.000000 0.145841 0.051477
419.000000 268.000000 0.157279 0.051458
426.000000 269.000000 0.168697 0.053077
428.000000 269.000000 0.171958 0.053070
355.000000 272.000000 0.052209 0.058168
346.000000 273.000000 0.037369 0.059823
355.000000 274.000000 0.052207 0.061457
419.000000 274.000000 0.157260 0.061295
416.000000 275.000000 0.152357 0.062945
424.000000 275.000000 0.165416 0.062916
426.000000 275.000000 0.168677 0.062908
355.000000 276.000000 0.052204 0.064746
414.000000 278.000000 0.149078 0.067871
362.000000 279.000000 0.063731 0.069665
367.000000 279.000000 0.071964 0.069655
438.000000 281.000000 0.188191 0.072681
130.000000 282.000000 -0.315343 0.073943
132.000000 282.000000 -0.312134 0.073952
325.000000 283.000000 0.002718 0.076281
124.000000 284.000000 -0.324954 0.077167
414.000000 284.000000 0.149053 0.077705
412.000000 285.000000 0.145780 0.079352
21.000000 287.000000 -0.490533 0.081896
301.000000 287.000000 -0.036870 0.082843
319.000000 287.000000 -0.007181 0.082855
32.000000 289.000000 -0.472653 0.085097
435.000000 289.000000 0.183270 0.085784
36.000000 290.000000 -0.466174 0.086707
429.000000 290.000000 0.173496 0.087453
553.000000 290.000000 0.373180 0.086736
241.000000 291.000000 -0.135494 0.089228
247.000000 291.000000 -0.125667 0.089255
265.000000 292.000000 -0.096126 0.090966
551.000000 292.000000 0.369974 0.089986
122.000000 293.000000 -0.328114 0.091780
413.000000 293.000000 0.147375 0.092451
415.000000 293.000000 0.150642 0.092440
119.000000 295.000000 -0.332911 0.095011
121.000000 295.000000 -0.329705 0.095023
123.000000 295.000000 -0.326499 0.095034
566.000000 295.000000 0.393952 0.094789
135.000000 296.000000 -0.307243 0.096733
137.000000 296.000000 -0.304031 0.096746
292.000000 296.000000 -0.051688 0.097606
294.000000 296.000000 -0.048394 0.097610
296.000000 296.000000 -0.045098 0.097614
404.000000 296.000000 0.132642 0.097411
560.000000 296.000000 0.384350 0.096431
358.000000 297.000000 0.057104 0.099232
416.000000 297.000000 0.152253 0.098981
173.000000 299.000000 -0.246039 0.101882
181.000000 299.000000 -0.233106 0.101940
183.000000 300.000000 -0.229862 0.103585
436.000000 300.000000 0.184827 0.103758
472.000000 300.000000 0.243161 0.103492
296.000000 301.000000 -0.045089 0.105817
302.000000 301.000000 -0.035202 0.105827
304.000000 301.000000 -0.031906 0.105830
410.000000 301.000000 0.142427 0.105562
418.000000 301.000000 0.155494 0.105513
440.000000 301.000000 0.191323 0.105363
470.000000 301.000000 0.239924 0.105137
474.000000 301.000000 0.246382 0.105106
238.000000 302.000000 -0.140346 0.107225
292.000000 302.000000 -0.051675 0.107448
383.000000 302.000000 0.098191 0.107341
386.000000 302.000000 0.103115 0.107328
258.000000 303.000000 -0.107574 0.108967
437.000000 306.000000 0.186410 0.113549
518.000000 312.000000 0.317036 0.122630
585.000000 324.000000 0.424334 0.141675
180.000000 326.000000 -0.234487 0.145901
618.000000 327.000000 0.477707 0.146575
445.000000 426.000000 0.197998 0.307727
439.000000 428.000000 0.188256 0.311013
398.000000 429.000000 0.121687 0.313068
399.000000 435.000000 0.123257 0.322686
403.000000 435.000000 0.129759 0.322648
406.000000 439.000000 0.134595 0.329035
415.000000 440.000000 0.149200 0.330549
405.000000 441.000000 0.132951 0.332252
290.000000 442.000000 -0.054422 0.334231
414.000000 442.000000 0.147557 0.333768
293.000000 443.000000 -0.049528 0.335845
334.000000 445.000000 0.017326 0.339087
338.000000 446.000000 0.023845 0.340680
272.000000 448.000000 -0.083715 0.343754
290.000000 448.000000 -0.054399 0.343842
408.000000 448.000000 0.137757 0.343449
284.000000 451.000000 -0.064160 0.348621
268.000000 453.000000 -0.090196 0.351740
292.000000 453.000000 -0.051122 0.351855
294.000000 453.000000 -0.047865 0.351862
337.000000 453.000000 0.022201 0.351888
264.000000 454.000000 -0.096698 0.353317
270.000000 455.000000 -0.086930 0.354955
310.000000 455.000000 -0.021794 0.355099
282.000000 456.000000 -0.067394 0.356618
425.000000 456.000000 0.165264 0.356121
427.000000 456.000000 0.168507 0.356102
298.000000 457.000000 -0.041338 0.358277
289.000000 458.000000 -0.055990 0.359849
432.000000 458.000000 0.176592 0.359266
287.000000 459.000000 -0.059242 0.361442
287.000000 461.000000 -0.059235 0.364644
294.000000 462.000000 -0.047837 0.366268
296.000000 462.000000 -0.044581 0.366274
299.000000 464.000000 -0.039692 0.369483
271.000000 465.000000 -0.085249 0.370977
322.000000 465.000000 -0.002244 0.371109
302.000000 466.000000 -0.034804 0.372691
301.000000 468.000000 -0.036427 0.375890
445.000000 468.000000 0.197567 0.375226
502.000000 468.000000 0.289866 0.374936
294.000000 469.000000 -0.047816 0.377474
275.000000 471.000000 -0.078715 0.380607
294.000000 471.000000 -0.047811 0.380675
304.000000 471.000000 -0.031539 0.380697
347.000000 471.000000 0.038436 0.380671
298.000000 472.000000 -0.041300 0.382286
342.000000 472.000000 0.030299 0.382285
348.000000 473.000000 0.040057 0.383869
274.000000 474.000000 -0.080328 0.385408
343.000000 474.000000 0.031921 0.385484
347.000000 475.000000 0.038425 0.387074
349.000000 475.000000 0.041678 0.387068
543.000000 475.000000 0.356607 0.386596
351.000000 476.000000 0.044928 0.388663
356.000000 476.000000 0.053059 0.388647
