0011101010000000101110100100000101100111001010001110111001110010000001111111010001001010100010100111001001001101010111010011101110011111110000110001101101101110000101110001110100110111000000010100000001010100000100010111010011000100000010100100000010110000
0111001010000000011000010101000100110001011010101111110001110010000001111111011001001010000011100111000001011101111011010010100110011111000001100011101100001010000111110011000100010101100100000001001001000000000100110110001001001000000010010100000010111000
1001000100000011100000111011001011110010001000111010110001100000010101011011100001000111001111110111000001101000101001010001110010000111010101111011101100000000011011110010000100111010100011010100100100000100010010110001011001101010010111111001001000100000
1011001010000000101111100000101001100001001110011111111010110011010001111111010001011010100110100111001001101101011100011111100000010111110101110001101101101101000000110000100100110110000011010100000011000101011110000110010000001000000111110100011010101011
1111100110000010100010101001001001111101001000000010110010100010010101111011100000010011001010111111000101101100110000010000110010000101010101111011111000000000010010010011000100111111100011010100100100010101010010110101110111111110010101011101001000101011
1101100110000110110010101010000001100101001101110010111010100010010101010011100111111111001011111111001101101110100010010000110010000101010101101011111100000001010000010010000100111011110011010000100100000101011000010111110010111000010101011101011000101010
1011101100000100101001010011011001010110110010100010111011110110001001111010011001000111110001010110110000011001000110010001001001110011000001111100100110001011111100101110011110001110110100101101011001000010000100010110001110001001100000110110100110110100
0110100011000011001100101000000111101011101010001101111000110010010101110111010110001010100010010111001001001100110001001110001110111100111000110001101101101100000001111001100100110011011000010000101000000111011000000011010000111100001011010000010110101000
0011101000001000001110100011001111111011101011111011000001111000100111111111011001000010110111000011001000001100101011001011001110111110110001110111001100111011101001111001000111110000000100101001001001000110001110010010001001001010111010110000000110110000
0011111100011000000110110011001110010001001001111010000001111000011000101000101001001011010111010011010000011001101011001011001100101110000000101111001000010011101101111011000011110010100000101110001011000110001010011100001101001010110010111010101100100100
1011101100000000001011100011001111010011100001111111110011101010101001111100110001100010000111100111010000011001111000111011000000010011010100111111101100001001110100111011000000110010100000011100000011010000001110110000011101000010111010111000001010110100
0011100100000000000011100011001110010001101001111011100011101000111001111100100001100010010111000011010000011001101011001011000000000111000000101011001100011011111100111011000001110010100000111100000011010000001010110000001101000010111011111010101100110110
1011100100100101101000010000100001010111010000000010110001100011000101111000010001100011010001111111011101011001000011010011100001000011010101011110111111101000111001011011001100001100110011011001010001000001010000100100111111000010010100110100101000000010
0100101010000001001110101100100100101000011011001101001001010010010111010011010110011100001010100010001000100100110101101110110110001110101000110011001001101110000011110100100001110111011010010000000110100101111100000111010011010101000010000100010010101001
0011011011000001001111000101010100010000000111101111100101011110000000101110011001101010100000000000000000100001110010100011100101001011001000110010001101101010000110100100000000110001000100001011011011001001001010010100001000000111000010100110010001011000
1110101110000100010111101010001001000010001001111010001011110010010001010011100101001101111111110111001001101100101111110000100000010111010101101011111100000001010001110011100100110010110001110000100100100101001100010111010010001000010111011101001010101110
0001101000000101001101110100110111010111110010101010111000011111000001111111010011010011110011100111100101011111010111010000100000010101111000111100111111001001110011100101011100000001010010001001000001010000110100000011011000001100000011000000010011111000
0000011010010011101110100000010100101001001010011000111100100110001100000111011110110001010010010010000101101101010101000110111110011100100001110011011011101110000101000001101001110000001010000110000111100110110100001010000011011101010010110111010111101000
0000011010100001101110000000100100101010000010001000110101110011000111100111011100100011010010010001001000001100010001000110011110111010100001110010001111101110000101100001100010110000001000000101111011101110110100000010010011110100010010110101000111001000
1110101011000101110000111100000001100010011010000111011101111010010101011111010101001010011011101111011001001101000101110000110010001111011101001111101111100101000011110011100100011111011101010001001010010101001100110111110101000000010100010101100010111000
1011001000000001000101100111000011010111110000110011111100011110001101111110011011010011110011100111000101011101000111010111100000010111111100111100111111001001110001100101011100001001010011001001000011010000010100010011001100001000001111110010110011110100
1010001000000001000111110111000010000111110000101000110001010010101000100100100011000011110111100111110011011001111011011111101000010011101100011100001110001011110101101101011100010000100001011011000011010110010100010000000000001010001111100010011011010110
1000011000010110101111100010110011000010100110111010101111111111100101101000011100000001110000010010011000001001010101000101011001111011100101100110001111101000110001100001101001100011011111101101011001100010001100000010011100010001111110110000110111000100
0101000100011110101110100011001110111001101000111011001110111000000011011011000010100001100010000011001000001100000101001000001110010100110001000111000010010000000001110001000011100000010000110100001000010100000110011110011010111000101110010001111110111001
0000011010010011101110100000000100101110001010001000110101100010000100101111001000100001010010010010011101001101010001000100111110101110100001110011011011101110000101000001101001110000001001000110000011100110111100111010000111011101010010110111000111101100
0010011101001100101100000000110011010010100010011011111111101101110100101000001100100001010000010000011101000001000101000001010111011011110001101110111001110100100101100001101000101011011101001011011001100001001100000000101101010001011010110010100111000100
0011100010000100101110000011000100110011101011111011100101111010001111111010100111001110001011000111000001101001101011001100101010100111100001101011001100001011010101110000000110110010100000010000101011000110011000010100001001101010000010011110011100111000
1110100011000101010111111100110001000110011100000000001000110010010001010011000001101001101011111111011001111110110110110000100000000111011100001011110101100100010010110011000100001110011101010000000100110101101000100111010000000000000110000101111010101110
1011100010000001111000011101000001111111011000000111000001100010110111011001010001101100001001111110101110110000010011111011000011100110010101001001110110101101101011111110110010011100000001110000110110100101001000110000111001100111100000101000001000100000
1011100010000001111000011001001001110111011000000111000011100010010111011001010001101100001001111110101010110000000011111011000001100111010101011001110110101100001011010110010110011100100001110000110100100101011000110000111001100011100000111100001000100000
1011100110000000111000111001001001110110011010000111000011100010010111011011010001101100001101110110100010110000001011111011000001000111010101011001110110101000011111010010000110011100100001110000000110100101011000110001111011000011100000110100001000100000
1001010000100010000111100111100011011001011101111010110110000001100001101101000010001011110111001001011001011011111100001011101000110000011000011001000000110001100000111100011101000011100000010000110011001100010010001000010100111010001111101000111100010111
1100101011000101011001111110110001000110011110100100011001011110010001010011000011001000101111111111001001111110101100110000100000000111011100001001100101100000011010110011000100011111011101000000001100110101100100100111010000000000000110000101111011101000
1101000101100100100011011011011010010111001100110111101010101010101111110100100110010110001000011101010101000011000100110000011000100101000101011011010110000000010100010010000110101010110011110110100001001011110000110101111110011110111101011011101100100010
1100000100000100100011001001001010000110001100010101101010101010111111110111100110010110001010011111000101001110010100010100011000110101100101011111010100000100010000010100010110101010110011110100100000000111110000000111110110111100111111011000111100100010
0111001111001101001111100010111101010001101011111111111001111100010001111111011001001010110111100111001001011101101111010000100100011111110000101010101101110001001101110001001100100010011100000001001001000001001110000111001000001000010010010101110011111001
0001010011010000001000111011000100111001001010111111000001010000001110011110010000001010001111001001110000110100011000000010001110101110000000001001000010001011101101010110010011010001100100101110111100010010110010111001001011111010100010111110101100100001
0101100000000100010001011011000011010110001000110010100001000000001100111010101001000011011000011111110111111001000010000000110000100111000101001101010110010011110100011110010110011010110001111110000101000110101000110001101111001110001101011011101000110110
1101000101000100100011111011001010010110011100100010111110100010001101111001100101000111101011010011110011011011010010100000101000000101000101111011010110000011010000110010000000001100110011010000000111110010010000110001111110001010011101011001101100110010
0110001111000101011111100010111101010011101011111111111001111110010001110111000001001010110111100111001001001101111111010000100100011111110000100011101101100011001111111001100100110110011100000001001001000101001110000110010000001000010010010101110010111101
0101111111001101001110110010111101010001100011111111111001111101011000111111011001001010110111100111000001011101101111001000100110011111010000101110100101011011101101100001001101100010010100001001001011010001001110000111001000001000001010010110110011111001
0101100000001100110001111011000111010010001100110010111011100000101101111000100001000011011111111110110011011011001010010000001100100111000001001101100110010011111100010110010110001010110000010100100001000010100010110001101110001010001001011011101000110110
1000010111111010101111000010111010101100100110111000110110111101111000000000111110011101100001010000000101100011000100001111110011110000100101101010011001011100110100101000101100101000101111001011110001111011010100001000001000111011011110111010010101000011
0100001011001101011110111100101001000110011001001010001101010010010001010111000110001001101111111110001001111110011101110100100110001111111000000001100101100100001011110001100100010110011100010000001100110101100100000111010000000000000010000101110010101000
0010011101011110101101110011110100011001100111100001111110111101101100100110011110000010100011100011010111011001100100000111101100011000000001110110010010011110101100000011101101101111111100001011001001001010010100001011101100011000011000100010110011000001
1000011101110010000101100010110010001011100101000000110100010111101100100100111110010011110101101001011001001011001000011111101000010000100100011110010011101100111010000001101100001101001011001011011001001010010100001000010100111010001111111010010101000111
1100000110011010100110101000111001101111110100000101001110101111110111010111110110011010100010010111101111001110000100011110011010110100110101010000110101110100010000000000101110101110001011110100100000010111110100001111110000111100111101010101011111000010
1000010100101010101110000010101011101100100010111101000111111101110010000100011110001100110001010000001001100000000001001101110011101010110101110110001001110100000001101000101110110010001101001011111001111101100110001100010001111011010110110010010101000001
0010011100111010101110000001001110101100100000000101100111111101111010101100101110001100010100010000000101100001101001001111011111101010100001110110011001111110101111101000101111111110001010101111011001111110001110011100101001111111110000110010110101000001
0011011100000001000111010011001111010010001100101010110101111010110100101001001110000001110101100110110001010001101001010101100101001101100000110100101110000011101101111000001100010011100000000001011011110101010110010000001100000011001011110011110000110110
0100011110011110001100100000101101101101011010001101001110000001000101000111011010110010000110111011101111001100011101000110010111011100110000000000110011110110000011010101111011010110011010100101010000110100110110101010110010011100101001000100010011101001
0001011110010000100110001001001100101110010000001010010111110011010100001010001100001101011000010000011000100001010001101101011111101010100001110110001001111110100001101001101001110000001010101011011000110110111100011100001101010111111011110011100111000100
0100011110011010001010100100101101101000011011011100011010000001110101100011010000110000000100101011001111001100111101100110110111011100111000000010110011111110000010010001101001110010001011010101010101110101110110101010110001011100011001000101000010100011
1000110011110000101011011011011100010010100010110100100000111110011010000100111001010110101001010000000110000001010011001010011000100010001001101010011110001011010101000110010011101000100100101110011100011011110000001001101011101111110000111111001101011100
1000110011110010101011011101011000000010110010100100100001111111011010000100111001000100101001010000010110000001010010001010011000100010001101101010011110001011110101100010000011101000100101101110110101011011100000001001100011101111110100101111001101011100
1101100101000000100011001011011100010110000100110111000010100010111110011100100000110100011010011010010100000011010000100011110000010001000101111111010100000010110100000010001000101000100011111110100000110011100100110101101100010111010011011110101110000110
1001001000000101100000010101000011010010011000000011110001100010000101111011000001101111010010001111111110111001010011110001101010000111001101011100110111000001110101011111011100011101110011010001000001110110101100110110111111000110001101010000101010111100
0010010011111110101101011011011000101111100110110001100101111100001110000000101101001111101011010000100111110010000010001000001110101010001001110001011010011101011000100010100011011000101101101110111110011010010000011001101010101010110101111110010101011000
1011001100001000001100101011001001110001001011111011110111110000001001111011110000000010001111100111000001101101101001010011100000000111110000101011101100010000011101110001000100110010100000010000000001000100001010110101011001011010010110111100001000100001
1011100110000000001000101111001001110011011011100011110011100010000001111011010001001010001111100111000001101101101001010010100000000111011100111011111110001000011010110011000100111110100011010000000001000100011000110001011011000000010110011100001000101000
1011001110011000001100101011001101110001001011111010110001100000001101111111110000001010001111100011000001101001101001000010100000000111110000101011001100011000011000110001000101110011100000010000000101000100001010110101001011011010010110011100001000100101
0011101111011000001110110011001001110000001011110000110001011100011000111011111011000000100111100011100001111101101011101110100110001111010000101001000001011001011001100011001101011011001100000001001011100100001110011110001000001000000100110110000011111001
1111101110000000101010101011001001110111101011110111111000101010010101111111010111011010000111110111001001101101101110011010110010010101010101111011111100001000111000011011000100111010100011010000000001000100011010010111011001001000010111011100001010101000
0001010010000001100011010101100101010010011000001010101001100011110001001101010001000100001000001110111110000011010110110011101101111111101001010100110110101111100100010100111100000101000010011001010001100011101100110000111101000101001001110101100000110110
1111101000001110000001110111000011010111011000100110111011100010100001111101100001000110011011101111110101011101000010010010101000100111011100111101110110000001111000010110010110011110110011010000000011010111001000110000111111001010001101011001101000110110
1000001101000010100101101010111000001111110100111101001110111111100011010111100110001000110011010111011001101110000100001111011000110111100101110110001101100100110000101000101110100010001101100101001000110010000100001111010110111000110111110000111111000110
1010101110011010101110101011001000100001101011110101111010110000101001110111110101011010100011110011000101101001101101001111100010010111100101110011011000011100010001111001100101111010100011010000000011000100011010011111110000001000010111111110011110100000
0000011011000101101111000100110100110111110110001000110000111111010010100000001111011111110000001100000000000011010010011100111111111001001001000010000101101010000100101100111110100001001100001011011011101011110100000100001000010101010010110111010111011000
0000011011100101101011000100110100110010110110001000110000111111010010100000001111010101110000001100000000000011010010011100111111101001001001000010000101101110000100001100011110100001001100001011011011101011110100000100000000010111010010110111010111011000
0100011111010010100101100010111101011111010100111101001110110111100011110111011110001010110011011111011001101010010100001110001101111000110001010110001111100000100000100000001110100010001100101101001001100010100100001110011110011000110110010100010111000110
0011001110001000001100110011001101110000001011111111100001011000000001011111000001001100001101100110101001111101111011111010100111001111110000100001101100111001101011110000000100010010100000110000000001100100001110010110001001001011000010010000001010110001
1011101000000000011000001101001001110010011011011111000011000010000111011011010001000100001101100110000001100101111011111010100011000111111100101011111100101001010111110010000110110010100011110001010001000100001010110101011011000011100110000000001000110001
0011101110011001001000101011001101110000001001111010110001001000000001111111000001001100001101100010000001111101111011101010100000000111010000101011101100011011100101111010000101110010100000010000000101000100001010110001001011001011000010101100001000100001
0000111000000000100110000000100111000100101000001111010111101011010110001111001000101100000000111010011110100001010001111111010101001011110001010110101001101110100111001001101001110100001000101101011010100101111100110110010101010111110011110000100111000101
0100011000100101100110000001000110000111110100111101100111111110011110101100001110001010111000010100010001100001010011011100011111101001100001010110001101000011000101101100011110110010011100001011011011101111100000010100000100011011010011010010110101011100
0011100000011001011000111011000100111001001011111111110001000000001000111010110001101010001111000011000001111001111011000010100100000110000000001001001010011011001111110011000001010001100000010010100011011000001010111001001011101010000010001110001100100001
0100011110110101101110000100101100101001101010001111001001001011010010001111011000101110001000011000011110100100010001001110011101101110101000010010000001100110000111001100110011110100011000100101011001001111101000111111100001111101110000000100000111101101
1101001110000100101100100010001001110010101011111111001001111010000001011011010001000000101111100111001001100100011111110000100010000111110100111011100101100000010111110001000100110011010001010000000100110101110110110111010000010000000111010100001010111000
0010011100000100101110001101001110100110101010001000100101111110010110101010001110110111000000110110000000000101110001111100110110011111100001100011101101000010000111100001000000111100011010100111011001010111010000010011000001010001010011100011000011101000
1101001100000111100010100100001010001011100001011010000101101010011111011010100000011101011010010011010110101000010001101000111010100010101101111111011001000110010001001111011011110111110011111000100100110101101100110110110101110110011111011001101111001110
1101001100000101100010100100001110000011100001001010000101101010010111011001100000011111010010010011011110101000010001101000110010100011101101111111011100000110110101011100011011110101110011110000100100110101101100100100110101110110011010011001101110001110
1001100000001001011000111111001001110001011001001111110001000000000001111011100001100010001110111111100011111001011011110010100010000111011100001101100010001001001111010111010100010110100001010000100101000100101010110001011011000110000000001000001000100001
1101100010000000101000101001000100100011001110011111110010101010010101111111110001011010100010010011000111001111010111000010011010110101000101001011010100001111010101010011010001110011100011010100100001010111110000010111110000001100110011111100001100111000
1011100110001000011000111011001001110001101011111111010011100000001001111011100001101010001111100011000000110101101011001000000010000111010000101011001110010001011001110011000001110000100000010000100110010100001010110001001011000010010110011100001000110000
0011000110011010011000111011001100110001001011111011010011100000001001011011110001101010001111000010000000110101101011001000000010000111000000101011001010011011011001111011000001110000100000010000100110010100001010111001001011000010110110011110001100111001
1001101010100001101000011111011000110111010110100101100100100110001110110110111111011110000011011101100110011011000011110110001010110001001101001001010100001001011101001110011110001100100011101110100011011010010100000101101000000010110100111110011011011000
1101110000011111100011111011000011011001101000110111011011101000110001101101000001101000001001111000111010111010001110101011001101011110010001010101100000110000101000011111110001001111010010011001010001100101101000111101111101000011111101010000101100100111
1101011000100111100011101101000011000011111000000111001001101010110011001111100001101010011010010101011110101100000110111010101000100111011101111111010100100100110000011111110010101101010011110000000000111111001000110101110101101100111101011000101100100110
1101001000100111100011100101000011010011111000000111001001101010110011111111100001101010011010010111011100101100000100111010101000100111001101111110011100100100110000011111110010111101010011010000000000010111001000110101110101101000011111011000101100100110
0101110011111010001011111000110101011000100100011111011010101001110001010100010011111000100101111000100010110011011110101011100001010000010100011101110000011111101110101011011001000100100111011000110011101001101110101101011000000001001011111100011100010111
0100100011011011100011111011010101011101101100000101001000101001110001110101010011111000100000111110110110110111000110111011000101010100010001011101110000010101101100011111110001001101100100110000010011100001101000101111100000000101111001011110001100110111
0111000111011111011100101011001100011001001001111010111101110000001001111011100000100010101111000011000000101100101011000000101100100110000000001011001010010010011001110001000001110000100100010010101110010110000010011101001010101010000110011111101100111001
1000101010000001101100000100100000100010101011001101110000001011010101110111110110111100100010011011001100000111010101111110110010010101101101000010011101101110010111000100101000100001001011010100100000100110111100000110010000010100010110100100011011001000
1101000011001010101011111010110001011111110100100111001110101011110011110111010001011010000011111110010100110010000110111011011000110001010101011111110100001000111000011111001110001111100101111100110011000011100100100111111000000000111101011100001110000110
1111101010000100011000111101001001110000011011000011001011000010000101011111000001000000000111100110001101110100101011110000100010000111011100111011110110100000011011010011000100011111110011010000000100110101011110110111111001000001010100000101001010111001
0111010110111010001000101001001101111101011010001011000011000000000110101110000001001010001110101001000111011100111001000000011010101110010100000001110000110110001111010010100111110110100011110110110011011100111010111101101001111110100000001110001100101001
1010111111111011001110110010111000100100010110100101110110011101010101000101011110111100100101100000101010110010101111101110100111011001110100000000000101111101001011100101111000001100001101001001001110110001010110001110110000100001000100100100010011011001
1010011111001010011110110010111001101100010110100101110110111101000100000111011111111100100111101111101010111010001111111110000111011001010100001000100001101001011011000011001000001110001101101001001010110001010110000110110000100001100100100100010011011001
1000101110011010101000100000111001101101000010010101000010101101000111010101110001011000000010110111001111101010000011000010011011110000010101001010111001111100010001000111111110101010001011110101000000110101111100101110110001111100110100110100001111001001
1000111110111010101010110000111001101101000010010101000010100101000100000100011011011000000100111100101110101000001011000110011011001000010101000000110001111100011011000111111111011110001011100111001000111101011110101110110001101111110100110100000111001001
0000011010111011101100010010000000100010110010100101100001111110011110001100011010011100101001000000101011010101000001000110001111101000101001010000000101111110001001000100111111011110001000000011011011101111110100011100100000001011110100110110010111001000
0001011101100001011101000011111101010010100010111111100101111111010000101000011010001100110101100100000000100001011001111011000101001011010000000110101101101010100101100000001100100010001100001011011111111001000110010000001000000011000010110010110011010100
0100000010000101100110001000100101100000001001011000101100010010000101010011000010010101000010110011001001100101010101100100110110001101100000110010001101100110000101110100100100110011011010010001000110100101110100000111010001010101010011000101010010101010
0100010001000101011001010100110111010101011110001000111101011111000001110011001010100010010100101110111000011111010100110000100101001101011000000000100011100010000110011101111100000101011100000001011011010001100100100010000101010001001000000001100001111101
0000011010000000111101001100100101100110011100001010101111110111000101011111001110000001100000100110101010000101010111111111100111011101111001000100100101101110100111100101111100110111001011001001001011110100110100000011110100010101001001110101110011110000
1111100110000100100000001100100001100110011000001010001111101010010111011011000000010101001000110110101110100101010101110000011011100111011101000011111111100100000111010100111110110110010011110100010100100111011000110111110011010101110001010101101000101010
0001111000000000100101000001000110100111010100001101110000111010100100101100001111011011100000010111000001001001010010011111110001011001100001110110001110000110100101101000101100110011000010001011010001000110111100010000001100011110011011110010110010000000
0000111000100000100111000001000110000011010100001001110000111010100100101100001111011011100000010101000001101001010000011111111101111001100001110110001110000110000100111000101100110010101010000011010101001110111100010000000110011111010011110011010011000110
1111100110000100100000001100100011110110011000000010001011100010010111011011000000010101011000111110101110100100010101110000001011100111011101011010111111100100010111010110011110111110010011110001110110100111010000100110110111010101110101010101101000101010
0100111000100100100101000001000100000111111100111101110010110010100000101100100111010110100000010101001001101101010000011111111101101101100001110111001110100110000100111000100110110010001010010110010101001110111000010000000110011111010011011111010000100110
0100000011000001000101000100000110000000101100001101101101010010000001010011000010000000111100101010011001100111011100001100100101001101101000010000100111100010000100110000101100110101001100000001011100100100100100010010000010010001001011000000010110111100
0100000001000001000101000100000110000010101100101110010101010010100001011011000010000100111000100010011001100101010100011100100101001111100000010000101111100010000100110000111000110001001100010001011110110100100100010010010010011101001011010000010000111110
0100011010000101101110100100100001000111011010001001111101111011000001100111001101001011110010110111111111001101010111010000110110011111011101110000111101100100000101100111111100110100011001010001000001010100100100000110110110001100011000010101100011111100
0011100100111000101100000000111110100111110010011010110010101011111101110000100100010110000000010101000101001011010000010011111011100001100101111011011110010111010100001000000110100010100011011010110001011011011000000000110001011111010001111010001100011010
1010101101111000111000000000011010100111110000010000110010101111111100100000100100011011000000000101000111001011110000010001111011100001100101101111011110011000010100001010000110101010110011011010010001001011011000100000101001011111010101111010001101000000
0101101100001000111010010011001011110111010110110010110011110100011100101100111010011011100101111100100001011101001001010100111111111001000001001101100100010000111101001010010110001010110010001011011001010010110010110100101100011011010100010011111000101000
0100011111100101100011011100111000000111010100000000011000100111011110000110101011111101011000110100110110100111000110010100010011011001000101001000110111000110011110001011101000001101001011000111011100111011101100000111100110001101110001000111100011001110
1110011110100100100110010000110001000110100000000000001010111111000010100110001011111111110001110100001110111111000111010000100011010001010101101010110111100100010111100111111100101101011011110111010101111111001100000110110000100101010101010101110011001111
0100101010000100100001100100100101000111011000001111111000100010000101110111000101010010000010100111101111001100010000010000110000001101011101010000111111100110000010011111110100010111011011010001000001010100111100110010110011000100000001010101000010101110
0110101010000100100001110100000101000111011000001111111100100010000001110111000000000010010010100111111111001101010100010010100000011111001101110000111111100111000110010111111100010100011001010001000000010100011100110110110011001100010001010101000010101110
1010110100101010100000101001001011101111101000010000010110100010110100000111001100011111001010100101001101000100100001011001011001100100110101111110111001101101010001011010100110111110001011110111110000011101011000011011110001111110111101110000000101111000
0110111111110100110101000011011100001101000100111101101110110101001010100110001110000011110010000001010000101111110000000110011100101000000001100011001110010011001100100000100011100010001100100110001101001010001110001010001110111100110000011111110111011110
0101000111011110000010000000111100011101000000111101111010001101101000110100101001011110010110011001110101011111011111000010101010110010100000001101010001010010110010000100011111000010100100001010101001010010100110101110001111101100000010001111101001100111
0101100100110110000010110000111100111101000010001011111111001001001100100100111001011111010110011001110111011000011111000000101010110010100100000101010000001110100011000100111111000110110011011110100000011000100010101100001111101100000000001111100111000011
1001111001111010110011110011011011011110000100110000110000100100111100100000101011011011000001011000110101111011000000000011001001110000010101001101110000011000111000000111011111001110100101111010011001011001111000111000101100111011100101111011101100000010
0100011111111110100001110010111101011001000101110101111010010101001001100010001010000010110011001001111001001011001010000110111100101000010001010010000011110001001000000110010111001011011100000101001101011010100110101111100110111000010101010101011011011111
1010110001111011110010010011011011101100010100110000110000101100101100100100101011111011010101111100100111111010001000010001000011000000010101001001110010010000011100000111010110001100101111100110111111011101101010111000100100101011100101111011111101000011
1110100100111110111000101000111011101101110010000001001010111001010001000011110001010100101010110100001110000100100101001000011011000010010101100110111001111100110011101011101101101111011101110101100010101100001100001111110000100101111100010000001111001101
0111101100001100001111100101001111100001011101010010111111010000010101111011000111010011100110110111001011001101101010010100001110111101111000100011101110110101001011010000100110110011010010010000000001010101011010010010110000001100001101000001011010111001
1011100100000011100010010000101011000111010000000010000001100011100111010100100100011101010101111110111110000000101100010011111011110011110100011110110100000100111010010011101110101100100011111101110000100111011100100100110111010011010101100000101001000110
1011100100000010100010100000101011100111001000000010000011100011100111011101100000011101010100111110011000000000101100110001110011010011110101010110111100100100111010010001101110111111110011110100000000000110010110100100110111010011011101111000101000000011
1110110100011110111110111000111011101101011010000001001011111101010000000011011001100100001011110000001110000100100101011000010011001110010101100110111001111100101011101011101101101110011101100101110000101000001110001111110001100101111100000000100011101001
0010111101111011001010010011001111101001101011010000110011111000110101000001000001101101000111111101111011111001101000011001100110011110010000000100100000110000001111011011100001011100001100000010111101101101010010111100110001100010011000101000100000000001
0110110101111000101010011010011011111001101011010000110011101100110101111001000101101111000111111001111111111100101000011000100110011100010000011010110001110000001110011011000001011110001100000000111101100001011010111110110101100010011000101001100000101001
1111100100000011100000100000111001001110001000000010001000100011100111010101000100010001010100110110111111000010001100110011111011110101110101011110111101100000010010010010001110101111010011010001100001100010010110100100110111011101010101110001101000000011
0110001000000100001101100001000010100111101110111000111101010010000101111011000110111011100010100011001001001101011011011100000000011100100100100011001000100111000101110101110000110001111011110100000001010100110010010010010000001000101011011001011010111000
1000010011111111000001010100111001001000010100000101000100000101100010100000011010110110110101111101110110110011001000110110010001001000011100011000110001110100111110001010111100001110001111101011110101001000110100101001110100110011100101000111110001000111
1110100100000110100100101000111001000100000000010000001010100011100101010101100000010001011000110110011111000110010100110000111011010101110101001110111101000100010010000001001110101111010011010001000100100000001100000010110101011101010101010001101011100111
1110101100000110100100101000111011000100000100011010011010100011100101010111100100010001011000110010011111001110110101110100110011010101110101100111111001000100110000100001101110100111110011010001000000100000001100000010010100011001011111010001111011000111
1100000101111010100001110011010010011000001101110100110010110100101000110000101011000011111001011000010001001111001010100010111001000100010001101011010000010000011000001011000001001001101100000110101011001000000010111000000000100011011110011011111100101111
1110100111000110101000101000100001101111011010000000001111110010000011010011000101100100001010110110011111000100000101010000000010001110010101100001111001100100000011111110110100111111011101110100100100000100001000100010110001000101110100000101100011101001
1100110011111110101001111010110000011000000110110100111010000101001000100010111011000000111011011000010100010110000100000000001000100000000101001001010001010000110000001111010011001000011101001010101010101000100000101011101100101001001110011111100101001100
0100110011100100000101010100111001001001010100000100000010010111000110100000001010110110100101111101111110010011001000010100100101001000011100000000110001100110001110000100110110000110011011101011111001001000110010100001100100110010000001000110010001001111
1110111111001111100101101000111001001110000000000000111000100111100000000111001101110100011000110110011101000111100100110000110001010000110101001010111001100100010010000001101100101100011011110101000001100000001100001010110101010101110111010100100011000110
1010110101101101101101001000111011100110000110000000101100110111000110000000001110010100101000100100001101000111100101110101110011001001110101100110111101101101110111000000101110101110011111101111011101111000011100000011110000111101110100110010110011011001
1011000011100001001000010110111101110010010111101110000000000111100111011101010011110000000100111110101010011010010100000010101101110001011000001000100101011000101000010111011110000000000110101101111110100000110110100000010001101111100100101100001000000010
0100110111101101100001011000111001000100010100000000011000100101000001000001001011110100101000111100111111000111000010110100110101001001010001100000110001110100001110000110101100001110011111000001011000000000001100100011110000000101000001000100010011001111
0100001011000101000101101100110101100100011101001000001100010110000001010011000110010010101010100110101001000110010100110100110100001101111000000000101101100111000010110101110100100111011010000001001000110100110100000011010000010100000011000100010010111010
1010011100100101100101001000111001100110000110011000100110110111100110000110011110110100101001100100001101000001110101110101110011011001110101100110111101101101100101100000101100110111011011101111011001111100011100000010010000011001011110110000010011010001
0100011000110000000100010100010100001100011000001000111101010100001100100010001110000000001000001000100010011101010001000100011101101100001000000000000001110110000101000101110011000000001100101011011001111010101000001011101000011101100000000010010101111000
0010011000110000100100011100010100011100010000001000100101000111001110101010001110010000001000001000100010001101110000000100011100101000101000000000000001100110000111000100110011000100001010101011011001011010100000001011101001111101110000000010010111011000
1000110101100001100100001001001001000011001100011000000000110011100010000000001111110110100000111100001100000011010010110100010101111101110101000000110101100100000110110100111110010111001001100111011000001100101000110001010000100011100110010000010001000001
1000111100111010100100000001011000000000000001000000110010100001101000100000101001010010000010111001000101001011000010100100110000010001110101101011110000010101010100000001101101101010101011011010000001001110101110101000100001011110010100011010001011000001
1000100001000000100000011110111100000110010100100000000000110110001011010011001011000100101001011110000010000100010000100100011001100101001101001010000101000010010100000110011110001010001100100101011000110010100100100010000000011101110010010010000111100000
1010101000000001100000011110001000000110010000100000000000110110001010000010101101000100001001011110000010000101100010110100011101101001001101001010000101000010010100000010001110001110001000101111001000110010001100100010100000011001110100010010000111000000
1010011100100001100000000000001000010010000000000000100100100110001010100000101101000110000000000100000100001001100010110000011001100001100101101010011101000000010110000010001110101110001011101111101001111010001100000000111000111101110110010010000011000000
1000101000000000100000101000000001000110010000001000000010100010000011010011000001000000000010111110001111000001010010110000110000000101010101001011110101100100000100000011100100100111000001010000000000110000100000000001010000010101010110010000001010100000
1000011100111010100000101010000001001110000000010000110010100000000001100011100000100000000000111000001101000001000000000000110001000100010101001000110001110100010000000111110001001001001001010011010011011000100000001001110000010101110100010000001111000000
1000001000111010100000101000000001001110000000010000010010100010000001100011100000100000000000101010101111001000000000000000011001000100010101001000110001110100010000000111110001101001001001110001000011011000100000001001110000011101110100010000001111000000
1000011000011010100000101000000001001110010000000000010010100010000001010001100000100010000000101010101110001000000000000000011001000000010101001000110000100100010000000011100000101011000001000101000011000000100000001001110000011101110100010000001100000000
0000001000000000100000100100000100000110010000001000110000000010001010000000101000000100000010000011100110001000010000000000011000101000001001101001010100000011010100000110010010101100100000000010000000110010100000000000100000011100110010000010000100000000
0000011000000000000100001100001100000010010001001000110110100010000000000001001000000100000001100110000101000001110000110000101000001001101100100011111100100110000110100000100100100101000001000010010001100010000000000001110000011001010010000010000100010000
