583.000000 42.000000 0.420486 -0.314053
588.000000 43.000000 0.428660 -0.312483
32.000000 193.000000 -0.472395 -0.070205
128.000000 207.000000 -0.318498 -0.048052
130.000000 219.000000 -0.315354 -0.028554
134.000000 221.000000 -0.308949 -0.025317
436.000000 221.000000 0.184987 -0.025595
365.000000 224.000000 0.068697 -0.020825
149.000000 227.000000 -0.284884 -0.015601
153.000000 229.000000 -0.278457 -0.012353
147.000000 231.000000 -0.288110 -0.009078
151.000000 231.000000 -0.281679 -0.009088
363.000000 234.000000 0.065411 -0.004373
87.000000 236.000000 -0.384215 -0.000810
102.000000 238.000000 -0.360233 0.002404
269.000000 238.000000 -0.089632 0.002216
350.000000 239.000000 0.043982 0.003854
438.000000 240.000000 0.188277 0.005533
443.000000 240.000000 0.196405 0.005536
344.000000 241.000000 0.034084 0.007146
350.000000 241.000000 0.043982 0.007147
353.000000 241.000000 0.048930 0.007147
501.000000 241.000000 0.290053 0.007217
386.000000 242.000000 0.103255 0.008797
439.000000 242.000000 0.189904 0.008810
499.000000 243.000000 0.286844 0.010474
100.000000 244.000000 -0.363440 0.012146
341.000000 246.000000 0.029134 0.015380
79.000000 247.000000 -0.397029 0.017036
81.000000 247.000000 -0.393830 0.017034
83.000000 247.000000 -0.390630 0.017031
356.000000 247.000000 0.053876 0.017025
342.000000 248.000000 0.030784 0.018674
452.000000 248.000000 0.211014 0.018634
458.000000 248.000000 0.220737 0.018632
59.000000 249.000000 -0.429071 0.020303
113.000000 249.000000 -0.342648 0.020257
418.000000 249.000000 0.155678 0.020290
438.000000 249.000000 0.188277 0.020279
57.000000 250.000000 -0.432283 0.021925
61.000000 250.000000 -0.425864 0.021919
416.000000 251.000000 0.152409 0.023574
506.000000 251.000000 0.298078 0.023505
341.000000 252.000000 0.029133 0.025261
349.000000 252.000000 0.042332 0.025259
353.000000 252.000000 0.048929 0.025257
460.000000 252.000000 0.223972 0.025172
509.000000 255.000000 0.302886 0.030015
505.000000 256.000000 0.296470 0.031647
386.000000 257.000000 0.103247 0.033459
450.000000 257.000000 0.207761 0.033365
517.000000 257.000000 0.315702 0.033260
440.000000 259.000000 0.191517 0.036657
502.000000 263.000000 0.291643 0.043052
504.000000 263.000000 0.294853 0.043047
516.000000 263.000000 0.314091 0.043021
451.000000 265.000000 0.209365 0.046452
503.000000 266.000000 0.293241 0.047935
57.000000 267.000000 -0.432300 0.049450
53.000000 268.000000 -0.438728 0.051072
59.000000 268.000000 -0.429089 0.051069
136.000000 268.000000 -0.305768 0.051188
222.000000 268.000000 -0.166640 0.051452
433.000000 268.000000 0.180106 0.051417
456.000000 268.000000 0.217461 0.051344
533.000000 268.000000 0.341283 0.051109
227.000000 269.000000 -0.158474 0.053106
417.000000 270.000000 0.154006 0.054743
419.000000 270.000000 0.157273 0.054737
537.000000 270.000000 0.347672 0.054347
133.000000 271.000000 -0.310573 0.056061
130.000000 273.000000 -0.315378 0.059305
134.000000 273.000000 -0.308962 0.059319
392.000000 273.000000 0.113068 0.059738
416.000000 273.000000 0.152363 0.059666
141.000000 274.000000 -0.297721 0.060972
383.000000 274.000000 0.098288 0.061403
340.000000 276.000000 0.027470 0.064763
529.000000 277.000000 0.334858 0.065738
513.000000 278.000000 0.309236 0.067427
515.000000 278.000000 0.312441 0.067419
217.000000 279.000000 -0.174757 0.069460
374.000000 279.000000 0.083482 0.069639
234.000000 280.000000 -0.146995 0.071168
236.000000 280.000000 -0.143724 0.071175
389.000000 281.000000 0.108121 0.072881
506.000000 281.000000 0.297998 0.072339
516.000000 281.000000 0.314030 0.072292
518.000000 281.000000 0.317234 0.072283
503.000000 283.000000 0.293173 0.075608
510.000000 283.000000 0.304404 0.075572
283.000000 284.000000 -0.066538 0.077884
457.000000 284.000000 0.219011 0.077488
520.000000 284.000000 0.320423 0.077149
338.000000 287.000000 0.024161 0.082848
392.000000 287.000000 0.113022 0.082715
510.000000 288.000000 0.304377 0.083703
516.000000 288.000000 0.313995 0.083670
539.000000 290.000000 0.350797 0.086798
536.000000 291.000000 0.345994 0.088435
625.000000 299.000000 0.488974 0.101264
282.000000 310.000000 -0.068112 0.120529
337.000000 313.000000 0.022482 0.125501
547.000000 373.000000 0.363022 0.221120
491.000000 422.000000 0.272384 0.300744
584.000000 432.000000 0.423100 0.316877
376.000000 433.000000 0.085841 0.319669
378.000000 433.000000 0.089099 0.319655
583.000000 434.000000 0.421491 0.320128
380.000000 435.000000 0.092341 0.322847
424.000000 436.000000 0.163847 0.324034
424.000000 438.000000 0.163825 0.327244
358.000000 439.000000 0.056473 0.329396
376.000000 439.000000 0.085799 0.329289
374.000000 440.000000 0.082535 0.330905
369.000000 442.000000 0.074380 0.334142
497.000000 442.000000 0.281887 0.332929
501.000000 443.000000 0.288344 0.334515
350.000000 444.000000 0.043412 0.337441
353.000000 444.000000 0.048302 0.337429
380.000000 445.000000 0.092268 0.338875
397.000000 446.000000 0.119906 0.340342
369.000000 448.000000 0.074344 0.343754
372.000000 448.000000 0.079227 0.343735
517.000000 449.000000 0.314192 0.344140
366.000000 451.000000 0.069442 0.348575
519.000000 451.000000 0.317427 0.347375
527.000000 453.000000 0.330392 0.350616
358.000000 454.000000 0.056403 0.353419
382.000000 454.000000 0.095457 0.353279
384.000000 454.000000 0.098709 0.353265
526.000000 455.000000 0.328773 0.353860
603.000000 455.000000 0.455188 0.355205
605.000000 455.000000 0.458540 0.355285
386.000000 457.000000 0.101939 0.358056
364.000000 458.000000 0.066150 0.359794
381.000000 459.000000 0.093797 0.361295
389.000000 459.000000 0.106801 0.361239
391.000000 459.000000 0.110051 0.361224
541.000000 461.000000 0.353181 0.363692
492.000000 462.000000 0.273685 0.365250
545.000000 462.000000 0.359710 0.365360
382.000000 463.000000 0.095396 0.367695
392.000000 463.000000 0.111646 0.367626
429.000000 463.000000 0.171685 0.367323
605.000000 463.000000 0.458890 0.368583
388.000000 464.000000 0.105140 0.369257
332.000000 465.000000 0.014037 0.371101
432.000000 465.000000 0.176530 0.370509
446.000000 469.000000 0.199179 0.376827
448.000000 470.000000 0.202410 0.378422
456.000000 471.000000 0.215359 0.379976
501.000000 471.000000 0.288244 0.379800
426.000000 473.000000 0.166741 0.383411
428.000000 474.000000 0.169976 0.385003
433.000000 474.000000 0.178080 0.384967
332.000000 475.000000 0.014023 0.387105
375.000000 475.000000 0.083949 0.386960
377.000000 475.000000 0.087199 0.386950
379.000000 476.000000 0.090443 0.388541
449.000000 476.000000 0.203990 0.388077
466.000000 476.000000 0.231525 0.387983
