1111100100011010010001010011001001011100001000100010000011011000000001011000100001000001010101001000111010010100101011000000000000000110010100001000100000110001011010110010000001011110100001010000000000010100001010111000111101000000000100000001101000110111
1111100100011110001000010011001011011100101010100010000011011000001001011011100001100000010101101010110010010100101010000000000000000110010100001101100010010001111010010010000101011110110101010000001000010000000010111010111101100000000100001001101100110011
0010000001000001101110000100010101000010100111001101000001011110000001000000001110000000110001000100011000000010010001010100010110001010101001100010001101100010000001110000100000110101001100000000001010000000000000000000010000010000010010010000110001000000
0100011011111010101010011111010000111100010100000101100110000100011100000000111010011100001000001000100111111011000000100110001010100000001001011001010010010010011000000110010011001111101010101110011101111011110000111101101001111111100101001111000101011011
1100010010111010101010011101010000101100010100000101100100000101001100100000111010010000001000001001100111101010000000100110011010100000001101001000010010010100011010001110110011001101101011101110110101111011110000101101101011111111100101001111000101011011
1100010010101111111010010100100001101110010000000101001000000011100110100100110010010010001000001101101110100010000000010110011011100000011101000000110011100101010010001100110010001101001011110110110100011111110000101101110011111110100101001111001001000011
1011110000100001110010000101001011110010011001001010110001001010110001111001000001100100001000110100001110100001110011111011110011000111011101101011111100100100000111110111110100110100100001010000110101101101001000110001111011100111010000001001101000100010
0001110000000001101001011101010110010000100010011011100001001010101110101000011001100100001000011000110010000001010010101011110101001011001000011101000110001011100100010110010000010001100100001011010101111010111000110001101001000111010000101010100000100100
1001100100111011100010111011000011101001000000010010000000100000111101010000100001111011001010001001100111101000000111101011010010000010010101011001010000010101010000010111010001001001100011110010100110011101111000101001110101100110100101111000001100010011
1011000000000000001010111111000001110110011001100111110011100010110101111101110001001010001111100111000101011001101011111011100010000111011100111011111100001001011011111010000100011110100011011000100001000100011000110101111001001010010100101000001000110000
1011100110001000011010111011001001110001101011111111000001101000011011011011110001001110001111110110010000110100101011111011000000000111010000101011101100011001111001110011000110111010100100111000100010000001000010110101011001000010110110111100101000100000
1000100101111011101000110011011001101000100010100101010000100101111100000000111011111010001111101001100110011010001010001111000010000000010100011101110000011001111010000011000001001101101111001010101000011000110010101001101101100010000101101010001001010001
1010110100111011000010111000100011101101000000000000010000100001110100000000101001111001001111101001101110111000001010101011100010001000010101011000110001110101011010001111110001001101001011110011110110011101011010101001110101100010000101101010000001010011
0001111100000100101001010001111100010110110010000010101001101110000011111011010001001110010001010110010010000001010111010001011001110111000101101110100101001011110101110110011110001110010101111101011001010010101100110110111111001101110000110100100010110100
1010100100111010100010111010101010101001000001110000010000100000111111010000100001111011001111011001101100111000101010001011001010100000010101111011011000010000011000010011000011011000100011010110100000001101011010101001110101101010110101111001001100000011
1011000100011011001000111011011001111001100011110101000000001100011100011000111011011010001111111011110101011000101010101111100010000000010100011101010000011001111000000011000101001010100111101010101010000001010010111101101101101010000100111010101101000001
1100100110011110100010101010001001100011011101010000011000100000001101010011100110111011000010110011001101101110100000000000010010000101011100111011111000010100010000010011000001111001100011010000100100000101011000111111110110111100010111011101001100101010
0110101011000100001110100000100101100001101010001101111010110011000101110111010110000010100010110111001001001101110101010110101110011101110000100011101111101110000001111001100100110010011000000000001001000110011110000010010000011100000010010100010010101000
1111101110001101001000110110111001010111111010100010111111101100001101111111000001011011010111110111110011011101101110010000100000010101011100001101100111011001111110000011000100001110110110001001001001000001010100000111111100001000000100000101101010111100
1011001100001110000000110011001001010101110000100010111110100000101100101110101001010011010111111111110001011001101110010001100000010001010100011101110110011001111010000011001100011110110011011010000001001010010110010001101100001000000101111010101010010011
0100011011010011101100100000010100101000001010011100111100100110001100100111011110110000100010010001000101101111010101000110111110111100100001110011001011101110000101001001100001100000001010000110001111100110110100001010000010011100010010110110010111101000
0000010010100001101100000000100100100011001010011000000101110111000111101111011000100111010010010001001000000100010001000110011111111111100001110010001111101110000101100000101010110001001000100001111011001110011100000010000011110100110010110101000111001000
0000011000100101100110000101000110100010011101011000100101010010000110101000001110010101010000000000011100000001010001000101111111101001101001110010001111100110000101100100111010110001001010000011011011111110110100010000000100011111010011100011110111001000
1011101010000001101010101000000001110010101010000011000101101010010111011011000101001100001000110110001100100100010001111010011011000111010101101010111101101000010001010010000100111101000011110001000110100111011100110111111011000101010110110100001010101000
1100011000010110111111100000110010100010100110111000101111111111100001100001001110000001110000010010001000001001010101000100011001111011100101100110001111100100100001100001101001100010011101101101011001110011001100000010010000010101111110010001110111000000
0001111100000100100000100001001110010110001000011010110011100010000110101011001001000011010010010011011100001101010011010001011100101111000101110011011110100110000101110001100010110100010001010000000011000110111000110010011111010110110011010001100110101100
1011100000000000101010011001001001110111111000000111000011101010010011011001010001101100001001111110101010110000000011111010000011100111010101001001110100100000001011011010010110011100100001110000110110100101001000110100111001100011100000111000001000100000
0001010001010001001000111011010100111001101010110011000001001100011110011110011000001110001111011001110001110000011010001011001110101110000000011101000000001011101100011110010011010001100100101110111000010011110010111101001001111010100010111110101100100001
0111001011001100011001111110010101010000011101111000111110001100010001111111000110001010100110101111111001011111101100010000100100000101011000001001100100010000011110010011010100010011010100000000001000000101000110010111010000010000000110000101111010101111
1101100100000100100011111001001110010110001000100010110011100010000101111001100001000011001011010010110011010001010010100000111000000111000101111111011110000011110000110011000000011100110001011000000111100110110000110001111111001111011101011001101100110110
0101101111001100001110100010111101010001101011111111111001111100010001111111011001001010110111100111001001111101101111011000100100011111110000100011101101110011001101111001000100100010011100000001001001010000001110000110001000001000000010010100110010111101
1100100111001110100011101000110001001110110100010001101110101111110011010111110110011110100010010111001111001110000100011100011000110101010101111010010101000100010000000010101110101011011011110100100010000011110100001111110000111100111101011100011111000010
0100001011011101001101100110110100000001101111110001111101011100001100110111111110001010000010100011111111001101000100100100100100011101101000010101000001011110101000001001101101001011011100000000001001000001010110001110100100011100000000000111111011101001
1000011001110011100101110100100010001001000101000000111100010111100100100110101110110011100010001001011001001011000100000111100000011000001101010100010011101100100010001001101001000101011011001010001001001000010100001010111100111000001101100010010111000111
1100001111001110101111101000110001001111110100010101001110101111110011010111100110011110100010010111001101001110000100011110011000110100110101111010111101100100010000000000101110101111011011110101100010000011010100001111110000111100111101010100011111000010
1100001111011110101101110000111001101111110110000101001110101101010111000111001110011010100010111111101111001110000100011100011000111100010101010000110001110100011000000000101110001110011011100101101000000010110100001110110000111100111101010100010111001011
0011011100000000010110010111000110010110011100101010110111010010110100101001001110000011110101000110110000011001111001010101001111101111101000110101001110100011001101110101010000010101100010000001011001100111010000010000001100000011001011100011110000100100
0100011110011110001100100000101101101101011010001101001110000001000101000111011010111010000110111011101111101100011101000110010111011100110000000000100011110110000011010101111011010110011010100101010000110100110110101010110011011100101001000100010011101001
0010011100111010101100000000101100101100100000010101100111111101101010101100101110011100110001010000000101100001101001001111011111111000100001100110011001011110101101101000101111111010001010001111011001111110000110001100101011111011110001110010110111000001
1000010100111010101100000010101010101100100000111101100111111101100010100100101110001100110001010000001001100000000001001111010111101010110101100110001001110100000101101000101111110010001001001111111001111100000110001100000011111011010110110010010101000001
0100011110011010001010100000101101101001001011011100001110000001110101000011010010110000000100101011001111001100111100000110010111011100110000000010110011111110000011010001101001110010001010110101010101110101110110101010110001011100111001000101000010100011
1011101100000000001000100111001001110011111011101010110011100010000001111011010001000010001111100111000001101101101011011011100010000111010100111011101100101001011011110011000100111110100001010000000001010100001010110001011011001010010110111000001000100000
1011101110000000001000100011001001110011001011111010110011110000000001111011000001000010000111100111000001011001101011011011100010000111010100101011101100001001011101110011000100110010100000010000000001010100001010110001011001001010010110111000001000111000
1000110111110010111001011011011100110010100010110000100000101110011010000000111011010111101001010000000111000011000011001000011000100000001101101010011110001011010101000010010011101000100100101110011101011010111000011001101011101111010110111111001101011000
1001000110000000101011001011001000010110100110110010100010101010111110011000110000110101001011001010000100000011010000100011010000010001000101001011010100001010110100000010001000101000100011111010100100100010110100110001101000010111010111111111001110000010
1011100010000000001000111101001001110111011011000011110011101010000001111011010001101010000011110111001111111001100011011000100010000111011100101011111110101101111011110011000100111110100011010000000001000000001000110101111011000010010100001100001000110000
1011100100000000001000111111001001110011111011000011110011100010000001111011010001101010000111100111000101111001101011011001100010000111011100101011111100001001011011110011000100111110100011010000000001010000001000110001111011000010010110001100001000100000
0011101110011011001010110011011000111000100011110111110001011100011100101010101001001010100111100011100001111101101011101010100010001010000000001001000001011011011001100011000101011011101100001010001111100001011110011110101011001000000100110110000111011001
1000100111100111111001011010111000100010100110100010100001111111001010101000100001000111111001010000001000000000000010001000011010100011000101111011010101001001010000100010000010011100101101101110111100011010010000101001110010101011110100111110001101011000
0011101110011000011100111011001101110000101011110111110001011100001100111011111001001000100111100010100001111101101011101110100110001111010000001001000000011001011001110011000101011011001100000000001011100100001110011111001011001001000110010110001010111001
1101111000000101100001010101000011000010001000000111111001100010100001101111001001100100011000001110111110110101000011110011111001011111011101011100110111100101100101010111111000011101011001010001010001100111101100110010111111000111001101010000100011100110
1010010000111111111100011011001010101010011100110011100101110100001110101000101101000111111001010001100111110100000011001000001110101010001101100101011010010101011001100010100011011000011101101110111110011110010000011001100010101010100101011010100101011000
0001011011000001101011010100110101010110010010001010111001101011110011000101010001000100001000001110111110010011010110010011101101111011001001000000100110101111100100010100111110000100000010011001010111100011101100100000111101000101001000110101000100010110
1101101000000000100011110001000011010111011000000110111011100010100001111101010001000010001001101110110101011001000110010010101000100111010101011101110110000001111000010110000110011111110011010000000011000111101000110001111101001011001101011101101000110110
0111100000011110110100011011001110111100001000110111100111110000001110101010101100000110011111000001110001010101001011001111001110101110000001100101001010010011101001010100010111010010110000100110101111011110000010011001001111101010101000011010101100110100
0111010000111110110100011011001110111100001000110111100111110000001110101010101100000010111111000001110111010101101011001011001110101110000001100101001010010111101001110110100111011000111000100110101110011111000010011001101111101010101100011010101100111100
0000011011000001101011000100110100110010100110001000100000111111110010100000011011010101100000001100000000000011010110011101111101111001001001000000000101101110000100001100101110100101001100001011011011101011110100000100001000010101010010110111010111011000
1011100000000000011000001101001001110011111011001011000011000010100011011001000001000100001101100110001000010000111011111011000011000111111100101011111110101001010011110010000110110110100011110001010100000100001010110001011011000010100110100100001000100001
1011101110001000011000101011001001110000001011111010000011001000000011011011010001000100001101100110000001110101111011111010100010000111010100101011101110011001001011110010000100110010100000110000000100000100001010110001011011000011000110111100001000100001
1111100111000000000011111011010001010110011110100010111010100010110001110101110001010011100101101110010101011011001110010000001000110101010100011001110110001001011010010110010110001111100101011000100111000011111000100001111100001001101101011101001000110110
1111100111000000000011111011010001010110011110100010111010100000111001110101110001010011000111101110110111011011001110010000001000110101010100011001110110001001111010010110010110001110100101011000100111000001011000110001111100001000101101011101001000110110
0000111001100100100110000000110110100111110100011001100110111111010110100100001110011011110000010100010001100001010011001100011111101001100001010110001101000011000101101000011110110010011100001011011011101111100100000100000100011111110010010010110111011100
0000111001100100100110000000110110100110110100001001100110111111011110100000001111011001110000000100010001100001010011001100011111101001100001010110000101000011000101101100011110110010011100001011011011101111100100000100000100011111110010010010110111011100
0000111100000000100110000000100101000100101000001111010111101011110100001101001000101100000000111010011110100001010001111111110101001011100000010110101101101110100111001001101000110100001010101101011011100101111100110100011101010111010011100000000011000101
0100011000100100100110000001000110000110111000011101100111111110010110101100001110001010111000010100010001100001010001101111011111101011100001110110001101100011100101101100010110110010011000001011011011111111100000010100001100011111110011010010110101011100
0001000101011110000010101000111110110101100111011000000010001000111111010001100010110111110110001011000100000010111100100001010010010000000000001001010000011110000010010111011001100000110110110100100100000001110010101010000100110100100011101001101000001001
1011100110000010001000101001001001111001001011000011110011100010000101111011110001101010001011110011000101101101101011011010100010000110010101101011111010001001010011110011000100111110100011010000000001000100011000110001011011001010010110011100001000100001
1001100110000000101010101001001001110000001011011111110011100010010101011111110001011100001000111110000101001001110010111010110010000111010101011011110100001100010100011010000100110011100011110000000001000101111000110101111001011111010111111100001000101000
1101001100000101000010100000100010000011100000000011100001001010010011111001100000101101000010000111001100101000010000111000100000000001000100001100100101000100110110011001001000011000110001010001100000100111000100000100010000000010001100000001101011000000
1001101011000001101010011110010000110111010110100101100100101110001110111110111111001110000011011111100000011101000011110010001010100001001101001001010100001001011101001110010110011100100101101110101010010010010100110111101001100000110100111110001011011000
1010100010100011101110010010111000100110010010100101100100100110011110100100110111010110000011011101100110010001000011110110101010100001000101011001010100001001011001000110011110011110100011111010100000011111010000000101111000100010110100111110011001011000
0111000111011111011100101011001100011001001001111110011101110000001011111011100000100010101111000011000000111100101001000000001100100110000000101011001010010010011001110001000011110001100100010000101010010110000010011101001010100010100110011111111100111001
1000101110011010101100110010111000101110110110110101100110111101011111010110111111010110100011010111001101001100000011001110011010100000000101011010010101011001011001100010001110011010001101000010101000010110010100001110110000101010110100110110011111011000
1101011000100111000010100001000011010011101000000111001000001010110001101111000000001110001000100100001001101100000100111011101000110101010100000100100100100000110000011001000110010000010000000001010001001111000000010101011000000010001100000000001000100000
1010000110111010001110110010001001101111011010100111100111100000001111001100110000011110001111010101101111011000101001011110001010100010110101000000111101111101011001011000100110011110001011110010100000011110011000011100110001101010100100111100001001011000
0110010011111001001011101000110101011000100100001101001000101101110000100100010001111000101100100000110110100011010110101011000001011000010000110001111000111111100110001111111001000111100101111010110011101001000110101111001000000101101001001110000100010111
0111010011111001001011101000110101011000100100001111001000101001110001100100010001111000100100100000110110110011010110101011000001010000110000110101110000111110100100111111111001000101100111111000110011101001101110101101011000000101101011011100000100000111
1000001010000001101000000100110000100010100111000101110000001111011101110111110110111100000010011011001100001111010101110110110010010001101101011010010101001100010101001100001000101001001011010100100000100111110100000110110000010100010110100100011011001000
1000101010000001101100000100100000100010100011001101110000000011010101110111110110111100000010010011001100100111010101111110110010010101101101110010011101101110010111010100101000100001001011010000100010100111111100000110010000010100010110100100011011001000
0100000011000001001011001000110101010100110110001101001000101111110001010100010010111000100100101010100110110011010110111011000001010000010100111001110000001110100110101111011001000101100111111000110011100001100110000111010000000101101010101100011110000011
0100000011000001001011101000110101011100110110001101001000101111110001010101010010111000100100101110100010110011011100111011000001010000010100011001110000001010100110101111011001000101100111111000110011100001100110100111010000000101101011001100011100000011
1011010110111010001000100011001001101101011010001010000111100000010111101100010000001111001110100101101111011100101001001010001010100110110100100000111000111100001001010000100111010110000011110110110010011110011010111101011001101010100100011100001100101001
1011010110111010001000101001001001111101011010001110000011000000010110101010000001001010001110101101100111011100101001000010001010101110110100000001111000110100001011011000100111110110100011110110110011011100011010111101111001111110100100001010001100101001
1111000110001010000000101011001001111101011000001011010011000000000101011011010001000010001111100111000001010100111011010000001010000110010100101011111010010000011011110011000101111010100011010000100010010100011010110101011011001010100111011100001000111001
0111101110011010001000101011001101111101011000111111000011000000001101111111110001001010001110101011100001011101111011000010001110100110010000001001100000010010001011010111010111010010100010110100000011010100111010111101001011001010100010001100001100101001
1111100110001010010000111001001001111100011000000011010011100000000101011011100001100010001111100111100111011100101011010000110000000110010100111011111010000100011011010011000101111110110011010100100010010100011010110001111011100110010101001100001000110001
1000011111011010001110110110111001100110010110100101110010010111010100000101011010111100100101100100101010011010001001110110000111001001110000000000000101111100001011101101111000011000001101101001001010100011000100001110110000100001100100100100010011001000
0000011110111011001110010110101001101111010110011101010000010101010110000100011010011100100101100100101000110100001001011110101111001000111001010000100101111100001001100101111100010000001000000011011011101111010100001110100000100011000100100100010011001000
0010011011100001011101000100111001000010110011001101001101111111010000100010011010101000110101100100001000000011101101111111100101011011111000100110101101101100100111101001101100100100001101001011011011101001000100000010010000000001010010100110110011010101
0011011101100001011100000011111101010010100011111111110101111111110000101000011000101000100101100100000000100001111001011011100101001011010000100110101101101010100111101000001100100010001100001011011011111001000110000000001000000011000010110010110011010000
0100001010000101000110100100100101100000001001001100111100010010000101110011000110010011100000100010001011001101010101100100110110001101101000110010101101100110000111110001110100110000011010000001001011100100110100000110010000010100000011000101010010101010
0100011001000101111100100100110111100001011110001101111100111111000101110111011110001010100010110111001101001111010101011110110110011101111001100110101101101110000101101001101100100110011100000001001011000100111100000110010000011100011010000000110011101000
0000011011000001101111000100110100000011100111001000111100111111010100100111011110011011100000000111001001001111010100001111110101011001101001110010101101101110000100101001101100100010001110001001011001000010111100000010001000011100011011110000010011001100
0100000011000101101011011100100101000110111110001011001101111011000011011111010001100101111000110110111010100100010110010000010101011111011101110100111111101110100110110110111110110101011101010001011100110001100100100111110110000101011000010100100011111100
0001111000000000100101000101000110110111110100001111110011111010100100101100001110010011100000010111000001001001010000011111111101111001100001110110001110000110100101101000101100110010000010001011010001000110111100010000001100011111010011110010110010000000
0100110000100000100111000001000110000011101100111101110000111010100000101100001111010111110000010101001001001101010000011111111101101101101001110111001110100010000100110000100110110011001010010010011101001110111000010000000110011111011011011011010100100110
0100001011000001000111110100010100000000011100001101011100010110000001010011001010100000111100101010111010111111011000001110100101011100001000010000100011100010001110110001111000010101001100000001001100110100100110110010000110011001001001000101010010111111
0100000001000001000101100100000110000000101100001100011100010010000001010011000010100000111100101010011001100110010000001110100101011101101000010001000111100110000110110001111000010101001100000000001100110100100100010010010010010001001011000000010010111110
0100111010000101100110100100100101100111011000001101111101111011000101110111001101001011010010110111101111001101010111010000110110011111011101110000111101100110000101010101111100110110011001000001000001010101101100000111110101001100010000010101100011111100
1011101101000100111001000011011000110111010110110000110010100110011100100100111000011011000000011110000101001011000000010001111001100001000101001110111100001010110100001010001110101010110101001011001001001011010100100000001001011111010111110111001011001000
1011100100110010101100000000111110100111110000011010110010101011101101110000110100010110000000010101000101001011010000010001011011100001100101110011011110001111010100001000000110100010100011011010100001001011011000000000110001111111010011111000001100001010
0100000001000001000101100100000110000110111100101100011100010010000001010011000010100000111000101010011000100111010000011110100101001101101000010001000111100010000100110101111000110001001100000000001100110100100100010010010010010101001011000000010010111110
0100101010000101100010100100100101000110011000001101111001101010010001110011000101011011011010110111111111100101010111110100110110001111111001010000111101100111000111010101110100010110011011010001000000010101111100110110110101000100010001000101000010111010
1010100101110010111000000000111010100111110010010000110010101111111100100000100100011010000000010101000111001011110000010001011011100001100101101111011110011001010100001010000110101010110011011010100001001011011000100000110001111111110101111010001101000010
0100100010000101100010100100000101000110011000001101011000100010010001010011000001011000011010111111111111101100010111110100110100001111111101010001111101100111000011010101110100010110011011010001000000110100111000110111110101000100000001000101000010111110
1101001101000000111010010011011011110111011110100000110011110110011100111100101010001011100101111110000001011101001001010100111111110101000001001011100100000000111101001010000110011010110100001011011001010010110100110100101100011011010100010011111000101000
1010111101111110111000010011011010100111010110110000110010101101011100100100111010011011000000011100100111001011000000010001011011100001000101001111010100011000111100001010000110011010111101001010001001011010110000100100101000011111011101111011111001000000
0100000001000001000101001111000110000010011100101100011100010010000001011011000010000100111000001110011000100111010110001110101101001101101000010001000110100010000100110101011000110001001100010000001110110111100000010010010010010001001011010000011010111110
1100100010000101100001101100000001100110011000001100001000100010000101010011000001111000001010101111101111100100010000110000110000000101111101010001110101100101000010010101110100110111001011010000000100110101110000110111110011010101000001000101001000101110
0110101010000100100011100100000101000110011000001111111101100010000001111111000100001010011010110111111111101101010101010000100100011111001001110001111101100111000111010111110100010110011001010001000001010100011100110111110101001100010001010101000010111110
1010110101111010111000001001001011101111100110000000110010100101111100100000111110011011001000011000001111001010100001000101011010100000010101101110011001111100111001001010100111111110011011000111111001001111011000111001110001111111111101111010000101000000
0100111111000101010001111100111100000011010100000100111000000111011100000010001011111001101000011000110111110110010110000110000101011001001000001000010101000010010110001110011000001100001100000111011100010001110100100110100110011100100001000111110111001010
1010110100101010101000101001001011101111101010010000010110100010110101000111010100011011001000100100001101000100100001011001011001100100110101111110111001101100010001011010100110111110001011110101110000011101011000011011110001111110111101110000000101101000
0100000111010110000000100000111100011101000000011101111010001111101000110100101001000110010010011011110101001110010111000010101010110110100100001001010001000010010010000110011111001010111100001110101000010000100110101110001111111100000110000111101101100111
0001111100110110010000110000111100111101000010001011111111000011001100000100110001111111010110011001110111011000010101000001000010010010100100000100010001001110100011000100111011000110110011011110100000011000101110101100011111101100100000001111101111000011
1000011001111110100001110011011001011100000100100000110000100101001000100000111010101011100101001000110101111011001000000001100001000000010101011101010000011000111000001111000001001100110101001010001101001000110000101000101100101011000101111110011101000110
1000010001111011100001110011111011001100010100100000110000100101101000100000101010110011101101001000110111111011001000000011001000000000010101001100110000011000111000000111010001001100111101001010111111001000110010101000101100101011000101111010111101000011
1000010001111011100000110010111011001100010100100000110010100101101100100100101010110011001101100101110110111010001000010001001000000000010101001000110001010000011000000111010000001100101111001110111111001000000010001000110100101011100101111011111101000010
1100000111111110001000101010110011001001010000000000001010000101001011010000100010010000001100100100001100000010000100000000001001100000010100001000110001010000011000000001001110001110011011111100100010001000000000001011110000100001101101011101001101001011
1100000010001110000000101000110011001011000010000100001010000001000011010001110000000000001010100110001000000010000100010000001001100000010100000100100001010000010000001001001110000010111001110100100000100000000100001011010000100001101100001100001011000010
1100010101111110001000101000110011001001010010000000001010000101000010000010111000010100001000100000001100000110000100010000000001000000010100001000110001110100011010000001101101001110011001100111111000001000000110001011010000100001101100000000000111001011
1100001000111110000000101000110011001000000010000000001010000101000001010011110000000000001000100110001001000000000100110000000001010000010100000100100001111000110010000001001110000010011000100001100000101000000100001011010000101001101100000100001011001001
1100110001111010100000010100111001001000010100000000001110000101000010100000001010110110100101111101101110010011001000010100010001001000011100001000110001110100101110000110110100001110001111101011111001001000100010101001110000110010110000000010010001000001
1000010101101000100000010100111001001001010100000000010010100101100000000000001010110110100101111100101111010011001100110101010001001001011101001000110001100100011110000110111100001110001111101111111000011000000110100001110000110011110100000000010001000001
1010000100001010100000100000011001001101011000000000010110100010000011010011100110010010001010100111101110000110000010010100010001100100010101100001111001100100010010010110110110001111001011010100100000010100001000001010110001100100100100001000001001111001
1010101100001011100000101000111001000110000000000000010000100111000001010011001001110100001000110110001101000111100100110000100001010101110101001010111001100100010010000001101100101110001011110101010001100000101100100011110001010001110100010000000011000000
1010101100000010100100100000111001001110000000001000110010100011000001010011000100110000001000110110001101000101100100010000110001010011110101001010111101100100010000100001101100101100001011110101000001100000001100000010010001010001010110010000001011000000
0000110001100001100100011100111001001001010100000000000010010111000010100000001011110110100100111101101111010011001000010100100101001001011100000000110001100110001110000100110110000100001111101011111000011000100010100001110000110000010000000010010001000001
1000011100101000000100000010000001000000000000111000110010100000000001000000000000100100000001111000001001000001011000100100100001000001110101000010100100110000000100100100110101000001000000000001010001101000100010000000010000011001000110010000000100000000
