7.000000 167.000000 -0.513186 -0.112221
11.000000 167.000000 -0.506604 -0.112213
5.000000 184.000000 -0.516451 -0.084723
31.000000 200.000000 -0.474035 -0.058887
33.000000 200.000000 -0.470797 -0.058893
36.000000 200.000000 -0.465945 -0.058902
278.000000 200.000000 -0.074759 -0.060268
268.000000 201.000000 -0.091210 -0.058598
26.000000 213.000000 -0.482178 -0.037855
51.000000 213.000000 -0.441818 -0.037937
78.000000 214.000000 -0.398535 -0.036431
20.000000 216.000000 -0.491937 -0.032988
25.000000 218.000000 -0.483814 -0.029767
533.000000 218.000000 0.341230 -0.030095
90.000000 219.000000 -0.379363 -0.028382
82.000000 220.000000 -0.392161 -0.026729
238.000000 220.000000 -0.140486 -0.027320
459.000000 224.000000 0.222323 -0.020614
454.000000 239.000000 0.214254 0.003908
458.000000 239.000000 0.220735 0.003912
536.000000 239.000000 0.346089 0.004010
543.000000 240.000000 0.357273 0.005645
565.000000 240.000000 0.392405 0.005682
198.000000 241.000000 -0.205747 0.007179
603.000000 241.000000 0.453255 0.007380
540.000000 244.000000 0.352486 0.012133
193.000000 245.000000 -0.213863 0.013729
223.000000 247.000000 -0.165041 0.017010
451.000000 247.000000 0.209393 0.016998
536.000000 248.000000 0.346098 0.018625
172.000000 249.000000 -0.247853 0.020265
570.000000 250.000000 0.400407 0.021889
454.000000 251.000000 0.214255 0.023542
459.000000 251.000000 0.222355 0.023538
573.000000 251.000000 0.405202 0.023512
569.000000 252.000000 0.398810 0.025128
493.000000 256.000000 0.277198 0.031663
562.000000 256.000000 0.387628 0.031607
609.000000 256.000000 0.462946 0.031652
612.000000 256.000000 0.467784 0.031658
549.000000 258.000000 0.366864 0.034854
167.000000 264.000000 -0.255902 0.044753
169.000000 264.000000 -0.252674 0.044758
606.000000 264.000000 0.458128 0.044586
621.000000 264.000000 0.482357 0.044619
163.000000 265.000000 -0.262351 0.046375
165.000000 265.000000 -0.259126 0.046380
246.000000 265.000000 -0.127390 0.046588
611.000000 265.000000 0.466190 0.046212
244.000000 266.000000 -0.130666 0.048226
547.000000 266.000000 0.363660 0.047834
608.000000 267.000000 0.461355 0.049442
540.000000 268.000000 0.352472 0.051093
560.000000 268.000000 0.384425 0.051058
604.000000 268.000000 0.454913 0.051053
606.000000 268.000000 0.458134 0.051056
526.000000 269.000000 0.330084 0.052751
237.000000 270.000000 -0.142120 0.054775
240.000000 270.000000 -0.137208 0.054783
561.000000 270.000000 0.386020 0.054298
563.000000 270.000000 0.389216 0.054295
524.000000 272.000000 0.326875 0.057632
526.000000 272.000000 0.330076 0.057626
499.000000 273.000000 0.286795 0.059347
522.000000 273.000000 0.323671 0.059264
617.000000 275.000000 0.475908 0.062401
329.000000 276.000000 0.009320 0.064769
472.000000 277.000000 0.243302 0.065983
634.000000 279.000000 0.503563 0.068933
494.000000 281.000000 0.278725 0.072398
499.000000 281.000000 0.286760 0.072373
390.000000 282.000000 0.109759 0.074519
520.000000 282.000000 0.320433 0.073899
636.000000 282.000000 0.506849 0.073799
503.000000 283.000000 0.293173 0.075608
614.000000 283.000000 0.471073 0.075336
617.000000 283.000000 0.475928 0.075343
566.000000 284.000000 0.393984 0.076972
570.000000 284.000000 0.400382 0.076963
619.000000 284.000000 0.479172 0.076967
621.000000 284.000000 0.482416 0.076973
503.000000 285.000000 0.293163 0.078862
501.000000 286.000000 0.289946 0.080501
485.000000 287.000000 0.264211 0.082222
492.000000 287.000000 0.275477 0.082180
480.000000 288.000000 0.256149 0.083881
627.000000 289.000000 0.492188 0.085086
624.000000 290.000000 0.487310 0.086692
386.000000 306.000000 0.103095 0.113878
390.000000 309.000000 0.109640 0.118766
448.000000 312.000000 0.204224 0.123247
462.000000 436.000000 0.225386 0.323603
470.000000 436.000000 0.238319 0.323515
584.000000 438.000000 0.423202 0.326686
471.000000 440.000000 0.239893 0.329941
476.000000 442.000000 0.247955 0.333111
527.000000 443.000000 0.330393 0.334406
525.000000 444.000000 0.327153 0.336028
451.000000 446.000000 0.207483 0.339800
466.000000 446.000000 0.231749 0.339647
472.000000 446.000000 0.241451 0.339589
526.000000 446.000000 0.328770 0.339267
447.000000 447.000000 0.200997 0.341449
470.000000 447.000000 0.238208 0.341218
445.000000 448.000000 0.197749 0.343076
463.000000 448.000000 0.226878 0.342894
467.000000 448.000000 0.233347 0.342856
527.000000 448.000000 0.330389 0.342508
442.000000 449.000000 0.192881 0.344714
449.000000 449.000000 0.204214 0.344642
471.000000 450.000000 0.239797 0.346038
598.000000 451.000000 0.446692 0.348406
476.000000 452.000000 0.247865 0.349216
465.000000 456.000000 0.230040 0.355751
469.000000 456.000000 0.236511 0.355717
623.000000 460.000000 0.489272 0.364538
625.000000 461.000000 0.492761 0.366343
627.000000 461.000000 0.496197 0.366474
632.000000 462.000000 0.504897 0.368510
635.000000 462.000000 0.510103 0.368736
633.000000 464.000000 0.506781 0.371966
636.000000 464.000000 0.512002 0.372202
478.000000 469.000000 0.250990 0.376623
481.000000 470.000000 0.255843 0.378225
592.000000 470.000000 0.437383 0.379662
488.000000 471.000000 0.267177 0.379819
490.000000 471.000000 0.270417 0.379814
480.000000 472.000000 0.254216 0.381462
539.000000 476.000000 0.350082 0.388177
