576.000000 4.000000 0.409592 -0.375813
165.000000 144.000000 -0.258409 -0.150667
107.000000 149.000000 -0.351601 -0.141842
150.000000 156.000000 -0.282708 -0.131038
129.000000 157.000000 -0.316438 -0.129164
83.000000 180.000000 -0.390325 -0.091496
153.000000 192.000000 -0.278255 -0.072619
71.000000 195.000000 -0.409643 -0.067150
54.000000 196.000000 -0.436923 -0.065442
77.000000 196.000000 -0.400040 -0.065567
88.000000 197.000000 -0.382445 -0.064018
164.000000 199.000000 -0.260594 -0.061306
166.000000 199.000000 -0.257370 -0.061320
324.000000 201.000000 0.001069 -0.058684
326.000000 201.000000 0.004368 -0.058684
203.000000 204.000000 -0.197509 -0.053392
206.000000 204.000000 -0.192633 -0.053408
142.000000 206.000000 -0.296034 -0.049764
353.000000 206.000000 0.048900 -0.050441
203.000000 208.000000 -0.197530 -0.046850
207.000000 208.000000 -0.191027 -0.046870
578.000000 215.000000 0.413101 -0.034754
366.000000 216.000000 0.070332 -0.033981
570.000000 216.000000 0.400317 -0.033170
49.000000 217.000000 -0.445048 -0.031459
47.000000 220.000000 -0.448276 -0.026600
250.000000 221.000000 -0.120825 -0.025707
310.000000 221.000000 -0.022038 -0.025786
458.000000 221.000000 0.220694 -0.025521
569.000000 224.000000 0.398751 -0.020222
284.000000 227.000000 -0.064925 -0.015893
46.000000 228.000000 -0.449911 -0.013655
48.000000 229.000000 -0.446696 -0.012043
574.000000 230.000000 0.406760 -0.010492
281.000000 231.000000 -0.069871 -0.009309
316.000000 232.000000 -0.012137 -0.007677
141.000000 233.000000 -0.297753 -0.005805
334.000000 233.000000 0.017579 -0.006030
570.000000 238.000000 0.400389 0.002452
620.000000 239.000000 0.480669 0.004190
216.000000 243.000000 -0.176460 0.010449
219.000000 244.000000 -0.171568 0.012088
614.000000 244.000000 0.470984 0.012258
281.000000 249.000000 -0.069875 0.020316
284.000000 249.000000 -0.064932 0.020317
347.000000 255.000000 0.039031 0.030199
350.000000 255.000000 0.043980 0.030197
621.000000 261.000000 0.482349 0.039767
432.000000 262.000000 0.178493 0.041589
434.000000 262.000000 0.181750 0.041584
614.000000 262.000000 0.471027 0.041366
617.000000 262.000000 0.475876 0.041374
443.000000 263.000000 0.196384 0.043201
590.000000 265.000000 0.432422 0.046186
598.000000 267.000000 0.445263 0.049429
612.000000 269.000000 0.467812 0.052684
619.000000 270.000000 0.479133 0.054318
612.000000 272.000000 0.467818 0.057537
613.000000 274.000000 0.469437 0.060774
619.000000 274.000000 0.479144 0.060789
605.000000 275.000000 0.456533 0.062379
601.000000 276.000000 0.450095 0.063992
503.000000 296.000000 0.293095 0.096755
507.000000 296.000000 0.299515 0.096727
505.000000 297.000000 0.296299 0.098367
562.000000 433.000000 0.387165 0.318261
564.000000 433.000000 0.390422 0.318276
575.000000 434.000000 0.408384 0.320014
573.000000 437.000000 0.405150 0.324883
581.000000 437.000000 0.418257 0.324999
576.000000 438.000000 0.410074 0.326556
564.000000 442.000000 0.390503 0.332933
566.000000 442.000000 0.393769 0.332955
633.000000 442.000000 0.505329 0.335020
570.000000 443.000000 0.400321 0.334637
572.000000 443.000000 0.403595 0.334665
588.000000 444.000000 0.429916 0.336602
567.000000 446.000000 0.395453 0.339496
635.000000 447.000000 0.509060 0.343495
565.000000 448.000000 0.392208 0.342736
576.000000 449.000000 0.410257 0.344549
567.000000 454.000000 0.395573 0.352577
564.000000 456.000000 0.390688 0.355802
574.000000 456.000000 0.407108 0.355988
577.000000 457.000000 0.412072 0.357698
579.000000 460.000000 0.415447 0.362683
582.000000 461.000000 0.420435 0.364413
581.000000 468.000000 0.418989 0.375943
583.000000 468.000000 0.422309 0.376009
221.000000 472.000000 -0.166412 0.381885
563.000000 472.000000 0.389359 0.382048
562.000000 475.000000 0.387784 0.386967
603.000000 476.000000 0.456176 0.390212
605.000000 476.000000 0.459564 0.390325
