157.000000 132.000000 -0.271127 -0.169964
155.000000 133.000000 -0.274360 -0.168320
233.000000 140.000000 -0.148126 -0.157985
182.000000 145.000000 -0.230987 -0.149272
185.000000 145.000000 -0.226136 -0.149310
179.000000 147.000000 -0.235860 -0.145991
175.000000 151.000000 -0.242370 -0.139456
205.000000 151.000000 -0.193805 -0.139817
225.000000 151.000000 -0.161277 -0.140032
331.000000 151.000000 0.012577 -0.140551
203.000000 152.000000 -0.197062 -0.138170
202.000000 166.000000 -0.198835 -0.115393
220.000000 168.000000 -0.169584 -0.112306
222.000000 168.000000 -0.166326 -0.112324
149.000000 171.000000 -0.284489 -0.106703
168.000000 172.000000 -0.253908 -0.105281
151.000000 173.000000 -0.281294 -0.103478
151.000000 175.000000 -0.281315 -0.100231
164.000000 175.000000 -0.260388 -0.100364
191.000000 180.000000 -0.216808 -0.092485
197.000000 181.000000 -0.207089 -0.090908
468.000000 185.000000 0.236641 -0.084206
470.000000 185.000000 0.239870 -0.084188
152.000000 189.000000 -0.279838 -0.077490
160.000000 189.000000 -0.266962 -0.077558
135.000000 190.000000 -0.307152 -0.075721
138.000000 190.000000 -0.302338 -0.075746
167.000000 190.000000 -0.255689 -0.075988
249.000000 191.000000 -0.122357 -0.074919
238.000000 193.000000 -0.140378 -0.071587
469.000000 201.000000 0.238379 -0.058121
279.000000 203.000000 -0.073121 -0.055345
99.000000 204.000000 -0.364895 -0.052745
131.000000 205.000000 -0.313677 -0.051321
131.000000 211.000000 -0.313712 -0.041567
133.000000 211.000000 -0.310505 -0.041578
400.000000 213.000000 0.126178 -0.038827
561.000000 213.000000 0.385927 -0.038069
129.000000 214.000000 -0.316934 -0.036680
97.000000 217.000000 -0.368161 -0.031655
131.000000 217.000000 -0.313742 -0.031811
386.000000 218.000000 0.103226 -0.030654
400.000000 219.000000 0.126195 -0.028979
278.000000 220.000000 -0.074800 -0.027402
295.000000 220.000000 -0.046785 -0.027422
281.000000 221.000000 -0.069861 -0.025761
381.000000 222.000000 0.095019 -0.024091
385.000000 222.000000 0.101592 -0.024084
393.000000 223.000000 0.114727 -0.022425
418.000000 223.000000 0.155652 -0.022369
220.000000 224.000000 -0.169911 -0.020711
410.000000 224.000000 0.142579 -0.020748
415.000000 224.000000 0.150753 -0.020736
218.000000 225.000000 -0.173175 -0.019067
357.000000 225.000000 0.055517 -0.019188
223.000000 227.000000 -0.165022 -0.015799
416.000000 228.000000 0.152396 -0.014171
219.000000 229.000000 -0.171553 -0.012511
294.000000 234.000000 -0.048443 -0.004378
359.000000 234.000000 0.058820 -0.004375
355.000000 239.000000 0.052228 0.003854
360.000000 240.000000 0.060470 0.005502
63.000000 242.000000 -0.422644 0.008961
430.000000 242.000000 0.175255 0.008807
430.000000 245.000000 0.175255 0.013725
426.000000 246.000000 0.168735 0.015366
83.000000 251.000000 -0.390634 0.023516
513.000000 252.000000 0.309299 0.025129
163.000000 266.000000 -0.262348 0.048006
595.000000 287.000000 0.440451 0.081788
593.000000 288.000000 0.437237 0.083407
267.000000 441.000000 -0.091900 0.332506
250.000000 446.000000 -0.119524 0.340395
291.000000 453.000000 -0.052751 0.351851
289.000000 454.000000 -0.056005 0.353445
292.000000 463.000000 -0.051089 0.367863
373.000000 463.000000 0.080764 0.367751
302.000000 464.000000 -0.034808 0.369490
307.000000 476.000000 -0.026651 0.388706
