171.000000 58.000000 -0.247444 -0.289159
166.000000 99.000000 -0.256134 -0.223300
562.000000 105.000000 0.386604 -0.212458
217.000000 117.000000 -0.173900 -0.195041
294.000000 121.000000 -0.048173 -0.189251
252.000000 126.000000 -0.116975 -0.180873
249.000000 127.000000 -0.121885 -0.179225
402.000000 129.000000 0.128869 -0.175915
296.000000 132.000000 -0.044933 -0.171423
269.000000 133.000000 -0.089219 -0.169659
272.000000 133.000000 -0.084304 -0.169679
399.000000 136.000000 0.124040 -0.164594
271.000000 147.000000 -0.086031 -0.146917
289.000000 148.000000 -0.056489 -0.145379
303.000000 148.000000 -0.033478 -0.145423
265.000000 149.000000 -0.095881 -0.143623
287.000000 149.000000 -0.059778 -0.143742
397.000000 150.000000 0.120896 -0.141862
338.000000 151.000000 0.024091 -0.140541
399.000000 151.000000 0.124174 -0.140218
236.000000 153.000000 -0.143356 -0.136884
218.000000 154.000000 -0.172707 -0.135082
234.000000 155.000000 -0.146639 -0.133610
263.000000 155.000000 -0.099198 -0.133836
331.000000 158.000000 0.012584 -0.129132
265.000000 159.000000 -0.095944 -0.127327
347.000000 159.000000 0.038914 -0.127469
265.000000 161.000000 -0.095956 -0.124064
288.000000 162.000000 -0.058185 -0.122541
548.000000 162.000000 0.364769 -0.120689
214.000000 168.000000 -0.179352 -0.112252
221.000000 169.000000 -0.167964 -0.110685
207.000000 170.000000 -0.190754 -0.108928
234.000000 170.000000 -0.146765 -0.109161
309.000000 170.000000 -0.023644 -0.109515
302.000000 171.000000 -0.035173 -0.107868
308.000000 172.000000 -0.025294 -0.106241
330.000000 172.000000 0.010949 -0.106248
306.000000 173.000000 -0.028589 -0.104602
345.000000 173.000000 0.035656 -0.104589
502.000000 175.000000 0.291270 -0.100130
549.000000 178.000000 0.366520 -0.094809
201.000000 187.000000 -0.200646 -0.081152
458.000000 191.000000 0.220524 -0.074510
472.000000 191.000000 0.243149 -0.074399
476.000000 191.000000 0.249601 -0.074366
201.000000 192.000000 -0.200683 -0.072989
402.000000 192.000000 0.129366 -0.073248
474.000000 192.000000 0.246384 -0.072754
200.000000 195.000000 -0.202327 -0.068083
403.000000 195.000000 0.131018 -0.068329
166.000000 197.000000 -0.257356 -0.064579
169.000000 197.000000 -0.252517 -0.064601
458.000000 197.000000 0.220568 -0.064722
474.000000 198.000000 0.246429 -0.062978
200.000000 200.000000 -0.202360 -0.059913
364.000000 200.000000 0.067006 -0.060275
454.000000 201.000000 0.214117 -0.058219
346.000000 202.000000 0.037356 -0.057025
459.000000 202.000000 0.222219 -0.056555
467.000000 202.000000 0.235155 -0.056503
473.000000 202.000000 0.244843 -0.056464
485.000000 203.000000 0.264189 -0.054756
350.000000 204.000000 0.043952 -0.053732
429.000000 209.000000 0.173545 -0.045273
350.000000 210.000000 0.043961 -0.043870
348.000000 212.000000 0.040666 -0.040584
490.000000 212.000000 0.272288 -0.040065
362.000000 213.000000 0.063740 -0.038920
364.000000 213.000000 0.067034 -0.038916
428.000000 217.000000 0.171948 -0.032174
491.000000 217.000000 0.273921 -0.031914
431.000000 218.000000 0.176838 -0.030526
137.000000 221.000000 -0.304136 -0.025330
489.000000 223.000000 0.270729 -0.022144
491.000000 223.000000 0.273945 -0.022136
501.000000 224.000000 0.290014 -0.020471
155.000000 229.000000 -0.275238 -0.012359
594.000000 230.000000 0.438775 -0.010433
155.000000 231.000000 -0.275243 -0.009097
600.000000 231.000000 0.448408 -0.008799
636.000000 263.000000 0.506761 0.043053
579.000000 279.000000 0.414794 0.068851
578.000000 281.000000 0.413190 0.072090
330.000000 425.000000 0.010829 0.307036
314.000000 428.000000 -0.015301 0.311851
310.000000 432.000000 -0.021827 0.318261
354.000000 437.000000 0.049962 0.326210
356.000000 444.000000 0.053190 0.337416
308.000000 446.000000 -0.025067 0.340689
357.000000 447.000000 0.054806 0.342216
367.000000 448.000000 0.071087 0.343765
439.000000 449.000000 0.188022 0.344745
370.000000 453.000000 0.075942 0.351755
368.000000 457.000000 0.072664 0.358172
411.000000 460.000000 0.142519 0.362665
369.000000 461.000000 0.074269 0.364571
371.000000 461.000000 0.077523 0.364559
374.000000 465.000000 0.082379 0.370948
378.000000 466.000000 0.088876 0.372526
371.000000 467.000000 0.077490 0.374167
368.000000 468.000000 0.072606 0.375784
383.000000 468.000000 0.096989 0.375699
378.000000 471.000000 0.088846 0.380535
381.000000 471.000000 0.093721 0.380517
390.000000 471.000000 0.108342 0.380461
395.000000 473.000000 0.116448 0.383634
