283.000000 93.000000 -0.066045 -0.234391
312.000000 98.000000 -0.018608 -0.226451
445.000000 108.000000 0.198489 -0.209301
252.000000 110.000000 -0.116824 -0.206745
378.000000 112.000000 0.089511 -0.203638
575.000000 119.000000 0.407620 -0.189796
555.000000 121.000000 0.375530 -0.186761
543.000000 123.000000 0.356321 -0.183678
357.000000 126.000000 0.055215 -0.181119
377.000000 129.000000 0.088005 -0.176134
378.000000 132.000000 0.089664 -0.171261
415.000000 133.000000 0.150105 -0.169295
481.000000 136.000000 0.257025 -0.163569
483.000000 136.000000 0.260245 -0.163541
356.000000 137.000000 0.053625 -0.163271
493.000000 137.000000 0.276342 -0.161781
484.000000 138.000000 0.261883 -0.160293
461.000000 139.000000 0.224810 -0.158996
478.000000 139.000000 0.252236 -0.158761
413.000000 140.000000 0.146922 -0.157963
472.000000 140.000000 0.242579 -0.157226
492.000000 142.000000 0.274805 -0.153713
296.000000 143.000000 -0.044970 -0.153545
420.000000 143.000000 0.158357 -0.153018
432.000000 143.000000 0.177875 -0.152883
435.000000 143.000000 0.182748 -0.152847
485.000000 143.000000 0.263562 -0.152192
287.000000 144.000000 -0.059757 -0.151883
300.000000 144.000000 -0.038400 -0.151929
478.000000 144.000000 0.252305 -0.150670
268.000000 145.000000 -0.090937 -0.150153
272.000000 145.000000 -0.084379 -0.150178
259.000000 146.000000 -0.105690 -0.148464
280.000000 146.000000 -0.071259 -0.148595
429.000000 146.000000 0.173034 -0.148048
498.000000 146.000000 0.284500 -0.147161
493.000000 147.000000 0.276481 -0.145611
487.000000 148.000000 0.266847 -0.144073
145.000000 149.000000 -0.290657 -0.142310
408.000000 149.000000 0.138856 -0.143391
478.000000 149.000000 0.252372 -0.142573
500.000000 151.000000 0.287777 -0.139045
147.000000 152.000000 -0.287481 -0.137479
149.000000 152.000000 -0.284266 -0.137505
428.000000 152.000000 0.171473 -0.138312
495.000000 152.000000 0.279760 -0.137492
461.000000 153.000000 0.224991 -0.136305
485.000000 153.000000 0.263695 -0.136001
478.000000 154.000000 0.252436 -0.134470
147.000000 156.000000 -0.287531 -0.131001
470.000000 157.000000 0.239574 -0.129704
473.000000 157.000000 0.244414 -0.129667
147.000000 159.000000 -0.287567 -0.126141
151.000000 159.000000 -0.281137 -0.126189
456.000000 160.000000 0.216988 -0.124998
214.000000 161.000000 -0.179286 -0.123652
450.000000 161.000000 0.207285 -0.123441
149.000000 162.000000 -0.284388 -0.121302
456.000000 163.000000 0.217022 -0.120123
448.000000 164.000000 0.204076 -0.118584
152.000000 165.000000 -0.279599 -0.116472
150.000000 167.000000 -0.282837 -0.113205
152.000000 170.000000 -0.279654 -0.108359
149.000000 171.000000 -0.284489 -0.106703
456.000000 172.000000 0.217117 -0.105484
152.000000 175.000000 -0.279707 -0.100241
448.000000 176.000000 0.204196 -0.099048
151.000000 178.000000 -0.281345 -0.095359
445.000000 182.000000 0.199383 -0.089294
151.000000 183.000000 -0.281393 -0.087235
151.000000 185.000000 -0.281411 -0.083984
449.000000 187.000000 0.205913 -0.081106
434.000000 188.000000 0.181560 -0.079588
150.000000 189.000000 -0.283054 -0.077473
154.000000 189.000000 -0.276621 -0.077507
449.000000 190.000000 0.205936 -0.076211
431.000000 191.000000 0.176700 -0.074708
152.000000 192.000000 -0.279863 -0.072611
444.000000 196.000000 0.197866 -0.066450
436.000000 197.000000 0.184874 -0.064868
153.000000 199.000000 -0.278308 -0.061228
430.000000 200.000000 0.175128 -0.059998
433.000000 200.000000 0.180011 -0.059981
435.000000 200.000000 0.183265 -0.059969
151.000000 202.000000 -0.281545 -0.056331
155.000000 203.000000 -0.275117 -0.054730
438.000000 203.000000 0.188161 -0.055046
152.000000 205.000000 -0.279957 -0.051454
431.000000 205.000000 0.176783 -0.051811
433.000000 205.000000 0.180039 -0.051801
445.000000 205.000000 0.199544 -0.051737
151.000000 208.000000 -0.281583 -0.046563
311.000000 209.000000 -0.020382 -0.045530
152.000000 211.000000 -0.279992 -0.041682
443.000000 211.000000 0.196327 -0.041935
317.000000 212.000000 -0.010483 -0.040598
297.000000 213.000000 -0.043480 -0.038939
152.000000 215.000000 -0.280012 -0.035166
155.000000 215.000000 -0.275185 -0.035181
302.000000 215.000000 -0.035235 -0.035654
309.000000 215.000000 -0.023686 -0.035659
311.000000 215.000000 -0.020385 -0.035660
322.000000 216.000000 -0.002231 -0.034017
446.000000 216.000000 0.201221 -0.033743
153.000000 218.000000 -0.278417 -0.030283
308.000000 218.000000 -0.025337 -0.030722
454.000000 218.000000 0.214204 -0.030440
315.000000 219.000000 -0.013785 -0.029079
152.000000 221.000000 -0.280039 -0.025390
155.000000 221.000000 -0.275212 -0.025402
154.000000 224.000000 -0.276832 -0.020507
209.000000 225.000000 -0.187837 -0.019044
171.000000 226.000000 -0.249438 -0.017300
176.000000 226.000000 -0.241361 -0.017315
152.000000 227.000000 -0.280059 -0.015611
162.000000 227.000000 -0.263959 -0.015641
165.000000 227.000000 -0.259122 -0.015650
278.000000 227.000000 -0.074809 -0.015888
447.000000 227.000000 0.202880 -0.015741
274.000000 228.000000 -0.081396 -0.014238
278.000000 229.000000 -0.074811 -0.012597
283.000000 229.000000 -0.066574 -0.012601
445.000000 229.000000 0.199638 -0.012472
154.000000 230.000000 -0.276850 -0.010725
157.000000 230.000000 -0.272021 -0.010733
280.000000 230.000000 -0.071518 -0.010953
302.000000 230.000000 -0.035244 -0.010967
305.000000 230.000000 -0.030293 -0.010968
308.000000 230.000000 -0.025342 -0.010969
311.000000 230.000000 -0.020391 -0.010970
315.000000 230.000000 -0.013788 -0.010970
320.000000 230.000000 -0.005533 -0.010971
277.000000 232.000000 -0.076460 -0.007660
314.000000 232.000000 -0.015439 -0.007677
207.000000 233.000000 -0.191108 -0.005934
279.000000 233.000000 -0.073167 -0.006016
310.000000 233.000000 -0.022042 -0.006029
322.000000 233.000000 -0.002231 -0.006031
431.000000 233.000000 0.176876 -0.005946
449.000000 233.000000 0.206138 -0.005917
152.000000 234.000000 -0.280077 -0.004199
274.000000 235.000000 -0.081401 -0.002722
276.000000 235.000000 -0.078109 -0.002723
279.000000 235.000000 -0.073168 -0.002725
199.000000 236.000000 -0.204118 -0.001009
206.000000 236.000000 -0.192740 -0.001017
311.000000 236.000000 -0.020392 -0.001089
436.000000 236.000000 0.185020 -0.001023
446.000000 236.000000 0.201274 -0.001010
157.000000 237.000000 -0.272035 0.000684
184.000000 237.000000 -0.228444 0.000647
192.000000 237.000000 -0.215480 0.000637
304.000000 237.000000 -0.031946 0.000559
307.000000 237.000000 -0.026994 0.000558
314.000000 237.000000 -0.015439 0.000558
316.000000 237.000000 -0.012137 0.000557
311.000000 238.000000 -0.020392 0.002205
152.000000 239.000000 -0.280085 0.003953
451.000000 239.000000 0.209391 0.003905
199.000000 240.000000 -0.204122 0.005541
278.000000 240.000000 -0.074817 0.005504
306.000000 240.000000 -0.028645 0.005499
308.000000 240.000000 -0.025344 0.005499
176.000000 241.000000 -0.241389 0.007194
193.000000 241.000000 -0.213862 0.007182
206.000000 241.000000 -0.192744 0.007175
292.000000 241.000000 -0.051744 0.007148
155.000000 242.000000 -0.275261 0.008842
157.000000 242.000000 -0.272041 0.008841
159.000000 242.000000 -0.268820 0.008839
285.000000 242.000000 -0.063284 0.008795
185.000000 243.000000 -0.226829 0.010458
276.000000 243.000000 -0.078111 0.010441
207.000000 244.000000 -0.191118 0.012090
446.000000 244.000000 0.201279 0.012088
153.000000 245.000000 -0.278481 0.013736
160.000000 246.000000 -0.267211 0.015365
279.000000 246.000000 -0.073170 0.015378
288.000000 246.000000 -0.058339 0.015379
173.000000 247.000000 -0.246238 0.016998
179.000000 247.000000 -0.236540 0.016999
198.000000 247.000000 -0.205748 0.017003
434.000000 247.000000 0.181769 0.017003
445.000000 247.000000 0.199655 0.017000
191.000000 248.000000 -0.217107 0.018638
194.000000 248.000000 -0.212240 0.018639
154.000000 249.000000 -0.276872 0.020259
158.000000 249.000000 -0.270432 0.020260
286.000000 249.000000 -0.061636 0.020318
185.000000 250.000000 -0.226829 0.021907
443.000000 250.000000 0.196405 0.021913
210.000000 251.000000 -0.186233 0.023562
182.000000 252.000000 -0.231684 0.025175
163.000000 254.000000 -0.262372 0.028423
184.000000 254.000000 -0.228444 0.028447
155.000000 255.000000 -0.275258 0.030045
284.000000 256.000000 -0.064929 0.031839
287.000000 256.000000 -0.059984 0.031840
446.000000 256.000000 0.201271 0.031734
161.000000 257.000000 -0.265591 0.033316
436.000000 258.000000 0.185013 0.035027
158.000000 259.000000 -0.270421 0.036574
286.000000 259.000000 -0.061631 0.036777
11.000000 260.000000 -0.506757 0.038224
279.000000 260.000000 -0.073163 0.038417
155.000000 261.000000 -0.275248 0.039830
449.000000 261.000000 0.206131 0.039913
10.000000 262.000000 -0.508404 0.041466
283.000000 262.000000 -0.066572 0.041711
249.000000 264.000000 -0.122472 0.044951
157.000000 265.000000 -0.272019 0.046358
156.000000 267.000000 -0.273623 0.049617
450.000000 267.000000 0.207737 0.049727
413.000000 270.000000 0.147470 0.054755
456.000000 270.000000 0.217454 0.054614
453.000000 273.000000 0.212581 0.059530
426.000000 276.000000 0.168673 0.064547
442.000000 278.000000 0.194707 0.067754
438.000000 279.000000 0.188200 0.069408
220.000000 280.000000 -0.169861 0.071111
427.000000 281.000000 0.170282 0.072732
438.000000 282.000000 0.188186 0.074317
449.000000 283.000000 0.206048 0.075897
418.000000 285.000000 0.155582 0.079325
427.000000 285.000000 0.170263 0.079281
449.000000 286.000000 0.206032 0.080800
462.000000 286.000000 0.227093 0.080726
467.000000 286.000000 0.235179 0.080697
161.000000 287.000000 -0.265481 0.082245
32.000000 288.000000 -0.472651 0.083478
29.000000 289.000000 -0.477522 0.085106
34.000000 289.000000 -0.469411 0.085092
156.000000 290.000000 -0.273518 0.087103
425.000000 290.000000 0.166977 0.087475
421.000000 291.000000 0.160448 0.089134
160.000000 292.000000 -0.267062 0.090386
417.000000 292.000000 0.153914 0.090792
37.000000 293.000000 -0.464561 0.091562
156.000000 294.000000 -0.273493 0.093617
38.000000 295.000000 -0.462946 0.094798
382.000000 295.000000 0.096579 0.095874
577.000000 295.000000 0.411563 0.094758
374.000000 296.000000 0.083431 0.097543
38.000000 297.000000 -0.462950 0.098036
163.000000 297.000000 -0.262193 0.098551
358.000000 297.000000 0.057104 0.099232
158.000000 298.000000 -0.270244 0.100144
166.000000 298.000000 -0.257347 0.100201
319.000000 299.000000 -0.007179 0.102561
358.000000 299.000000 0.057099 0.102513
497.000000 299.000000 0.283436 0.101676
370.000000 300.000000 0.076840 0.104116
373.000000 300.000000 0.081772 0.104105
149.000000 301.000000 -0.284711 0.104961
376.000000 301.000000 0.086699 0.105733
322.000000 303.000000 -0.002232 0.109123
496.000000 303.000000 0.281798 0.108189
137.000000 304.000000 -0.303976 0.109749
210.000000 304.000000 -0.186015 0.110312
130.000000 305.000000 -0.315206 0.111323
328.000000 305.000000 0.007659 0.112401
330.000000 305.000000 0.010955 0.112400
503.000000 305.000000 0.293029 0.111384
121.000000 306.000000 -0.329635 0.112882
332.000000 306.000000 0.014251 0.114038
497.000000 306.000000 0.283382 0.113058
511.000000 306.000000 0.305860 0.112946
352.000000 308.000000 0.047197 0.117282
495.000000 308.000000 0.280150 0.116326
519.000000 309.000000 0.318662 0.117754
627.000000 309.000000 0.492286 0.117466
536.000000 310.000000 0.345880 0.119250
548.000000 310.000000 0.365083 0.119172
551.000000 310.000000 0.369884 0.119154
571.000000 310.000000 0.401904 0.119059
582.000000 310.000000 0.419545 0.119025
504.000000 311.000000 0.294585 0.121124
576.000000 311.000000 0.409916 0.120660
587.000000 311.000000 0.427574 0.120634
605.000000 311.000000 0.456574 0.120629
507.000000 312.000000 0.299392 0.122722
516.000000 312.000000 0.313830 0.122646
524.000000 312.000000 0.326650 0.122582
529.000000 312.000000 0.334659 0.122543
618.000000 312.000000 0.477640 0.122281
632.000000 312.000000 0.500483 0.122358
634.000000 312.000000 0.503762 0.122373
560.000000 313.000000 0.384273 0.123964
570.000000 313.000000 0.400290 0.123919
611.000000 313.000000 0.466285 0.123878
78.000000 314.000000 -0.398516 0.125605
358.000000 314.000000 0.057055 0.127090
512.000000 314.000000 0.307398 0.125926
48.000000 315.000000 -0.446799 0.127170
614.000000 315.000000 0.471155 0.127124
626.000000 315.000000 0.490688 0.127179
495.000000 316.000000 0.280079 0.129326
502.000000 316.000000 0.291329 0.129261
572.000000 316.000000 0.403484 0.128767
580.000000 316.000000 0.416319 0.128741
587.000000 316.000000 0.427565 0.128725
591.000000 316.000000 0.434000 0.128720
359.000000 317.000000 0.058690 0.131996
510.000000 317.000000 0.304163 0.130812
522.000000 317.000000 0.323405 0.130707
525.000000 317.000000 0.328212 0.130682
552.000000 317.000000 0.371443 0.130486
555.000000 317.000000 0.376245 0.130468
609.000000 317.000000 0.463055 0.130348
612.000000 317.000000 0.467917 0.130356
65.000000 318.000000 -0.419391 0.132043
495.000000 318.000000 0.280060 0.132574
353.000000 319.000000 0.048813 0.135286
356.000000 319.000000 0.053748 0.135277
540.000000 319.000000 0.352219 0.133807
547.000000 319.000000 0.363425 0.133757
554.000000 319.000000 0.374632 0.133713
590.000000 319.000000 0.432387 0.133576
608.000000 319.000000 0.461440 0.133584
499.000000 320.000000 0.286471 0.135784
614.000000 320.000000 0.471172 0.135220
10.000000 321.000000 -0.508795 0.137078
493.000000 321.000000 0.276815 0.137466
506.000000 321.000000 0.297706 0.137340
521.000000 321.000000 0.321768 0.137202
581.000000 321.000000 0.417912 0.136829
589.000000 321.000000 0.430775 0.136813
631.000000 321.000000 0.498911 0.136937
525.000000 322.000000 0.328170 0.138788
602.000000 322.000000 0.451739 0.138430
635.000000 323.000000 0.505498 0.140214
496.000000 324.000000 0.281610 0.142306
504.000000 324.000000 0.294465 0.142227
532.000000 324.000000 0.339368 0.141970
537.000000 324.000000 0.347377 0.141929
544.000000 324.000000 0.358587 0.141876
552.000000 324.000000 0.371398 0.141821
614.000000 324.000000 0.471187 0.141698
61.000000 325.000000 -0.425819 0.143369
500.000000 325.000000 0.288029 0.143889
510.000000 325.000000 0.304089 0.143790
606.000000 325.000000 0.458214 0.143293
623.000000 325.000000 0.485850 0.143363
525.000000 326.000000 0.328135 0.145271
555.000000 326.000000 0.376191 0.145039
581.000000 326.000000 0.417899 0.144921
504.000000 327.000000 0.294436 0.147093
547.000000 327.000000 0.363370 0.146712
606.000000 327.000000 0.458219 0.146531
530.000000 328.000000 0.336130 0.148467
543.000000 328.000000 0.356955 0.148360
553.000000 328.000000 0.372974 0.148289
628.000000 328.000000 0.494049 0.148261
636.000000 328.000000 0.507194 0.148335
497.000000 329.000000 0.283166 0.150410
611.000000 329.000000 0.466333 0.149784
510.000000 330.000000 0.304039 0.151897
521.000000 330.000000 0.321686 0.151789
535.000000 330.000000 0.344124 0.151663
550.000000 330.000000 0.368154 0.151547
583.000000 330.000000 0.421105 0.151389
600.000000 330.000000 0.448515 0.151378
525.000000 331.000000 0.328090 0.153372
546.000000 331.000000 0.361739 0.153195
608.000000 331.000000 0.461471 0.153013
499.000000 332.000000 0.286350 0.155254
561.000000 332.000000 0.385772 0.154714
563.000000 332.000000 0.388979 0.154703
601.000000 332.000000 0.450134 0.154617
625.000000 332.000000 0.489168 0.154723
496.000000 333.000000 0.281516 0.156908
565.000000 333.000000 0.392182 0.156311
610.000000 333.000000 0.464723 0.156259
500.000000 334.000000 0.287936 0.158487
506.000000 334.000000 0.297576 0.158422
510.000000 334.000000 0.303998 0.158380
530.000000 334.000000 0.336077 0.158185
552.000000 334.000000 0.371331 0.158007
560.000000 334.000000 0.384156 0.157956
562.000000 334.000000 0.387364 0.157945
581.000000 334.000000 0.417878 0.157866
614.000000 334.000000 0.471230 0.157896
623.000000 334.000000 0.485911 0.157951
520.000000 335.000000 0.320034 0.159899
524.000000 335.000000 0.326449 0.159860
599.000000 335.000000 0.446903 0.159471
602.000000 335.000000 0.451758 0.159476
495.000000 336.000000 0.279875 0.161784
584.000000 336.000000 0.422702 0.161096
533.000000 337.000000 0.340858 0.163015
555.000000 337.000000 0.376121 0.162842
408.000000 338.000000 0.138884 0.165965
498.000000 338.000000 0.284677 0.164993
501.000000 338.000000 0.289499 0.164959
560.000000 338.000000 0.384133 0.164428
596.000000 338.000000 0.442056 0.164325
599.000000 338.000000 0.446907 0.164329
618.000000 338.000000 0.477770 0.164401
630.000000 338.000000 0.497422 0.164500
635.000000 338.000000 0.505657 0.164555
46.000000 339.000000 -0.450068 0.166046
504.000000 339.000000 0.294309 0.166547
511.000000 339.000000 0.305551 0.166471
520.000000 339.000000 0.319994 0.166377
530.000000 339.000000 0.336031 0.166280
564.000000 339.000000 0.390546 0.166024
578.000000 339.000000 0.413038 0.165965
580.000000 339.000000 0.416256 0.165960
412.000000 340.000000 0.145394 0.169183
524.000000 340.000000 0.326400 0.167956
604.000000 340.000000 0.455010 0.167578
46.000000 341.000000 -0.450073 0.169287
445.000000 341.000000 0.199069 0.170469
565.000000 341.000000 0.392140 0.169255
578.000000 341.000000 0.413032 0.169202
588.000000 341.000000 0.429140 0.169182
607.000000 341.000000 0.459881 0.169207
382.000000 342.000000 0.096324 0.172679
421.000000 342.000000 0.160047 0.172349
426.000000 342.000000 0.168188 0.172298
496.000000 342.000000 0.281415 0.171498
524.000000 342.000000 0.326380 0.171194
531.000000 342.000000 0.337606 0.171126
591.000000 342.000000 0.433981 0.170799
341.000000 343.000000 0.029011 0.174495
437.000000 343.000000 0.186062 0.173806
500.000000 343.000000 0.287836 0.173072
505.000000 343.000000 0.295871 0.173015
567.000000 343.000000 0.395342 0.172480
588.000000 343.000000 0.429139 0.172420
42.000000 344.000000 -0.456579 0.174161
46.000000 344.000000 -0.450081 0.174148
520.000000 344.000000 0.319943 0.174472
524.000000 344.000000 0.326360 0.174431
543.000000 344.000000 0.356829 0.174257
579.000000 344.000000 0.414633 0.174053
594.000000 344.000000 0.438828 0.174038
347.000000 345.000000 0.038868 0.177736
613.000000 345.000000 0.469660 0.175718
531.000000 346.000000 0.337568 0.177599
536.000000 346.000000 0.345587 0.177553
561.000000 346.000000 0.385691 0.177365
564.000000 346.000000 0.390509 0.177349
569.000000 346.000000 0.398542 0.177325
628.000000 346.000000 0.494218 0.177465
496.000000 347.000000 0.281357 0.179597
524.000000 347.000000 0.326330 0.179286
469.000000 348.000000 0.237830 0.181545
504.000000 348.000000 0.294208 0.181123
510.000000 348.000000 0.303847 0.181055
534.000000 348.000000 0.342361 0.180807
538.000000 348.000000 0.348776 0.180770
607.000000 348.000000 0.459909 0.180549
610.000000 348.000000 0.464790 0.180564
478.000000 349.000000 0.252343 0.183055
520.000000 349.000000 0.319891 0.182564
523.000000 349.000000 0.324705 0.182533
529.000000 349.000000 0.334331 0.182472
547.000000 349.000000 0.363204 0.182313
549.000000 349.000000 0.366413 0.182298
551.000000 349.000000 0.369622 0.182283
553.000000 349.000000 0.372831 0.182269
571.000000 349.000000 0.401745 0.182170
580.000000 349.000000 0.416232 0.182142
583.000000 349.000000 0.421068 0.182137
615.000000 349.000000 0.472948 0.182216
560.000000 350.000000 0.384062 0.183842
563.000000 350.000000 0.388881 0.183825
34.000000 351.000000 -0.469658 0.185557
465.000000 351.000000 0.231331 0.186456
591.000000 351.000000 0.433982 0.185370
610.000000 351.000000 0.464807 0.185427
618.000000 351.000000 0.477866 0.185484
474.000000 352.000000 0.245853 0.187964
497.000000 352.000000 0.282906 0.187681
502.000000 352.000000 0.290946 0.187621
600.000000 352.000000 0.448557 0.187005
607.000000 352.000000 0.459928 0.187032
630.000000 352.000000 0.497583 0.187234
476.000000 353.000000 0.249067 0.189559
493.000000 353.000000 0.276458 0.189348
508.000000 353.000000 0.300578 0.189169
536.000000 353.000000 0.345523 0.188876
551.000000 353.000000 0.369593 0.188753
615.000000 353.000000 0.472977 0.188704
302.000000 354.000000 -0.035094 0.192392
502.000000 354.000000 0.290923 0.190858
523.000000 354.000000 0.324653 0.190621
580.000000 354.000000 0.416222 0.190234
587.000000 354.000000 0.427518 0.190226
619.000000 354.000000 0.479529 0.190361
465.000000 355.000000 0.231281 0.192937
480.000000 355.000000 0.255493 0.192747
540.000000 355.000000 0.351924 0.192075
598.000000 355.000000 0.445322 0.191859
482.000000 356.000000 0.258705 0.194341
496.000000 356.000000 0.281249 0.194166
499.000000 356.000000 0.286075 0.194130
531.000000 356.000000 0.337472 0.193775
562.000000 356.000000 0.387242 0.193536
604.000000 356.000000 0.455068 0.193502
34.000000 357.000000 -0.469703 0.195295
36.000000 357.000000 -0.466432 0.195280
293.000000 357.000000 -0.049863 0.197239
346.000000 357.000000 0.037188 0.197254
420.000000 357.000000 0.158263 0.196715
508.000000 357.000000 0.300531 0.195640
529.000000 357.000000 0.334252 0.195412
564.000000 357.000000 0.390452 0.195143
586.000000 357.000000 0.425902 0.195084
590.000000 357.000000 0.432369 0.195085
614.000000 357.000000 0.471374 0.195187
618.000000 357.000000 0.477919 0.195221
261.000000 358.000000 -0.102316 0.198685
386.000000 358.000000 0.102757 0.198657
402.000000 358.000000 0.128906 0.198519
478.000000 358.000000 0.252230 0.197629
520.000000 358.000000 0.319795 0.197122
523.000000 358.000000 0.324611 0.197090
630.000000 358.000000 0.497665 0.196988
273.000000 359.000000 -0.082657 0.200389
480.000000 359.000000 0.255442 0.199222
493.000000 359.000000 0.276384 0.199057
580.000000 359.000000 0.416214 0.198326
587.000000 359.000000 0.427518 0.198322
612.000000 359.000000 0.468122 0.198416
614.000000 359.000000 0.471390 0.198432
621.000000 359.000000 0.482859 0.198500
258.000000 360.000000 -0.107210 0.201908
347.000000 360.000000 0.038821 0.202123
393.000000 360.000000 0.114187 0.201845
397.000000 360.000000 0.120722 0.201810
486.000000 360.000000 0.265100 0.200763
599.000000 360.000000 0.446960 0.199965
625.000000 360.000000 0.489447 0.200172
223.000000 361.000000 -0.164323 0.203201
272.000000 361.000000 -0.084283 0.203629
390.000000 361.000000 0.109274 0.203492
400.000000 361.000000 0.125612 0.203404
488.000000 361.000000 0.268309 0.202356
497.000000 361.000000 0.282796 0.202243
503.000000 361.000000 0.292447 0.202169
529.000000 361.000000 0.334213 0.201879
531.000000 361.000000 0.337423 0.201859
607.000000 361.000000 0.459979 0.201626
343.000000 362.000000 0.032249 0.205381
406.000000 362.000000 0.135395 0.204967
510.000000 362.000000 0.303687 0.203703
592.000000 362.000000 0.435613 0.203186
613.000000 362.000000 0.469781 0.203293
280.000000 363.000000 -0.071161 0.206920
384.000000 363.000000 0.099446 0.206784
389.000000 363.000000 0.107623 0.206744
393.000000 363.000000 0.114161 0.206710
404.000000 363.000000 0.132122 0.206608
519.000000 363.000000 0.318134 0.205217
523.000000 363.000000 0.324558 0.205174
561.000000 363.000000 0.385597 0.204863
606.000000 363.000000 0.458361 0.204863
630.000000 363.000000 0.497739 0.205121
260.000000 364.000000 -0.103907 0.208411
262.000000 364.000000 -0.100635 0.208426
348.000000 364.000000 0.040448 0.208610
466.000000 364.000000 0.232782 0.207494
505.000000 364.000000 0.295626 0.206996
578.000000 364.000000 0.412979 0.206422
588.000000 364.000000 0.429139 0.206420
591.000000 364.000000 0.433997 0.206424
636.000000 364.000000 0.507703 0.206852
343.000000 365.000000 0.032240 0.210248
494.000000 365.000000 0.277919 0.208748
599.000000 365.000000 0.446980 0.208069
604.000000 365.000000 0.455115 0.208095
309.000000 366.000000 -0.023574 0.211889
323.000000 366.000000 -0.000592 0.211900
338.000000 366.000000 0.024032 0.211882
396.000000 366.000000 0.119035 0.211545
421.000000 366.000000 0.159791 0.211289
427.000000 366.000000 0.169550 0.211220
505.000000 366.000000 0.295602 0.210229
286.000000 367.000000 -0.061305 0.213437
398.000000 367.000000 0.122291 0.213147
410.000000 367.000000 0.141866 0.213028
462.000000 367.000000 0.226278 0.212399
518.000000 367.000000 0.316484 0.211694
587.000000 367.000000 0.427524 0.211278
615.000000 367.000000 0.473102 0.211431
627.000000 367.000000 0.492843 0.211584
336.000000 368.000000 0.020745 0.215129
390.000000 368.000000 0.109215 0.214838
495.000000 368.000000 0.279490 0.213585
523.000000 368.000000 0.324505 0.213256
529.000000 368.000000 0.334143 0.213194
594.000000 368.000000 0.438871 0.212913
596.000000 368.000000 0.442118 0.212920
343.000000 369.000000 0.032229 0.216733
452.000000 369.000000 0.210073 0.215764
607.000000 369.000000 0.460035 0.214606
256.000000 370.000000 -0.110401 0.218102
267.000000 370.000000 -0.092410 0.218186
279.000000 370.000000 -0.072762 0.218262
331.000000 370.000000 0.012537 0.218378
337.000000 370.000000 0.022382 0.218368
455.000000 370.000000 0.214916 0.217342
496.000000 370.000000 0.281075 0.216805
499.000000 370.000000 0.285902 0.216767
613.000000 370.000000 0.469856 0.216284
273.000000 371.000000 -0.082582 0.219846
346.000000 371.000000 0.037144 0.219964
365.000000 371.000000 0.068288 0.219878
382.000000 371.000000 0.096113 0.219762
385.000000 371.000000 0.101018 0.219738
403.000000 371.000000 0.130412 0.219575
420.000000 371.000000 0.158108 0.219393
507.000000 371.000000 0.298758 0.218285
256.000000 372.000000 -0.110384 0.221340
278.000000 372.000000 -0.074388 0.221496
397.000000 372.000000 0.120612 0.221252
518.000000 372.000000 0.316429 0.219773
522.000000 372.000000 0.322856 0.219730
532.000000 372.000000 0.338924 0.219629
579.000000 372.000000 0.414586 0.219372
610.000000 372.000000 0.464964 0.219503
343.000000 373.000000 0.032217 0.223212
385.000000 373.000000 0.101002 0.222976
410.000000 373.000000 0.141803 0.222739
504.000000 373.000000 0.293909 0.221552
530.000000 373.000000 0.335701 0.221264
543.000000 373.000000 0.356592 0.221150
548.000000 373.000000 0.364630 0.221113
582.000000 373.000000 0.419437 0.220992
347.000000 374.000000 0.038773 0.224819
494.000000 374.000000 0.277804 0.223293
292.000000 375.000000 -0.051434 0.226421
339.000000 375.000000 0.025652 0.226461
342.000000 375.000000 0.030572 0.226453
496.000000 375.000000 0.281011 0.224883
501.000000 375.000000 0.289058 0.224820
530.000000 375.000000 0.335681 0.224496
536.000000 375.000000 0.345324 0.224440
284.000000 376.000000 -0.064539 0.228003
393.000000 376.000000 0.114045 0.227761
400.000000 376.000000 0.125469 0.227694
527.000000 376.000000 0.330850 0.226141
534.000000 376.000000 0.342101 0.226074
611.000000 376.000000 0.466641 0.226012
614.000000 376.000000 0.471562 0.226047
630.000000 376.000000 0.497965 0.226296
348.000000 377.000000 0.040402 0.229670
379.000000 377.000000 0.091161 0.229495
395.000000 377.000000 0.117301 0.229359
495.000000 377.000000 0.279376 0.228126
498.000000 377.000000 0.284206 0.228088
501.000000 377.000000 0.289034 0.228050
518.000000 377.000000 0.316374 0.227851
522.000000 377.000000 0.322804 0.227808
536.000000 377.000000 0.345306 0.227672
319.000000 378.000000 -0.007154 0.231336
392.000000 378.000000 0.112394 0.231004
303.000000 379.000000 -0.033389 0.232930
406.000000 379.000000 0.135222 0.232484
484.000000 379.000000 0.261630 0.231498
529.000000 379.000000 0.334036 0.230968
579.000000 379.000000 0.414586 0.230709
582.000000 379.000000 0.419443 0.230711
289.000000 380.000000 -0.056329 0.234497
297.000000 380.000000 -0.043221 0.234529
307.000000 380.000000 -0.026829 0.234556
541.000000 380.000000 0.353321 0.232479
611.000000 380.000000 0.466686 0.232515
619.000000 380.000000 0.479841 0.232623
622.000000 380.000000 0.484791 0.232671
616.000000 381.000000 0.474914 0.234207
633.000000 381.000000 0.503059 0.234517
226.000000 382.000000 -0.159208 0.237214
311.000000 382.000000 -0.020268 0.237797
317.000000 382.000000 -0.010432 0.237803
527.000000 382.000000 0.330791 0.235833
543.000000 382.000000 0.356523 0.235696
635.000000 382.000000 0.506419 0.236197
220.000000 383.000000 -0.168955 0.238761
356.000000 383.000000 0.053484 0.239338
375.000000 383.000000 0.084576 0.239224
377.000000 383.000000 0.087846 0.239209
389.000000 383.000000 0.107451 0.239111
549.000000 383.000000 0.366173 0.237272
627.000000 383.000000 0.493124 0.237654
359.000000 384.000000 0.058391 0.240939
525.000000 384.000000 0.327555 0.239083
540.000000 384.000000 0.351682 0.238950
547.000000 384.000000 0.362947 0.238901
431.000000 385.000000 0.175819 0.241886
490.000000 385.000000 0.271221 0.241106
553.000000 385.000000 0.372604 0.240483
613.000000 385.000000 0.470035 0.240675
616.000000 385.000000 0.474973 0.240719
385.000000 386.000000 0.100894 0.243991
435.000000 386.000000 0.182299 0.243450
525.000000 386.000000 0.327536 0.242313
550.000000 386.000000 0.367766 0.242116
559.000000 386.000000 0.382271 0.242073
576.000000 386.000000 0.409735 0.242046
622.000000 386.000000 0.484897 0.242450
324.000000 387.000000 0.001043 0.245883
363.000000 387.000000 0.064921 0.245762
492.000000 387.000000 0.274417 0.244307
494.000000 387.000000 0.277639 0.244282
534.000000 387.000000 0.342004 0.243846
540.000000 387.000000 0.351659 0.243798
584.000000 387.000000 0.422704 0.243683
612.000000 387.000000 0.468419 0.243917
636.000000 387.000000 0.508217 0.244399
219.000000 388.000000 -0.170522 0.246821
449.000000 388.000000 0.204965 0.246495
389.000000 389.000000 0.107398 0.248799
397.000000 389.000000 0.120449 0.248724
406.000000 389.000000 0.135116 0.248632
455.000000 389.000000 0.214664 0.248028
485.000000 389.000000 0.263110 0.247625
578.000000 389.000000 0.412978 0.246910
612.000000 389.000000 0.468447 0.247174
564.000000 390.000000 0.390329 0.248532
322.000000 391.000000 -0.002235 0.252340
395.000000 391.000000 0.117168 0.251970
526.000000 391.000000 0.329097 0.250378
577.000000 391.000000 0.411361 0.250149
179.000000 392.000000 -0.235304 0.252769
182.000000 392.000000 -0.230453 0.252808
376.000000 392.000000 0.086144 0.253746
408.000000 392.000000 0.138341 0.253450
582.000000 392.000000 0.419474 0.251784
613.000000 392.000000 0.470140 0.252076
624.000000 392.000000 0.488332 0.252283
245.000000 393.000000 -0.128148 0.255170
391.000000 393.000000 0.110625 0.255234
404.000000 393.000000 0.131817 0.255106
486.000000 393.000000 0.264670 0.254064
494.000000 393.000000 0.277563 0.253962
548.000000 393.000000 0.364505 0.253444
620.000000 393.000000 0.481720 0.253833
384.000000 394.000000 0.099194 0.256908
395.000000 394.000000 0.117140 0.256809
399.000000 394.000000 0.123660 0.256769
520.000000 394.000000 0.319412 0.255279
523.000000 394.000000 0.324240 0.255250
559.000000 394.000000 0.382245 0.255017
206.000000 395.000000 -0.191543 0.257954
244.000000 395.000000 -0.129758 0.258386
416.000000 395.000000 0.151325 0.258198
486.000000 395.000000 0.264645 0.257290
490.000000 395.000000 0.271093 0.257239
507.000000 395.000000 0.298475 0.257033
532.000000 395.000000 0.338719 0.256785
534.000000 395.000000 0.341939 0.256769
567.000000 395.000000 0.395172 0.256624
384.000000 396.000000 0.099177 0.260132
520.000000 396.000000 0.319392 0.258508
545.000000 396.000000 0.359653 0.258311
213.000000 397.000000 -0.180160 0.261265
244.000000 397.000000 -0.129738 0.261610
530.000000 397.000000 0.335482 0.260032
548.000000 397.000000 0.364484 0.259912
586.000000 397.000000 0.426000 0.259917
592.000000 397.000000 0.435778 0.259960
612.000000 397.000000 0.468574 0.260211
240.000000 398.000000 -0.136244 0.263181
303.000000 398.000000 -0.033339 0.263604
488.000000 398.000000 0.267831 0.262102
535.000000 398.000000 0.343527 0.261608
561.000000 398.000000 0.385468 0.261487
582.000000 398.000000 0.419499 0.261519
596.000000 398.000000 0.442321 0.261623
602.000000 398.000000 0.452145 0.261692
624.000000 398.000000 0.488468 0.262090
305.000000 399.000000 -0.030063 0.265220
393.000000 399.000000 0.113831 0.264886
570.000000 399.000000 0.400030 0.263105
615.000000 399.000000 0.473564 0.263530
369.000000 400.000000 0.074651 0.266691
400.000000 400.000000 0.125229 0.266428
488.000000 400.000000 0.267805 0.265326
549.000000 400.000000 0.366084 0.264759
558.000000 400.000000 0.380616 0.264731
578.000000 400.000000 0.413009 0.264747
586.000000 400.000000 0.426020 0.264789
334.000000 401.000000 0.017405 0.268450
336.000000 401.000000 0.020678 0.268447
409.000000 401.000000 0.139871 0.267944
563.000000 401.000000 0.388699 0.266343
590.000000 401.000000 0.432548 0.266445
300.000000 402.000000 -0.038237 0.270039
372.000000 402.000000 0.079538 0.269891
601.000000 402.000000 0.450557 0.268192
605.000000 402.000000 0.457128 0.268250
209.000000 404.000000 -0.186566 0.272494
615.000000 404.000000 0.473665 0.271697
202.000000 405.000000 -0.197904 0.274018
628.000000 405.000000 0.495329 0.273662
205.000000 406.000000 -0.193028 0.275665
208.000000 406.000000 -0.188163 0.275702
462.000000 406.000000 0.225757 0.275332
491.000000 406.000000 0.272568 0.274961
499.000000 406.000000 0.285463 0.274866
612.000000 406.000000 0.468742 0.274903
618.000000 406.000000 0.478685 0.275035
200.000000 407.000000 -0.201121 0.277213
203.000000 407.000000 -0.196258 0.277251
256.000000 407.000000 -0.110085 0.277826
329.000000 407.000000 0.009215 0.278117
198.000000 408.000000 -0.204349 0.278798
208.000000 408.000000 -0.188139 0.278922
265.000000 408.000000 -0.095397 0.279508
633.000000 408.000000 0.503817 0.278749
326.000000 409.000000 0.004307 0.281337
344.000000 409.000000 0.033743 0.281301
450.000000 409.000000 0.206307 0.280320
469.000000 409.000000 0.237028 0.280072
488.000000 409.000000 0.267694 0.279832
271.000000 410.000000 -0.085591 0.282769
203.000000 411.000000 -0.196209 0.283690
220.000000 411.000000 -0.168628 0.283893
464.000000 411.000000 0.228924 0.283357
466.000000 411.000000 0.232156 0.283331
538.000000 411.000000 0.348283 0.282598
138.000000 412.000000 -0.301259 0.284545
245.000000 412.000000 -0.127963 0.285769
249.000000 412.000000 -0.121448 0.285807
323.000000 412.000000 -0.000601 0.286162
550.000000 412.000000 0.367661 0.284172
202.000000 413.000000 -0.197806 0.286896
253.000000 413.000000 -0.114923 0.287451
339.000000 413.000000 0.025557 0.287748
343.000000 413.000000 0.032096 0.287736
275.000000 414.000000 -0.079035 0.289227
558.000000 414.000000 0.380605 0.287405
560.000000 414.000000 0.383845 0.287407
190.000000 415.000000 -0.217217 0.289968
569.000000 415.000000 0.398450 0.289053
572.000000 415.000000 0.403327 0.289068
172.000000 416.000000 -0.246318 0.291360
199.000000 416.000000 -0.202630 0.291687
249.000000 416.000000 -0.121412 0.292238
497.000000 416.000000 0.282128 0.291009
523.000000 416.000000 0.324053 0.290770
584.000000 416.000000 0.422892 0.290787
142.000000 417.000000 -0.294757 0.292650
188.000000 417.000000 -0.220430 0.293162
247.000000 417.000000 -0.124659 0.293827
268.000000 417.000000 -0.090437 0.294001
346.000000 417.000000 0.036985 0.294154
594.000000 417.000000 0.439282 0.292544
308.000000 418.000000 -0.025117 0.295792
540.000000 418.000000 0.351482 0.293909
545.000000 418.000000 0.359564 0.293895
598.000000 418.000000 0.445874 0.294242
605.000000 418.000000 0.457419 0.294378
607.000000 418.000000 0.460726 0.294421
198.000000 419.000000 -0.204214 0.296502
259.000000 419.000000 -0.105095 0.297146
499.000000 419.000000 0.285322 0.295824
556.000000 419.000000 0.377368 0.295508
561.000000 419.000000 0.385476 0.295517
591.000000 419.000000 0.434388 0.295762
610.000000 419.000000 0.465720 0.296129
109.000000 420.000000 -0.348049 0.297284
307.000000 420.000000 -0.026747 0.299002
520.000000 420.000000 0.319184 0.297251
567.000000 420.000000 0.395223 0.297163
589.000000 420.000000 0.431123 0.297365
623.000000 420.000000 0.487425 0.298148
626.000000 420.000000 0.492461 0.298251
303.000000 421.000000 -0.033279 0.300598
346.000000 421.000000 0.036971 0.300578
351.000000 421.000000 0.045136 0.300559
357.000000 421.000000 0.054931 0.300531
503.000000 421.000000 0.291754 0.299009
535.000000 421.000000 0.343393 0.298781
556.000000 421.000000 0.377371 0.298751
578.000000 421.000000 0.413144 0.298867
584.000000 421.000000 0.422948 0.298930
620.000000 421.000000 0.482433 0.299694
630.000000 421.000000 0.499236 0.300050
530.000000 422.000000 0.335313 0.300420
563.000000 422.000000 0.388732 0.300393
601.000000 422.000000 0.450895 0.300838
607.000000 422.000000 0.460819 0.300972
610.000000 422.000000 0.465796 0.301048
633.000000 422.000000 0.504350 0.301824
170.000000 423.000000 -0.249471 0.302610
303.000000 423.000000 -0.033274 0.303809
357.000000 423.000000 0.054921 0.303742
359.000000 423.000000 0.058185 0.303732
500.000000 423.000000 0.286895 0.302263
510.000000 423.000000 0.303028 0.302172
526.000000 423.000000 0.328849 0.302058
528.000000 423.000000 0.332078 0.302047
575.000000 423.000000 0.408268 0.302094
595.000000 423.000000 0.441025 0.302357
613.000000 423.000000 0.470811 0.302770
343.000000 424.000000 0.032062 0.305404
346.000000 424.000000 0.036960 0.305394
352.000000 424.000000 0.046756 0.305370
425.000000 424.000000 0.165605 0.304752
427.000000 424.000000 0.168849 0.304729
508.000000 424.000000 0.299792 0.303802
539.000000 424.000000 0.349848 0.303621
553.000000 424.000000 0.372512 0.303611
558.000000 424.000000 0.380621 0.303622
580.000000 424.000000 0.416442 0.303772
607.000000 424.000000 0.460868 0.304251
626.000000 424.000000 0.492608 0.304845
429.000000 425.000000 0.172082 0.306312
517.000000 425.000000 0.314308 0.305346
570.000000 425.000000 0.400135 0.305307
575.000000 425.000000 0.408286 0.305349
586.000000 425.000000 0.426275 0.305479
619.000000 425.000000 0.480890 0.306243
630.000000 425.000000 0.499398 0.306655
362.000000 426.000000 0.063064 0.308530
425.000000 426.000000 0.165582 0.307965
550.000000 426.000000 0.367652 0.306851
581.000000 426.000000 0.418100 0.307043
596.000000 426.000000 0.442728 0.307281
218.000000 427.000000 -0.171693 0.309595
223.000000 427.000000 -0.163577 0.309649
560.000000 427.000000 0.383880 0.308499
576.000000 427.000000 0.409939 0.308616
604.000000 427.000000 0.455970 0.309096
632.000000 427.000000 0.502872 0.310049
221.000000 428.000000 -0.166813 0.311234
323.000000 428.000000 -0.000605 0.311855
422.000000 428.000000 0.160691 0.311212
570.000000 428.000000 0.400159 0.310188
593.000000 428.000000 0.437824 0.310495
599.000000 428.000000 0.447720 0.310618
212.000000 429.000000 -0.181405 0.312742
215.000000 429.000000 -0.176539 0.312775
224.000000 429.000000 -0.161932 0.312873
313.000000 429.000000 -0.016933 0.313454
318.000000 429.000000 -0.008769 0.313458
346.000000 429.000000 0.036943 0.313416
360.000000 429.000000 0.059785 0.313354
445.000000 429.000000 0.197962 0.312549
449.000000 429.000000 0.204437 0.312500
582.000000 429.000000 0.419776 0.311949
588.000000 429.000000 0.429619 0.312040
606.000000 429.000000 0.459338 0.312429
611.000000 429.000000 0.467655 0.312571
624.000000 429.000000 0.489432 0.313020
296.000000 430.000000 -0.044681 0.315019
447.000000 430.000000 0.201188 0.314132
451.000000 430.000000 0.207662 0.314084
574.000000 430.000000 0.406704 0.313482
577.000000 430.000000 0.411606 0.313516
600.000000 430.000000 0.449419 0.313918
192.000000 431.000000 -0.213791 0.315732
213.000000 431.000000 -0.179761 0.315966
289.000000 431.000000 -0.056099 0.316596
298.000000 431.000000 -0.041414 0.316630
421.000000 431.000000 0.159034 0.316040
456.000000 431.000000 0.215740 0.315632
461.000000 431.000000 0.223827 0.315573
568.000000 431.000000 0.396924 0.315053
582.000000 431.000000 0.419805 0.315213
589.000000 431.000000 0.431297 0.315327
620.000000 431.000000 0.482779 0.316169
74.000000 432.000000 -0.404987 0.316893
221.000000 432.000000 -0.166770 0.317659
296.000000 432.000000 -0.044674 0.318227
326.000000 432.000000 0.004291 0.318268
458.000000 432.000000 0.218963 0.317217
463.000000 432.000000 0.227049 0.317158
472.000000 432.000000 0.241595 0.317056
584.000000 432.000000 0.423100 0.316877
602.000000 432.000000 0.452781 0.317248
606.000000 432.000000 0.459421 0.317357
612.000000 432.000000 0.469416 0.317538
634.000000 432.000000 0.506508 0.318432
194.000000 433.000000 -0.210531 0.318970
208.000000 433.000000 -0.187847 0.319125
290.000000 433.000000 -0.054459 0.319807
467.000000 433.000000 0.233504 0.318721
576.000000 433.000000 0.410007 0.318395
591.000000 433.000000 0.434627 0.318637
596.000000 433.000000 0.442876 0.318743
190.000000 434.000000 -0.216996 0.320534
204.000000 434.000000 -0.194320 0.320688
214.000000 434.000000 -0.178107 0.320796
218.000000 434.000000 -0.171618 0.320839
427.000000 434.000000 0.168735 0.320790
430.000000 434.000000 0.173600 0.320756
471.000000 434.000000 0.239957 0.320286
475.000000 434.000000 0.246421 0.320242
600.000000 434.000000 0.449517 0.320480
615.000000 434.000000 0.474501 0.320936
636.000000 434.000000 0.510026 0.321859
199.000000 435.000000 -0.202411 0.322240
289.000000 435.000000 -0.056082 0.323009
416.000000 435.000000 0.150875 0.322515
434.000000 435.000000 0.180072 0.322316
443.000000 435.000000 0.194653 0.322213
450.000000 435.000000 0.205985 0.322132
479.000000 435.000000 0.252872 0.321810
481.000000 435.000000 0.256103 0.321789
499.000000 435.000000 0.285173 0.321622
591.000000 435.000000 0.434668 0.321912
595.000000 435.000000 0.441269 0.321999
612.000000 435.000000 0.469515 0.322481
192.000000 436.000000 -0.213737 0.323772
213.000000 436.000000 -0.179707 0.323998
317.000000 436.000000 -0.010398 0.324680
438.000000 436.000000 0.186542 0.323877
487.000000 436.000000 0.265784 0.323341
493.000000 436.000000 0.275475 0.323286
512.000000 436.000000 0.306162 0.323142
603.000000 436.000000 0.454548 0.323847
607.000000 436.000000 0.461203 0.323966
621.000000 436.000000 0.484659 0.324470
636.000000 436.000000 0.510133 0.325188
186.000000 437.000000 -0.223439 0.325316
411.000000 437.000000 0.142736 0.325777
422.000000 437.000000 0.160591 0.325661
461.000000 437.000000 0.223758 0.325223
508.000000 437.000000 0.299694 0.324782
625.000000 437.000000 0.491458 0.326300
194.000000 438.000000 -0.210477 0.327009
211.000000 438.000000 -0.182929 0.327190
249.000000 438.000000 -0.121216 0.327559
299.000000 438.000000 -0.039761 0.327854
449.000000 438.000000 0.204332 0.326965
466.000000 438.000000 0.231832 0.326776
474.000000 438.000000 0.244763 0.326691
500.000000 438.000000 0.286764 0.326453
505.000000 438.000000 0.294841 0.326417
519.000000 438.000000 0.317464 0.326338
527.000000 438.000000 0.330402 0.326311
616.000000 438.000000 0.476326 0.327578
621.000000 438.000000 0.484742 0.327781
186.000000 439.000000 -0.223418 0.328534
200.000000 439.000000 -0.200748 0.328680
245.000000 439.000000 -0.127713 0.329128
291.000000 439.000000 -0.052804 0.329429
419.000000 439.000000 0.155702 0.328903
421.000000 439.000000 0.158948 0.328881
460.000000 439.000000 0.222119 0.328450
478.000000 439.000000 0.251216 0.328260
486.000000 439.000000 0.264141 0.328184
496.000000 439.000000 0.280295 0.328097
510.000000 439.000000 0.302913 0.328000
535.000000 439.000000 0.343352 0.327919
628.000000 439.000000 0.496642 0.329762
106.000000 440.000000 -0.352903 0.329693
108.000000 440.000000 -0.349656 0.329689
182.000000 440.000000 -0.229882 0.330102
184.000000 440.000000 -0.226645 0.330122
189.000000 440.000000 -0.218552 0.330173
411.000000 440.000000 0.142706 0.330589
427.000000 440.000000 0.168669 0.330422
432.000000 440.000000 0.176775 0.330368
465.000000 440.000000 0.230194 0.330004
513.000000 440.000000 0.307756 0.329599
517.000000 440.000000 0.314222 0.329580
531.000000 440.000000 0.336873 0.329542
540.000000 440.000000 0.351457 0.329543
634.000000 440.000000 0.506929 0.331741
194.000000 441.000000 -0.210446 0.331832
296.000000 441.000000 -0.044644 0.332651
302.000000 441.000000 -0.034860 0.332668
443.000000 441.000000 0.194585 0.331852
472.000000 441.000000 0.241500 0.331540
208.000000 442.000000 -0.187752 0.333584
241.000000 442.000000 -0.134189 0.333905
288.000000 442.000000 -0.057682 0.334223
299.000000 442.000000 -0.039750 0.334262
313.000000 442.000000 -0.016919 0.334290
392.000000 442.000000 0.111812 0.333973
406.000000 442.000000 0.134566 0.333846
438.000000 442.000000 0.186476 0.333513
476.000000 442.000000 0.247955 0.333111
541.000000 442.000000 0.353082 0.332790
544.000000 442.000000 0.357951 0.332799
546.000000 442.000000 0.361199 0.332806
555.000000 442.000000 0.375832 0.332854
144.000000 443.000000 -0.291328 0.334626
455.000000 443.000000 0.213987 0.334935
484.000000 443.000000 0.260874 0.334647
500.000000 443.000000 0.286728 0.334521
507.000000 443.000000 0.298041 0.334478
536.000000 443.000000 0.344975 0.334404
552.000000 443.000000 0.370957 0.334461
560.000000 443.000000 0.383987 0.334523
248.000000 444.000000 -0.122792 0.337172
418.000000 444.000000 0.154028 0.336936
445.000000 444.000000 0.197791 0.336650
450.000000 444.000000 0.205885 0.336596
489.000000 444.000000 0.268945 0.336217
503.000000 444.000000 0.291570 0.336116
511.000000 444.000000 0.304503 0.336073
544.000000 444.000000 0.357958 0.336047
569.000000 444.000000 0.398698 0.336257
99.000000 445.000000 -0.364307 0.337847
101.000000 445.000000 -0.361051 0.337836
320.000000 445.000000 -0.005502 0.339098
405.000000 445.000000 0.132913 0.338667
428.000000 445.000000 0.170237 0.338437
467.000000 445.000000 0.233376 0.338028
498.000000 445.000000 0.283482 0.337763
514.000000 445.000000 0.309350 0.337677
520.000000 445.000000 0.319058 0.337658
565.000000 445.000000 0.392170 0.337838
573.000000 445.000000 0.405264 0.337949
141.000000 446.000000 -0.296167 0.339458
211.000000 446.000000 -0.182848 0.340039
400.000000 446.000000 0.124781 0.340316
402.000000 446.000000 0.128031 0.340298
420.000000 446.000000 0.157253 0.340124
424.000000 446.000000 0.163741 0.340083
448.000000 446.000000 0.202627 0.339832
461.000000 446.000000 0.223663 0.339697
465.000000 446.000000 0.230132 0.339657
502.000000 446.000000 0.289942 0.339352
516.000000 446.000000 0.312582 0.339288
553.000000 446.000000 0.372605 0.339350
578.000000 446.000000 0.413488 0.339672
583.000000 446.000000 0.421715 0.339772
586.000000 446.000000 0.426661 0.339839
242.000000 447.000000 -0.132520 0.341933
244.000000 447.000000 -0.129270 0.341950
440.000000 447.000000 0.189662 0.341522
454.000000 447.000000 0.212327 0.341376
480.000000 447.000000 0.254374 0.341127
512.000000 447.000000 0.306107 0.340919
533.000000 447.000000 0.340115 0.340890
541.000000 447.000000 0.353097 0.340909
567.000000 447.000000 0.395466 0.341130
108.000000 448.000000 -0.349679 0.342679
112.000000 448.000000 -0.343178 0.342665
210.000000 448.000000 -0.184450 0.343241
328.000000 448.000000 0.007540 0.343898
423.000000 448.000000 0.162099 0.343303
435.000000 448.000000 0.181551 0.343180
460.000000 448.000000 0.222025 0.342924
474.000000 448.000000 0.244666 0.342791
515.000000 448.000000 0.310958 0.342526
591.000000 448.000000 0.434977 0.343251
597.000000 448.000000 0.444932 0.343424
601.000000 448.000000 0.451591 0.343554
223.000000 449.000000 -0.163355 0.344971
331.000000 449.000000 0.012429 0.345495
394.000000 449.000000 0.115005 0.345176
400.000000 449.000000 0.124755 0.345125
420.000000 449.000000 0.157223 0.344937
453.000000 449.000000 0.210689 0.344602
493.000000 449.000000 0.275373 0.344251
527.000000 449.000000 0.330389 0.344129
547.000000 449.000000 0.362860 0.344192
593.000000 449.000000 0.438320 0.344953
282.000000 450.000000 -0.067422 0.347010
307.000000 450.000000 -0.026690 0.347091
312.000000 450.000000 -0.018541 0.347098
314.000000 450.000000 -0.015281 0.347100
329.000000 450.000000 0.009168 0.347099
435.000000 450.000000 0.181531 0.346391
444.000000 450.000000 0.196109 0.346300
447.000000 450.000000 0.200967 0.346270
486.000000 450.000000 0.264050 0.345914
502.000000 450.000000 0.289920 0.345813
545.000000 450.000000 0.359613 0.345806
615.000000 450.000000 0.475147 0.347420
284.000000 451.000000 -0.064160 0.348621
429.000000 451.000000 0.171797 0.348057
431.000000 451.000000 0.175039 0.348037
465.000000 451.000000 0.230084 0.347702
491.000000 451.000000 0.272126 0.347492
506.000000 451.000000 0.296385 0.347411
564.000000 451.000000 0.390613 0.347624
612.000000 451.000000 0.470135 0.348946
620.000000 451.000000 0.483657 0.349325
286.000000 452.000000 -0.060899 0.350231
329.000000 452.000000 0.009166 0.350300
397.000000 452.000000 0.119855 0.349959
447.000000 452.000000 0.200947 0.349484
454.000000 452.000000 0.212278 0.349415
456.000000 452.000000 0.215514 0.349396
459.000000 452.000000 0.220368 0.349368
501.000000 452.000000 0.288292 0.349049
516.000000 452.000000 0.312567 0.348999
566.000000 452.000000 0.393902 0.349288
568.000000 452.000000 0.397179 0.349320
631.000000 452.000000 0.502493 0.351621
307.000000 453.000000 -0.026685 0.351894
316.000000 453.000000 -0.012019 0.351904
334.000000 453.000000 0.017312 0.351894
436.000000 453.000000 0.183121 0.351199
441.000000 453.000000 0.191221 0.351150
443.000000 453.000000 0.194460 0.351130
478.000000 453.000000 0.251091 0.350812
505.000000 453.000000 0.294759 0.350648
519.000000 453.000000 0.317425 0.350615
523.000000 453.000000 0.323907 0.350613
572.000000 453.000000 0.403760 0.351028
578.000000 453.000000 0.413629 0.351150
605.000000 453.000000 0.458459 0.351970
624.000000 453.000000 0.490569 0.352877
626.000000 453.000000 0.493984 0.352992
634.000000 453.000000 0.507724 0.353494
289.000000 454.000000 -0.056005 0.353445
394.000000 454.000000 0.114964 0.353189
408.000000 454.000000 0.137703 0.353070
411.000000 454.000000 0.142572 0.353043
459.000000 454.000000 0.220350 0.352585
472.000000 454.000000 0.241380 0.352471
559.000000 454.000000 0.382476 0.352459
612.000000 454.000000 0.470270 0.353930
618.000000 454.000000 0.480417 0.354223
628.000000 454.000000 0.497468 0.354786
340.000000 455.000000 0.027084 0.355083
448.000000 455.000000 0.202537 0.354296
455.000000 455.000000 0.213868 0.354230
501.000000 455.000000 0.288279 0.353898
515.000000 455.000000 0.310943 0.353859
518.000000 455.000000 0.315803 0.353856
347.000000 456.000000 0.038482 0.356663
350.000000 456.000000 0.043368 0.356653
415.000000 456.000000 0.149045 0.356214
437.000000 456.000000 0.184712 0.356007
445.000000 456.000000 0.197670 0.355932
485.000000 456.000000 0.262391 0.355599
491.000000 456.000000 0.272096 0.355563
539.000000 456.000000 0.349890 0.355533
543.000000 456.000000 0.356398 0.355560
598.000000 456.000000 0.446866 0.356671
611.000000 456.000000 0.468676 0.357210
233.000000 457.000000 -0.147054 0.357895
331.000000 457.000000 0.012419 0.358300
357.000000 457.000000 0.054761 0.358226
386.000000 457.000000 0.101939 0.358056
393.000000 457.000000 0.113316 0.358004
422.000000 457.000000 0.160390 0.357754
426.000000 457.000000 0.166876 0.357717
460.000000 457.000000 0.221941 0.357403
467.000000 457.000000 0.233267 0.357344
527.000000 457.000000 0.330400 0.357109
531.000000 457.000000 0.336894 0.357122
603.000000 457.000000 0.455268 0.358521
147.000000 458.000000 -0.286406 0.358883
153.000000 458.000000 -0.276685 0.358904
337.000000 458.000000 0.022190 0.359890
344.000000 458.000000 0.033591 0.359873
355.000000 458.000000 0.051501 0.359835
360.000000 458.000000 0.059640 0.359813
371.000000 458.000000 0.077540 0.359756
431.000000 458.000000 0.174971 0.359276
438.000000 458.000000 0.186314 0.359211
500.000000 458.000000 0.286649 0.358752
505.000000 458.000000 0.294743 0.358736
545.000000 458.000000 0.359672 0.358835
554.000000 458.000000 0.374355 0.358931
557.000000 458.000000 0.379259 0.358970
149.000000 459.000000 -0.283162 0.360507
151.000000 459.000000 -0.279922 0.360513
238.000000 459.000000 -0.138919 0.361144
242.000000 459.000000 -0.132423 0.361175
539.000000 459.000000 0.349909 0.360418
602.000000 459.000000 0.453674 0.361799
624.000000 459.000000 0.490922 0.362922
232.000000 460.000000 -0.148653 0.362700
234.000000 460.000000 -0.145406 0.362716
450.000000 460.000000 0.205729 0.362317
474.000000 460.000000 0.244569 0.362125
480.000000 460.000000 0.254277 0.362084
518.000000 460.000000 0.315804 0.361964
552.000000 460.000000 0.371113 0.362174
568.000000 460.000000 0.397324 0.362430
572.000000 460.000000 0.403903 0.362515
621.000000 460.000000 0.485853 0.364417
251.000000 461.000000 -0.117787 0.364447
513.000000 461.000000 0.307698 0.363584
487.000000 462.000000 0.265592 0.365273
493.000000 462.000000 0.275303 0.365246
572.000000 462.000000 0.403948 0.365802
600.000000 462.000000 0.450446 0.366698
622.000000 462.000000 0.487684 0.367833
624.000000 462.000000 0.491110 0.367959
636.000000 462.000000 0.511843 0.368814
145.000000 463.000000 -0.289637 0.366972
525.000000 463.000000 0.327171 0.366852
531.000000 463.000000 0.336921 0.366880
567.000000 463.000000 0.395741 0.367335
507.000000 464.000000 0.297972 0.368449
580.000000 464.000000 0.417210 0.369305
608.000000 464.000000 0.463998 0.370396
629.000000 464.000000 0.499853 0.371668
538.000000 465.000000 0.348328 0.370189
582.000000 465.000000 0.420554 0.371016
262.000000 466.000000 -0.099877 0.372530
593.000000 466.000000 0.438894 0.373056
595.000000 466.000000 0.442238 0.373136
515.000000 467.000000 0.310948 0.373322
520.000000 467.000000 0.319065 0.373336
552.000000 467.000000 0.371210 0.373625
495.000000 468.000000 0.278523 0.374946
615.000000 468.000000 0.476096 0.377478
624.000000 468.000000 0.491512 0.378064
499.000000 469.000000 0.285003 0.376559
567.000000 469.000000 0.395875 0.377203
284.000000 470.000000 -0.064082 0.379042
606.000000 470.000000 0.460927 0.380321
621.000000 470.000000 0.486491 0.381231
291.000000 471.000000 -0.052692 0.380667
512.000000 472.000000 0.306091 0.381438
522.000000 472.000000 0.322339 0.381482
547.000000 472.000000 0.363105 0.381740
627.000000 472.000000 0.496990 0.385054
636.000000 472.000000 0.512683 0.385809
556.000000 473.000000 0.377873 0.383541
520.000000 474.000000 0.319098 0.384728
531.000000 474.000000 0.337005 0.384813
604.000000 474.000000 0.457758 0.386913
522.000000 475.000000 0.322358 0.386370
539.000000 475.000000 0.350069 0.386540
