276.000000 112.000000 -0.077615 -0.203713
352.000000 116.000000 0.046971 -0.197334
354.000000 117.000000 0.050254 -0.195708
315.000000 120.000000 -0.013718 -0.190923
472.000000 120.000000 0.242288 -0.189544
311.000000 121.000000 -0.020283 -0.189299
355.000000 124.000000 0.051926 -0.184370
357.000000 125.000000 0.055210 -0.182740
334.000000 126.000000 0.017473 -0.181194
331.000000 127.000000 0.012549 -0.179577
334.000000 140.000000 0.017496 -0.158459
465.000000 141.000000 0.231298 -0.155704
299.000000 146.000000 -0.040049 -0.148670
280.000000 148.000000 -0.071269 -0.145339
284.000000 148.000000 -0.064701 -0.145358
325.000000 150.000000 0.002705 -0.142186
395.000000 151.000000 0.117633 -0.140251
631.000000 152.000000 0.498420 -0.136376
627.000000 153.000000 0.491877 -0.134754
327.000000 154.000000 0.005998 -0.135662
334.000000 155.000000 0.017517 -0.134024
351.000000 156.000000 0.045483 -0.132353
362.000000 157.000000 0.063566 -0.130680
365.000000 158.000000 0.068499 -0.129035
277.000000 162.000000 -0.076263 -0.122495
281.000000 163.000000 -0.069696 -0.120880
286.000000 163.000000 -0.061477 -0.120901
300.000000 166.000000 -0.038455 -0.116041
627.000000 170.000000 0.491875 -0.107289
534.000000 182.000000 0.342582 -0.088469
550.000000 183.000000 0.368161 -0.086711
472.000000 184.000000 0.243089 -0.085798
475.000000 185.000000 0.247937 -0.084143
265.000000 187.000000 -0.096088 -0.081547
263.000000 189.000000 -0.099381 -0.078261
548.000000 190.000000 0.365021 -0.075396
550.000000 190.000000 0.368216 -0.075381
231.000000 191.000000 -0.151810 -0.074821
264.000000 192.000000 -0.097751 -0.073348
433.000000 193.000000 0.179968 -0.071426
528.000000 193.000000 0.333082 -0.070691
541.000000 194.000000 0.353869 -0.068970
560.000000 195.000000 0.384226 -0.067216
415.000000 201.000000 0.150669 -0.058441
411.000000 203.000000 0.144142 -0.055184
411.000000 205.000000 0.144151 -0.051906
417.000000 205.000000 0.153954 -0.051879
429.000000 205.000000 0.173526 -0.051821
431.000000 206.000000 0.176788 -0.050175
433.000000 206.000000 0.180044 -0.050165
501.000000 211.000000 0.289955 -0.041633
532.000000 213.000000 0.339608 -0.038215
567.000000 214.000000 0.395516 -0.036422
577.000000 214.000000 0.411498 -0.036377
579.000000 216.000000 0.414705 -0.033132
582.000000 216.000000 0.419504 -0.033120
576.000000 217.000000 0.409912 -0.031527
218.000000 223.000000 -0.173170 -0.022345
376.000000 427.000000 0.085885 0.310045
429.000000 446.000000 0.171848 0.340032
420.000000 448.000000 0.157233 0.343333
439.000000 449.000000 0.188022 0.344745
504.000000 451.000000 0.293150 0.347419
289.000000 454.000000 -0.056005 0.353445
359.000000 471.000000 0.057956 0.380629
446.000000 472.000000 0.199157 0.381655
457.000000 475.000000 0.216954 0.386417
