456.000000 101.000000 0.216172 -0.220405
420.000000 105.000000 0.157900 -0.214484
456.000000 106.000000 0.216249 -0.212357
444.000000 110.000000 0.196899 -0.206092
440.000000 111.000000 0.190435 -0.204538
442.000000 111.000000 0.193675 -0.204509
444.000000 125.000000 0.197113 -0.181879
437.000000 127.000000 0.185792 -0.178740
438.000000 132.000000 0.187480 -0.170636
435.000000 137.000000 0.182675 -0.162576
442.000000 138.000000 0.194044 -0.160867
385.000000 147.000000 0.101236 -0.146837
396.000000 148.000000 0.119244 -0.145124
400.000000 148.000000 0.125782 -0.145090
378.000000 149.000000 0.089781 -0.143631
380.000000 149.000000 0.093059 -0.143617
404.000000 149.000000 0.132326 -0.143428
371.000000 174.000000 0.078429 -0.102867
339.000000 176.000000 0.025780 -0.099689
373.000000 178.000000 0.081733 -0.096313
551.000000 188.000000 0.369798 -0.078610
553.000000 189.000000 0.373001 -0.076977
556.000000 189.000000 0.377794 -0.076954
629.000000 193.000000 0.495160 -0.070129
631.000000 194.000000 0.498420 -0.068510
317.000000 202.000000 -0.010480 -0.057040
335.000000 208.000000 0.019220 -0.047173
484.000000 422.000000 0.261087 0.300821
526.000000 434.000000 0.328797 0.319842
541.000000 446.000000 0.353094 0.339285
548.000000 460.000000 0.364583 0.362127
554.000000 464.000000 0.374437 0.368743
550.000000 470.000000 0.367983 0.378509
552.000000 471.000000 0.371275 0.380182
559.000000 473.000000 0.382801 0.383604
566.000000 475.000000 0.394378 0.387069
