536.000000 114.000000 0.344989 -0.198263
515.000000 118.000000 0.311380 -0.192114
500.000000 119.000000 0.287322 -0.190727
535.000000 119.000000 0.343452 -0.190224
496.000000 121.000000 0.280927 -0.187564
494.000000 122.000000 0.277729 -0.185981
521.000000 122.000000 0.321057 -0.185582
521.000000 124.000000 0.321085 -0.182359
525.000000 124.000000 0.327496 -0.182303
521.000000 144.000000 0.321357 -0.150087
475.000000 148.000000 0.247524 -0.144232
517.000000 150.000000 0.315027 -0.140443
522.000000 150.000000 0.323035 -0.140380
516.000000 152.000000 0.313450 -0.137222
481.000000 161.000000 0.257355 -0.123081
467.000000 162.000000 0.234791 -0.121623
477.000000 162.000000 0.250922 -0.121506
460.000000 165.000000 0.223514 -0.116828
464.000000 165.000000 0.229980 -0.116783
458.000000 166.000000 0.220291 -0.115224
454.000000 187.000000 0.214015 -0.081065
415.000000 190.000000 0.150608 -0.076447
452.000000 190.000000 0.210799 -0.076188
445.000000 192.000000 0.199462 -0.072976
454.000000 193.000000 0.214062 -0.071278
457.000000 193.000000 0.218920 -0.071256
563.000000 444.000000 0.388892 0.336184
560.000000 445.000000 0.384006 0.337783
609.000000 458.000000 0.465396 0.360445
615.000000 469.000000 0.476156 0.379158
