583.000000 104.000000 0.420416 -0.213921
635.000000 108.000000 0.505287 -0.207606
635.000000 141.000000 0.505022 -0.154174
585.000000 153.000000 0.423940 -0.134893
597.000000 154.000000 0.443248 -0.133208
601.000000 154.000000 0.449697 -0.133189
578.000000 155.000000 0.412721 -0.131717
580.000000 155.000000 0.415929 -0.131702
582.000000 155.000000 0.419138 -0.131687
576.000000 156.000000 0.409522 -0.130119
528.000000 183.000000 0.332997 -0.086903
530.000000 183.000000 0.336196 -0.086885
563.000000 184.000000 0.388941 -0.084990
571.000000 185.000000 0.401738 -0.083314
573.000000 186.000000 0.404944 -0.081684
624.000000 458.000000 0.490861 0.361245
