97.000000 15.000000 -0.366735 -0.357716
57.000000 174.000000 -0.431985 -0.101017
161.000000 216.000000 -0.265528 -0.033579
127.000000 232.000000 -0.320207 -0.007400
49.000000 243.000000 -0.445123 0.010609
113.000000 311.000000 -0.342425 0.120939
122.000000 321.000000 -0.327917 0.137226
247.000000 321.000000 -0.125499 0.138340
216.000000 331.000000 -0.176025 0.154393
290.000000 351.000000 -0.054811 0.187476
287.000000 353.000000 -0.059727 0.190716
289.000000 353.000000 -0.056445 0.190724
22.000000 370.000000 -0.489592 0.216571
28.000000 370.000000 -0.479689 0.216485
24.000000 371.000000 -0.486302 0.218169
280.000000 390.000000 -0.071011 0.250605
