271.000000 50.000000 -0.085320 -0.303182
346.000000 67.000000 0.036951 -0.276176
211.000000 85.000000 -0.183197 -0.246484
366.000000 101.000000 0.069809 -0.221475
623.000000 103.000000 0.485524 -0.215586
626.000000 103.000000 0.490465 -0.215613
371.000000 105.000000 0.078012 -0.214991
307.000000 106.000000 -0.026814 -0.213542
598.000000 106.000000 0.444695 -0.210652
605.000000 106.000000 0.456069 -0.210653
592.000000 107.000000 0.434975 -0.209050
578.000000 109.000000 0.412379 -0.205890
619.000000 109.000000 0.478917 -0.205849
622.000000 109.000000 0.483837 -0.205867
613.000000 110.000000 0.469100 -0.204208
579.000000 114.000000 0.414022 -0.197826
497.000000 119.000000 0.282503 -0.190773
285.000000 121.000000 -0.062928 -0.189210
467.000000 123.000000 0.234269 -0.184778
307.000000 124.000000 -0.026854 -0.184431
451.000000 125.000000 0.208446 -0.181781
360.000000 126.000000 0.060134 -0.181104
357.000000 127.000000 0.055219 -0.179498
440.000000 127.000000 0.190657 -0.178700
308.000000 128.000000 -0.025220 -0.177947
340.000000 128.000000 0.027328 -0.177938
573.000000 128.000000 0.404478 -0.175306
421.000000 129.000000 0.159826 -0.175705
344.000000 131.000000 0.033903 -0.173060
284.000000 132.000000 -0.064624 -0.171372
347.000000 133.000000 0.038835 -0.169803
378.000000 134.000000 0.089678 -0.168015
412.000000 134.000000 0.145228 -0.167706
340.000000 135.000000 0.027345 -0.166575
424.000000 135.000000 0.164777 -0.165950
364.000000 136.000000 0.066746 -0.164856
398.000000 136.000000 0.122407 -0.164603
412.000000 136.000000 0.145250 -0.164463
419.000000 136.000000 0.156652 -0.164387
221.000000 137.000000 -0.167640 -0.162722
388.000000 137.000000 0.106069 -0.163068
182.000000 138.000000 -0.230894 -0.160610
189.000000 138.000000 -0.219575 -0.160704
196.000000 138.000000 -0.208242 -0.160796
207.000000 138.000000 -0.190404 -0.160935
225.000000 138.000000 -0.161140 -0.161145
399.000000 138.000000 0.124058 -0.161348
193.000000 139.000000 -0.213114 -0.159137
348.000000 139.000000 0.040497 -0.160051
180.000000 140.000000 -0.234153 -0.157345
416.000000 141.000000 0.151821 -0.156308
61.000000 142.000000 -0.425352 -0.152716
63.000000 142.000000 -0.422131 -0.152729
405.000000 142.000000 0.133893 -0.154796
65.000000 143.000000 -0.418919 -0.151129
357.000000 143.000000 0.055293 -0.153511
336.000000 145.000000 0.020792 -0.150320
422.000000 145.000000 0.161635 -0.149749
60.000000 146.000000 -0.426987 -0.146254
413.000000 146.000000 0.146983 -0.148219
405.000000 147.000000 0.133940 -0.146671
397.000000 148.000000 0.120879 -0.145116
61.000000 149.000000 -0.425396 -0.141417
356.000000 149.000000 0.053675 -0.143747
66.000000 150.000000 -0.417360 -0.139837
424.000000 150.000000 0.164944 -0.141605
368.000000 151.000000 0.073390 -0.140432
389.000000 151.000000 0.107815 -0.140297
405.000000 152.000000 0.133986 -0.138538
133.000000 153.000000 -0.309974 -0.135685
372.000000 153.000000 0.079965 -0.137151
67.000000 155.000000 -0.415789 -0.131772
397.000000 155.000000 0.120936 -0.133722
399.000000 155.000000 0.124207 -0.133705
64.000000 158.000000 -0.420631 -0.126906
348.000000 158.000000 0.040556 -0.129099
383.000000 158.000000 0.098035 -0.128934
377.000000 159.000000 0.088203 -0.127340
383.000000 161.000000 0.098054 -0.124041
67.000000 162.000000 -0.415839 -0.120467
375.000000 162.000000 0.084938 -0.122456
63.000000 163.000000 -0.422272 -0.118824
350.000000 164.000000 0.043863 -0.119295
65.000000 166.000000 -0.419079 -0.113992
64.000000 169.000000 -0.420705 -0.109139
383.000000 170.000000 0.098108 -0.109346
66.000000 173.000000 -0.417521 -0.102689
375.000000 173.000000 0.084995 -0.104484
64.000000 178.000000 -0.420763 -0.094596
359.000000 178.000000 0.058714 -0.096366
372.000000 180.000000 0.080098 -0.093043
68.000000 182.000000 -0.414372 -0.088155
65.000000 185.000000 -0.419202 -0.083286
375.000000 185.000000 0.085048 -0.084842
69.000000 188.000000 -0.412806 -0.078460
376.000000 188.000000 0.086704 -0.079922
64.000000 189.000000 -0.420830 -0.076813
361.000000 189.000000 0.062039 -0.078334
66.000000 192.000000 -0.417640 -0.071973
67.000000 194.000000 -0.416048 -0.068744
371.000000 194.000000 0.078506 -0.070102
64.000000 195.000000 -0.420864 -0.067110
358.000000 197.000000 0.057120 -0.065215
361.000000 197.000000 0.062060 -0.065208
66.000000 199.000000 -0.417678 -0.060651
365.000000 201.000000 0.068655 -0.058631
69.000000 202.000000 -0.412886 -0.055813
372.000000 202.000000 0.080175 -0.056970
361.000000 203.000000 0.062074 -0.055355
364.000000 203.000000 0.067014 -0.055348
65.000000 205.000000 -0.419312 -0.050939
239.000000 206.000000 -0.138803 -0.050290
70.000000 207.000000 -0.411309 -0.047727
243.000000 208.000000 -0.132261 -0.047025
370.000000 208.000000 0.076900 -0.047121
65.000000 209.000000 -0.419330 -0.044466
69.000000 209.000000 -0.412921 -0.044485
224.000000 210.000000 -0.163337 -0.043672
233.000000 210.000000 -0.148634 -0.043708
237.000000 210.000000 -0.142091 -0.043723
226.000000 211.000000 -0.160076 -0.042041
228.000000 211.000000 -0.156809 -0.042049
240.000000 211.000000 -0.137184 -0.042093
249.000000 211.000000 -0.122438 -0.042123
66.000000 212.000000 -0.417741 -0.039616
236.000000 212.000000 -0.143734 -0.040439
244.000000 212.000000 -0.130637 -0.040466
369.000000 212.000000 0.075263 -0.040550
228.000000 213.000000 -0.156817 -0.038771
374.000000 213.000000 0.083492 -0.038896
233.000000 214.000000 -0.148648 -0.037149
236.000000 214.000000 -0.143741 -0.037159
246.000000 214.000000 -0.127366 -0.037190
70.000000 216.000000 -0.411350 -0.033158
247.000000 216.000000 -0.125732 -0.033910
381.000000 216.000000 0.095008 -0.033952
244.000000 217.000000 -0.130652 -0.032260
247.000000 218.000000 -0.125737 -0.030626
67.000000 219.000000 -0.416167 -0.028290
238.000000 219.000000 -0.140483 -0.028961
74.000000 220.000000 -0.404962 -0.026697
128.000000 220.000000 -0.318564 -0.026919
247.000000 220.000000 -0.125742 -0.027342
104.000000 221.000000 -0.356985 -0.025196
106.000000 221.000000 -0.353786 -0.025204
74.000000 222.000000 -0.404969 -0.023458
77.000000 222.000000 -0.400168 -0.023469
247.000000 222.000000 -0.125747 -0.024058
70.000000 224.000000 -0.411380 -0.020205
247.000000 224.000000 -0.125751 -0.020773
68.000000 225.000000 -0.414587 -0.018579
202.000000 225.000000 -0.199221 -0.019025
374.000000 225.000000 0.083513 -0.019169
70.000000 226.000000 -0.411387 -0.016966
107.000000 226.000000 -0.352205 -0.017091
126.000000 226.000000 -0.321792 -0.017155
204.000000 226.000000 -0.195973 -0.017393
239.000000 226.000000 -0.138863 -0.017473
248.000000 226.000000 -0.124115 -0.017490
230.000000 227.000000 -0.153588 -0.015814
372.000000 227.000000 0.080225 -0.015882
245.000000 228.000000 -0.129037 -0.014199
248.000000 228.000000 -0.124118 -0.014204
362.000000 228.000000 0.063759 -0.014247
370.000000 228.000000 0.076934 -0.014240
66.000000 229.000000 -0.417804 -0.012096
202.000000 229.000000 -0.199231 -0.012476
239.000000 229.000000 -0.138868 -0.012547
241.000000 229.000000 -0.135593 -0.012550
235.000000 230.000000 -0.145417 -0.010899
246.000000 230.000000 -0.127401 -0.010915
94.000000 231.000000 -0.373009 -0.008937
110.000000 231.000000 -0.347421 -0.008981
203.000000 231.000000 -0.197610 -0.009203
223.000000 231.000000 -0.165030 -0.009238
244.000000 231.000000 -0.130680 -0.009270
359.000000 231.000000 0.058818 -0.009312
376.000000 231.000000 0.086810 -0.009299
68.000000 232.000000 -0.414608 -0.007244
72.000000 232.000000 -0.408203 -0.007255
207.000000 232.000000 -0.191107 -0.007572
238.000000 232.000000 -0.140510 -0.007620
246.000000 232.000000 -0.127403 -0.007630
248.000000 232.000000 -0.124124 -0.007632
101.000000 233.000000 -0.361821 -0.005710
118.000000 233.000000 -0.334624 -0.005752
229.000000 233.000000 -0.155233 -0.005966
241.000000 234.000000 -0.135599 -0.004339
249.000000 234.000000 -0.122486 -0.004347
373.000000 234.000000 0.081877 -0.004367
66.000000 235.000000 -0.417820 -0.002381
235.000000 235.000000 -0.145423 -0.002690
102.000000 236.000000 -0.360229 -0.000843
111.000000 236.000000 -0.345833 -0.000862
229.000000 236.000000 -0.155236 -0.001043
249.000000 236.000000 -0.122488 -0.001060
377.000000 236.000000 0.088459 -0.001074
71.000000 237.000000 -0.409816 0.000847
80.000000 237.000000 -0.395413 0.000826
82.000000 237.000000 -0.392213 0.000822
232.000000 237.000000 -0.150332 0.000596
367.000000 237.000000 0.072001 0.000566
73.000000 238.000000 -0.406617 0.002462
118.000000 238.000000 -0.334634 0.002375
216.000000 238.000000 -0.176457 0.002250
240.000000 238.000000 -0.137241 0.002232
245.000000 238.000000 -0.129048 0.002229
85.000000 239.000000 -0.387419 0.004058
95.000000 239.000000 -0.371428 0.004039
124.000000 239.000000 -0.325027 0.003991
232.000000 239.000000 -0.150334 0.003879
110.000000 241.000000 -0.347442 0.007262
124.000000 241.000000 -0.325030 0.007244
219.000000 241.000000 -0.171567 0.007168
239.000000 242.000000 -0.138880 0.008802
241.000000 242.000000 -0.135605 0.008802
243.000000 242.000000 -0.132328 0.008801
373.000000 242.000000 0.081880 0.008795
86.000000 243.000000 -0.385827 0.010542
110.000000 243.000000 -0.347444 0.010511
211.000000 243.000000 -0.184607 0.010450
217.000000 243.000000 -0.174830 0.010449
105.000000 244.000000 -0.355444 0.012141
124.000000 244.000000 -0.325033 0.012123
206.000000 244.000000 -0.192745 0.012090
230.000000 244.000000 -0.153606 0.012088
241.000000 244.000000 -0.135605 0.012087
69.000000 245.000000 -0.413035 0.013809
102.000000 245.000000 -0.360243 0.013767
219.000000 245.000000 -0.171568 0.013729
362.000000 245.000000 0.063766 0.013732
373.000000 245.000000 0.081880 0.013731
72.000000 246.000000 -0.408232 0.015425
96.000000 246.000000 -0.369839 0.015396
125.000000 246.000000 -0.323432 0.015376
224.000000 246.000000 -0.163408 0.015370
215.000000 247.000000 -0.178090 0.017008
370.000000 248.000000 0.076941 0.018668
67.000000 249.000000 -0.416244 0.020291
91.000000 249.000000 -0.377837 0.020268
130.000000 249.000000 -0.315419 0.020255
218.000000 249.000000 -0.173198 0.020288
347.000000 249.000000 0.039033 0.020319
124.000000 250.000000 -0.325035 0.021882
78.000000 251.000000 -0.398634 0.023520
94.000000 251.000000 -0.373041 0.023511
208.000000 251.000000 -0.189488 0.023560
210.000000 251.000000 -0.186233 0.023562
70.000000 252.000000 -0.411442 0.025148
211.000000 253.000000 -0.184603 0.026841
76.000000 254.000000 -0.401837 0.028384
373.000000 254.000000 0.081876 0.028538
73.000000 256.000000 -0.406641 0.031626
211.000000 256.000000 -0.184599 0.031758
364.000000 256.000000 0.067056 0.031835
69.000000 258.000000 -0.413048 0.034868
204.000000 258.000000 -0.195986 0.035023
375.000000 259.000000 0.085162 0.036760
207.000000 260.000000 -0.191103 0.038305
172.000000 261.000000 -0.247837 0.039867
72.000000 262.000000 -0.408244 0.041348
70.000000 265.000000 -0.411447 0.046209
377.000000 265.000000 0.088444 0.046624
73.000000 268.000000 -0.406640 0.051070
341.000000 268.000000 0.029126 0.051601
382.000000 268.000000 0.096658 0.051547
349.000000 271.000000 0.042319 0.056530
380.000000 271.000000 0.093365 0.056481
349.000000 273.000000 0.042317 0.059820
354.000000 274.000000 0.050559 0.061458
369.000000 276.000000 0.075262 0.064721
378.000000 276.000000 0.090066 0.064701
365.000000 277.000000 0.068675 0.066373
140.000000 278.000000 -0.299311 0.067480
354.000000 278.000000 0.050553 0.068035
376.000000 281.000000 0.086765 0.072919
360.000000 282.000000 0.060432 0.074599
346.000000 283.000000 0.037358 0.076266
353.000000 283.000000 0.048897 0.076255
355.000000 283.000000 0.052193 0.076252
375.000000 284.000000 0.085113 0.077848
388.000000 284.000000 0.106470 0.077808
393.000000 284.000000 0.114673 0.077790
611.000000 285.000000 0.466227 0.078566
621.000000 285.000000 0.482419 0.078591
76.000000 286.000000 -0.401810 0.080241
633.000000 286.000000 0.501963 0.080258
353.000000 288.000000 0.048888 0.084470
349.000000 289.000000 0.042295 0.086119
73.000000 290.000000 -0.406610 0.086715
346.000000 290.000000 0.037348 0.087766
75.000000 291.000000 -0.403401 0.088339
70.000000 292.000000 -0.411417 0.089948
317.000000 293.000000 -0.010479 0.092711
498.000000 293.000000 0.285085 0.091909
512.000000 293.000000 0.307554 0.091819
70.000000 294.000000 -0.411413 0.093188
72.000000 294.000000 -0.408205 0.093192
309.000000 294.000000 -0.023671 0.094348
498.000000 295.000000 0.285071 0.095163
286.000000 296.000000 -0.061570 0.097592
421.000000 296.000000 0.160420 0.097316
78.000000 297.000000 -0.398576 0.098068
245.000000 297.000000 -0.128915 0.099077
286.000000 298.000000 -0.061565 0.100874
298.000000 298.000000 -0.041799 0.100899
576.000000 298.000000 0.409953 0.099617
631.000000 298.000000 0.498758 0.099675
302.000000 299.000000 -0.035205 0.102546
635.000000 300.000000 0.505317 0.102938
62.000000 301.000000 -0.424248 0.104510
176.000000 301.000000 -0.241177 0.105164
249.000000 301.000000 -0.122342 0.105648
573.000000 302.000000 0.405136 0.106101
422.000000 303.000000 0.162006 0.108756
428.000000 303.000000 0.171785 0.108715
50.000000 304.000000 -0.443567 0.109358
258.000000 304.000000 -0.107569 0.110605
306.000000 304.000000 -0.028606 0.110753
436.000000 304.000000 0.184798 0.110291
572.000000 304.000000 0.403527 0.109342
633.000000 304.000000 0.502066 0.109404
42.000000 305.000000 -0.456490 0.110983
278.000000 306.000000 -0.074705 0.113964
541.000000 306.000000 0.353907 0.112733
546.000000 306.000000 0.361907 0.112703
565.000000 306.000000 0.392310 0.112606
569.000000 306.000000 0.398715 0.112591
33.000000 307.000000 -0.471081 0.114242
426.000000 307.000000 0.168498 0.115264
455.000000 307.000000 0.215613 0.115037
560.000000 307.000000 0.384302 0.114248
472.000000 308.000000 0.243096 0.116523
484.000000 308.000000 0.262448 0.116419
491.000000 308.000000 0.273717 0.116360
497.000000 308.000000 0.283365 0.116309
507.000000 308.000000 0.299426 0.116226
428.000000 309.000000 0.171742 0.118516
431.000000 309.000000 0.176626 0.118493
442.000000 309.000000 0.194511 0.118405
449.000000 309.000000 0.205872 0.118348
458.000000 309.000000 0.220455 0.118272
518.000000 309.000000 0.317060 0.117762
524.000000 309.000000 0.326673 0.117715
537.000000 309.000000 0.347487 0.117622
551.000000 309.000000 0.369889 0.117535
564.000000 309.000000 0.390696 0.117468
421.000000 310.000000 0.160326 0.120201
464.000000 310.000000 0.230154 0.119849
488.000000 310.000000 0.268872 0.119638
491.000000 310.000000 0.273700 0.119611
530.000000 310.000000 0.336275 0.119293
559.000000 310.000000 0.382687 0.119111
566.000000 310.000000 0.393894 0.119079
570.000000 310.000000 0.400302 0.119062
450.000000 311.000000 0.207476 0.121600
291.000000 312.000000 -0.053297 0.123832
534.000000 312.000000 0.342664 0.122506
544.000000 312.000000 0.358670 0.122438
576.000000 312.000000 0.409913 0.122279
580.000000 312.000000 0.416330 0.122267
286.000000 313.000000 -0.061522 0.125454
288.000000 313.000000 -0.058231 0.125460
295.000000 313.000000 -0.046710 0.125479
493.000000 313.000000 0.276890 0.124470
502.000000 313.000000 0.291356 0.124389
508.000000 313.000000 0.300989 0.124337
511.000000 313.000000 0.305802 0.124311
421.000000 314.000000 0.160296 0.126732
428.000000 314.000000 0.171702 0.126677
435.000000 314.000000 0.183093 0.126619
442.000000 314.000000 0.194469 0.126560
446.000000 314.000000 0.200962 0.126525
448.000000 314.000000 0.204207 0.126507
456.000000 314.000000 0.217173 0.126436
460.000000 314.000000 0.223648 0.126399
467.000000 314.000000 0.234967 0.126335
474.000000 314.000000 0.246271 0.126270
478.000000 314.000000 0.252724 0.126233
529.000000 314.000000 0.334643 0.125786
541.000000 314.000000 0.353855 0.125698
573.000000 314.000000 0.405095 0.125526
550.000000 315.000000 0.368253 0.127259
559.000000 315.000000 0.382661 0.127208
569.000000 315.000000 0.398679 0.127160
579.000000 315.000000 0.414717 0.127125
286.000000 316.000000 -0.061513 0.130364
420.000000 316.000000 0.158650 0.130005
431.000000 316.000000 0.176570 0.129915
462.000000 316.000000 0.226865 0.129637
470.000000 316.000000 0.239795 0.129562
476.000000 316.000000 0.249480 0.129505
511.000000 316.000000 0.305776 0.129180
529.000000 316.000000 0.334628 0.129029
572.000000 316.000000 0.403484 0.128767
534.000000 317.000000 0.342627 0.130611
543.000000 317.000000 0.357036 0.130545
549.000000 317.000000 0.366640 0.130505
281.000000 318.000000 -0.069728 0.133618
425.000000 318.000000 0.166783 0.133228
430.000000 318.000000 0.174925 0.133185
436.000000 318.000000 0.184685 0.133133
502.000000 318.000000 0.291310 0.132508
510.000000 318.000000 0.304154 0.132435
562.000000 318.000000 0.387450 0.132049
570.000000 318.000000 0.400270 0.132012
580.000000 318.000000 0.416314 0.131977
446.000000 319.000000 0.200917 0.134672
448.000000 319.000000 0.204161 0.134654
523.000000 319.000000 0.324991 0.133942
461.000000 320.000000 0.225209 0.136157
500.000000 320.000000 0.288078 0.135774
453.000000 321.000000 0.212248 0.137863
458.000000 321.000000 0.220345 0.137814
470.000000 321.000000 0.239746 0.137695
474.000000 321.000000 0.246204 0.137655
517.000000 321.000000 0.315355 0.137238
534.000000 321.000000 0.342596 0.137093
541.000000 321.000000 0.353805 0.137039
581.000000 321.000000 0.417912 0.136829
423.000000 322.000000 0.163491 0.139768
427.000000 322.000000 0.170007 0.139733
527.000000 322.000000 0.331375 0.138771
573.000000 322.000000 0.405065 0.138474
435.000000 323.000000 0.183014 0.141291
446.000000 323.000000 0.200879 0.141187
448.000000 323.000000 0.204123 0.141167
477.000000 323.000000 0.251024 0.140876
503.000000 323.000000 0.292869 0.140614
570.000000 323.000000 0.400249 0.140104
428.000000 324.000000 0.171617 0.142984
462.000000 324.000000 0.226787 0.142655
470.000000 324.000000 0.239716 0.142573
550.000000 324.000000 0.368195 0.141834
423.000000 325.000000 0.163465 0.144658
453.000000 325.000000 0.212208 0.144373
467.000000 325.000000 0.234860 0.144229
475.000000 325.000000 0.247777 0.144146
500.000000 325.000000 0.288029 0.143889
547.000000 325.000000 0.363384 0.143474
556.000000 325.000000 0.377799 0.143414
478.000000 326.000000 0.252606 0.145740
524.000000 326.000000 0.326532 0.145280
531.000000 326.000000 0.337749 0.145218
421.000000 327.000000 0.160188 0.147935
424.000000 327.000000 0.165076 0.147908
434.000000 327.000000 0.181351 0.147815
458.000000 327.000000 0.220284 0.147575
473.000000 327.000000 0.244528 0.147417
520.000000 327.000000 0.320111 0.146937
522.000000 327.000000 0.323317 0.146919
527.000000 327.000000 0.331331 0.146873
279.000000 328.000000 -0.072974 0.149951
446.000000 328.000000 0.200830 0.149325
448.000000 328.000000 0.204074 0.149304
501.000000 328.000000 0.289606 0.148746
503.000000 328.000000 0.292819 0.148725
475.000000 329.000000 0.247735 0.150645
485.000000 329.000000 0.263856 0.150537
544.000000 329.000000 0.358550 0.149972
530.000000 330.000000 0.336112 0.151707
534.000000 330.000000 0.342522 0.151672
569.000000 330.000000 0.398614 0.151437
424.000000 331.000000 0.165040 0.154423
428.000000 331.000000 0.171552 0.154385
453.000000 331.000000 0.212146 0.154131
475.000000 331.000000 0.247713 0.153893
500.000000 331.000000 0.287968 0.153622
502.000000 331.000000 0.291182 0.153601
520.000000 331.000000 0.320073 0.153419
538.000000 331.000000 0.348922 0.153257
541.000000 331.000000 0.353728 0.153233
435.000000 332.000000 0.182928 0.155944
445.000000 332.000000 0.199166 0.155842
447.000000 332.000000 0.202410 0.155821
504.000000 332.000000 0.294384 0.155201
522.000000 332.000000 0.323270 0.155020
419.000000 333.000000 0.156874 0.157726
482.000000 333.000000 0.258978 0.157062
431.000000 334.000000 0.176404 0.159238
455.000000 334.000000 0.215353 0.158986
478.000000 334.000000 0.252519 0.158730
486.000000 334.000000 0.265412 0.158640
534.000000 334.000000 0.342487 0.158149
482.000000 335.000000 0.258956 0.160308
484.000000 335.000000 0.262179 0.160285
516.000000 335.000000 0.313617 0.159939
518.000000 335.000000 0.316826 0.159919
553.000000 335.000000 0.372928 0.159619
564.000000 335.000000 0.390567 0.159552
423.000000 336.000000 0.163363 0.162571
427.000000 336.000000 0.169876 0.162532
429.000000 336.000000 0.173130 0.162512
435.000000 336.000000 0.182887 0.162451
453.000000 336.000000 0.212092 0.162258
582.000000 336.000000 0.419482 0.161100
338.000000 337.000000 0.024090 0.164722
444.000000 337.000000 0.197491 0.163981
447.000000 337.000000 0.202357 0.163948
505.000000 337.000000 0.295937 0.163295
508.000000 337.000000 0.300756 0.163263
526.000000 337.000000 0.329636 0.163080
311.000000 338.000000 -0.020329 0.166361
329.000000 338.000000 0.009284 0.166365
422.000000 338.000000 0.161715 0.165835
487.000000 338.000000 0.266977 0.165117
500.000000 338.000000 0.287892 0.164970
534.000000 338.000000 0.342452 0.164624
580.000000 338.000000 0.416259 0.164342
322.000000 339.000000 -0.002233 0.167998
342.000000 339.000000 0.030665 0.167974
372.000000 339.000000 0.079947 0.167855
419.000000 339.000000 0.156818 0.167490
454.000000 339.000000 0.213678 0.167119
457.000000 339.000000 0.218535 0.167085
482.000000 339.000000 0.258911 0.166796
558.000000 339.000000 0.380919 0.166059
314.000000 340.000000 -0.015392 0.169624
352.000000 340.000000 0.047100 0.169575
423.000000 340.000000 0.163324 0.169077
429.000000 340.000000 0.173090 0.169016
508.000000 340.000000 0.300723 0.168123
513.000000 340.000000 0.308751 0.168069
310.000000 341.000000 -0.021970 0.171250
435.000000 341.000000 0.182834 0.170579
444.000000 341.000000 0.197447 0.170480
447.000000 341.000000 0.202313 0.170447
502.000000 341.000000 0.291073 0.169809
586.000000 341.000000 0.425915 0.169185
354.000000 342.000000 0.050380 0.172827
486.000000 342.000000 0.265320 0.171614
490.000000 342.000000 0.271761 0.171567
534.000000 342.000000 0.342416 0.171098
268.000000 343.000000 -0.090950 0.174349
454.000000 343.000000 0.213632 0.173614
547.000000 343.000000 0.363250 0.172607
274.000000 344.000000 -0.081104 0.176011
421.000000 344.000000 0.160027 0.175600
582.000000 344.000000 0.419465 0.174046
592.000000 344.000000 0.435596 0.174037
270.000000 345.000000 -0.087659 0.177616
390.000000 345.000000 0.109402 0.177503
395.000000 345.000000 0.117582 0.177464
423.000000 345.000000 0.163274 0.177204
428.000000 345.000000 0.171411 0.177152
434.000000 345.000000 0.181166 0.177087
457.000000 345.000000 0.218466 0.176824
460.000000 345.000000 0.223320 0.176788
490.000000 345.000000 0.271726 0.176429
528.000000 345.000000 0.332766 0.176010
444.000000 346.000000 0.197391 0.178599
447.000000 346.000000 0.202256 0.178564
452.000000 346.000000 0.210358 0.178506
473.000000 346.000000 0.244312 0.178254
475.000000 346.000000 0.247540 0.178229
481.000000 346.000000 0.257216 0.178157
501.000000 346.000000 0.289409 0.177919
504.000000 346.000000 0.294231 0.177885
506.000000 346.000000 0.297444 0.177862
485.000000 347.000000 0.263650 0.179729
535.000000 347.000000 0.343974 0.179180
540.000000 347.000000 0.351993 0.179135
395.000000 348.000000 0.117557 0.182342
404.000000 348.000000 0.132263 0.182264
513.000000 348.000000 0.308665 0.181021
519.000000 348.000000 0.318296 0.180956
548.000000 348.000000 0.364816 0.180688
581.000000 348.000000 0.417845 0.180522
590.000000 348.000000 0.432365 0.180513
422.000000 349.000000 0.161604 0.183712
426.000000 349.000000 0.168114 0.183669
527.000000 349.000000 0.331123 0.182492
530.000000 349.000000 0.335935 0.182462
535.000000 349.000000 0.343956 0.182415
569.000000 349.000000 0.398529 0.182178
392.000000 350.000000 0.112635 0.185617
401.000000 350.000000 0.127346 0.185541
433.000000 350.000000 0.179486 0.185216
441.000000 350.000000 0.192477 0.185124
444.000000 350.000000 0.197344 0.185089
453.000000 350.000000 0.211930 0.184982
459.000000 350.000000 0.221642 0.184909
475.000000 350.000000 0.247491 0.184712
501.000000 350.000000 0.289362 0.184396
543.000000 350.000000 0.356779 0.183963
592.000000 350.000000 0.435598 0.183751
426.000000 351.000000 0.168093 0.186916
447.000000 351.000000 0.202197 0.186676
508.000000 351.000000 0.300601 0.185933
402.000000 352.000000 0.128961 0.188780
518.000000 352.000000 0.316648 0.187439
523.000000 352.000000 0.324674 0.187386
212.000000 353.000000 -0.182305 0.190107
216.000000 353.000000 -0.175801 0.190151
404.000000 353.000000 0.132217 0.190386
408.000000 353.000000 0.138745 0.190348
421.000000 353.000000 0.159934 0.190216
507.000000 353.000000 0.298971 0.189181
532.000000 353.000000 0.339105 0.188913
596.000000 353.000000 0.442075 0.188615
425.000000 354.000000 0.166433 0.191795
427.000000 354.000000 0.169687 0.191773
432.000000 354.000000 0.177816 0.191716
486.000000 354.000000 0.265175 0.191053
519.000000 354.000000 0.318232 0.190664
549.000000 354.000000 0.366375 0.190385
556.000000 354.000000 0.377614 0.190336
560.000000 354.000000 0.384039 0.190312
599.000000 354.000000 0.446941 0.190242
228.000000 355.000000 -0.156242 0.193523
269.000000 355.000000 -0.089236 0.193869
341.000000 355.000000 0.028983 0.194019
440.000000 355.000000 0.190796 0.193245
444.000000 355.000000 0.197285 0.193197
447.000000 355.000000 0.202149 0.193161
453.000000 355.000000 0.211869 0.193087
499.000000 355.000000 0.286087 0.192512
515.000000 355.000000 0.311799 0.192325
517.000000 355.000000 0.315010 0.192303
523.000000 355.000000 0.324643 0.192239
540.000000 355.000000 0.351924 0.192075
568.000000 355.000000 0.396895 0.191889
273.000000 356.000000 -0.082675 0.195518
333.000000 356.000000 0.015840 0.195659
406.000000 356.000000 0.135453 0.195236
417.000000 356.000000 0.153388 0.195125
419.000000 356.000000 0.156645 0.195104
503.000000 356.000000 0.292507 0.194082
512.000000 356.000000 0.306969 0.193977
519.000000 356.000000 0.318211 0.193899
538.000000 356.000000 0.348705 0.193710
544.000000 356.000000 0.358335 0.193658
220.000000 357.000000 -0.169249 0.196683
314.000000 357.000000 -0.015376 0.197288
329.000000 357.000000 0.009267 0.197289
411.000000 357.000000 0.143599 0.196809
526.000000 357.000000 0.329437 0.195442
332.000000 358.000000 0.014194 0.198910
422.000000 358.000000 0.161507 0.198315
455.000000 358.000000 0.215070 0.197922
501.000000 358.000000 0.289267 0.197341
508.000000 358.000000 0.300520 0.197258
533.000000 358.000000 0.340663 0.196990
566.000000 358.000000 0.393664 0.196751
588.000000 358.000000 0.429135 0.196703
603.000000 358.000000 0.453451 0.196739
605.000000 358.000000 0.456704 0.196749
186.000000 359.000000 -0.224405 0.199525
321.000000 359.000000 -0.003876 0.200541
434.000000 359.000000 0.181007 0.199799
519.000000 359.000000 0.318178 0.198750
526.000000 359.000000 0.329417 0.198676
542.000000 359.000000 0.355099 0.198526
548.000000 359.000000 0.364732 0.198478
559.000000 359.000000 0.382403 0.198404
580.000000 359.000000 0.416214 0.198326
592.000000 359.000000 0.435608 0.198326
600.000000 359.000000 0.448580 0.198348
616.000000 359.000000 0.474662 0.198450
197.000000 360.000000 -0.206574 0.201280
327.000000 360.000000 0.005979 0.202163
418.000000 360.000000 0.154974 0.201601
443.000000 360.000000 0.195603 0.201311
446.000000 360.000000 0.200467 0.201274
484.000000 360.000000 0.261877 0.200789
507.000000 360.000000 0.298889 0.200504
555.000000 360.000000 0.375969 0.200046
577.000000 360.000000 0.411373 0.199950
603.000000 360.000000 0.453461 0.199982
182.000000 361.000000 -0.230852 0.202714
214.000000 361.000000 -0.178964 0.203101
334.000000 361.000000 0.017474 0.203778
422.000000 361.000000 0.161474 0.203178
428.000000 361.000000 0.171234 0.203110
502.000000 361.000000 0.290839 0.202181
511.000000 361.000000 0.305305 0.202074
520.000000 361.000000 0.319762 0.201973
523.000000 361.000000 0.324579 0.201941
543.000000 361.000000 0.356688 0.201751
195.000000 362.000000 -0.209792 0.204495
313.000000 362.000000 -0.017013 0.205406
418.000000 362.000000 0.154952 0.204843
603.000000 362.000000 0.453471 0.203224
624.000000 362.000000 0.487826 0.203410
316.000000 363.000000 -0.012086 0.207032
348.000000 363.000000 0.040452 0.206988
422.000000 363.000000 0.161452 0.206419
428.000000 363.000000 0.171211 0.206350
454.000000 363.000000 0.213388 0.206031
534.000000 363.000000 0.342221 0.205064
601.000000 363.000000 0.450222 0.204836
605.000000 363.000000 0.456732 0.204857
206.000000 364.000000 -0.191925 0.207867
389.000000 364.000000 0.107615 0.208365
433.000000 364.000000 0.179324 0.207911
440.000000 364.000000 0.190687 0.207826
446.000000 364.000000 0.200417 0.207751
508.000000 364.000000 0.300449 0.206960
516.000000 364.000000 0.313304 0.206867
596.000000 364.000000 0.442104 0.206437
266.000000 365.000000 -0.094082 0.210077
274.000000 365.000000 -0.080982 0.210129
323.000000 365.000000 -0.000591 0.210278
330.000000 365.000000 0.010901 0.210274
348.000000 365.000000 0.040445 0.210232
419.000000 365.000000 0.156547 0.209692
453.000000 365.000000 0.211744 0.209280
524.000000 365.000000 0.326143 0.208397
527.000000 365.000000 0.330961 0.208366
600.000000 365.000000 0.448606 0.208074
186.000000 366.000000 -0.224317 0.210857
269.000000 366.000000 -0.089164 0.211718
325.000000 366.000000 0.002692 0.211899
338.000000 366.000000 0.024032 0.211882
502.000000 366.000000 0.290778 0.210265
533.000000 366.000000 0.340587 0.209923
235.000000 367.000000 -0.144710 0.213049
249.000000 367.000000 -0.121864 0.213182
328.000000 367.000000 0.007616 0.213519
374.000000 367.000000 0.083051 0.213341
381.000000 367.000000 0.094507 0.213291
421.000000 367.000000 0.159780 0.212908
606.000000 367.000000 0.458388 0.211353
210.000000 368.000000 -0.185382 0.214390
316.000000 368.000000 -0.012082 0.215141
320.000000 368.000000 -0.005516 0.215143
347.000000 368.000000 0.038794 0.215100
387.000000 368.000000 0.104312 0.214864
432.000000 368.000000 0.177651 0.214398
560.000000 368.000000 0.383963 0.212955
600.000000 368.000000 0.448621 0.212939
263.000000 369.000000 -0.098962 0.216537
443.000000 369.000000 0.195491 0.215880
445.000000 369.000000 0.198733 0.215854
456.000000 369.000000 0.216547 0.215712
460.000000 369.000000 0.223018 0.215660
502.000000 369.000000 0.290741 0.215114
576.000000 369.000000 0.409743 0.214518
603.000000 369.000000 0.453511 0.214578
257.000000 370.000000 -0.108766 0.218110
290.000000 370.000000 -0.054733 0.218316
310.000000 370.000000 -0.021927 0.218375
314.000000 370.000000 -0.015363 0.218380
328.000000 370.000000 0.007613 0.218381
420.000000 370.000000 0.158119 0.217775
428.000000 370.000000 0.171128 0.217682
471.000000 370.000000 0.240778 0.217131
636.000000 370.000000 0.507820 0.216632
264.000000 371.000000 -0.097311 0.219784
273.000000 371.000000 -0.082582 0.219846
292.000000 371.000000 -0.051450 0.219945
324.000000 371.000000 0.001049 0.220004
338.000000 371.000000 0.024021 0.219986
451.000000 371.000000 0.208428 0.219012
541.000000 371.000000 0.353393 0.217933
543.000000 371.000000 0.356607 0.217917
559.000000 371.000000 0.382338 0.217812
563.000000 371.000000 0.388778 0.217793
320.000000 372.000000 -0.005515 0.221624
410.000000 372.000000 0.141814 0.221122
420.000000 372.000000 0.158096 0.221011
425.000000 372.000000 0.166228 0.220953
448.000000 372.000000 0.203556 0.220667
532.000000 372.000000 0.338924 0.219629
550.000000 372.000000 0.367853 0.219482
175.000000 373.000000 -0.242015 0.222037
199.000000 373.000000 -0.203171 0.222344
270.000000 373.000000 -0.087480 0.223064
432.000000 373.000000 0.177591 0.222486
455.000000 373.000000 0.214877 0.222193
457.000000 373.000000 0.218113 0.222166
610.000000 373.000000 0.464973 0.221128
617.000000 373.000000 0.476452 0.221205
204.000000 374.000000 -0.195049 0.224024
291.000000 374.000000 -0.053077 0.224799
411.000000 374.000000 0.143422 0.224346
420.000000 374.000000 0.158073 0.224246
425.000000 374.000000 0.166205 0.224188
443.000000 374.000000 0.195427 0.223965
549.000000 374.000000 0.366231 0.222722
562.000000 374.000000 0.387155 0.222650
568.000000 374.000000 0.396825 0.222628
176.000000 375.000000 -0.240373 0.225283
272.000000 375.000000 -0.084193 0.226315
327.000000 375.000000 0.005969 0.226480
459.000000 375.000000 0.221321 0.225372
503.000000 375.000000 0.292276 0.224795
216.000000 376.000000 -0.175539 0.227402
320.000000 376.000000 -0.005514 0.228100
462.000000 376.000000 0.226159 0.226947
538.000000 376.000000 0.348530 0.226039
540.000000 376.000000 0.351745 0.226022
612.000000 376.000000 0.468281 0.226023
207.000000 377.000000 -0.190144 0.228910
265.000000 377.000000 -0.095631 0.229502
268.000000 377.000000 -0.090725 0.229524
275.000000 377.000000 -0.079270 0.229570
307.000000 377.000000 -0.026835 0.229704
334.000000 377.000000 0.017448 0.229708
567.000000 377.000000 0.395203 0.227486
569.000000 377.000000 0.398430 0.227480
619.000000 377.000000 0.479796 0.227739
320.000000 378.000000 -0.005514 0.231336
410.000000 378.000000 0.141750 0.230825
452.000000 378.000000 0.209955 0.230311
465.000000 378.000000 0.230981 0.230138
502.000000 378.000000 0.290630 0.229653
534.000000 378.000000 0.342083 0.229306
554.000000 378.000000 0.374252 0.229158
451.000000 380.000000 0.208310 0.233555
471.000000 380.000000 0.240645 0.233287
211.000000 381.000000 -0.183602 0.235423
220.000000 381.000000 -0.168978 0.235530
231.000000 381.000000 -0.151081 0.235654
449.000000 381.000000 0.205058 0.235196
504.000000 381.000000 0.293812 0.234473
560.000000 381.000000 0.383903 0.233981
576.000000 381.000000 0.409733 0.233947
623.000000 381.000000 0.486461 0.234317
224.000000 382.000000 -0.162462 0.237192
302.000000 382.000000 -0.035020 0.237778
316.000000 382.000000 -0.012071 0.237803
463.000000 382.000000 0.227695 0.236624
475.000000 382.000000 0.247074 0.236462
542.000000 382.000000 0.354915 0.235703
547.000000 382.000000 0.362960 0.235668
611.000000 382.000000 0.466710 0.235768
235.000000 383.000000 -0.144545 0.238928
243.000000 383.000000 -0.131506 0.239010
282.000000 383.000000 -0.067777 0.239312
357.000000 383.000000 0.055121 0.239333
449.000000 383.000000 0.205032 0.238426
481.000000 383.000000 0.256740 0.237996
499.000000 383.000000 0.285740 0.237763
504.000000 383.000000 0.293788 0.237702
554.000000 383.000000 0.374225 0.237243
564.000000 383.000000 0.390346 0.237203
608.000000 383.000000 0.461802 0.237359
286.000000 384.000000 -0.061223 0.240949
361.000000 384.000000 0.061665 0.240928
417.000000 384.000000 0.153078 0.240440
455.000000 384.000000 0.214731 0.239960
484.000000 384.000000 0.261564 0.239570
532.000000 384.000000 0.338813 0.239017
579.000000 384.000000 0.414590 0.238809
313.000000 385.000000 -0.016986 0.242648
464.000000 385.000000 0.229270 0.241452
468.000000 385.000000 0.235733 0.241398
568.000000 385.000000 0.396799 0.240431
620.000000 385.000000 0.481572 0.240784
624.000000 385.000000 0.488189 0.240857
334.000000 386.000000 0.017432 0.244257
368.000000 386.000000 0.073107 0.244117
375.000000 386.000000 0.084554 0.244070
484.000000 386.000000 0.261538 0.242798
547.000000 386.000000 0.362934 0.242134
614.000000 386.000000 0.471695 0.242318
631.000000 386.000000 0.499841 0.242639
140.000000 387.000000 -0.298295 0.244217
336.000000 387.000000 0.020707 0.245868
382.000000 387.000000 0.095986 0.245631
553.000000 387.000000 0.372594 0.243717
250.000000 388.000000 -0.120041 0.247151
290.000000 388.000000 -0.054656 0.247428
316.000000 388.000000 -0.012066 0.247496
451.000000 388.000000 0.208204 0.246468
500.000000 388.000000 0.287288 0.245821
502.000000 388.000000 0.290508 0.245796
533.000000 388.000000 0.340387 0.245470
567.000000 388.000000 0.395179 0.245289
611.000000 388.000000 0.466789 0.245531
334.000000 389.000000 0.017427 0.249101
464.000000 389.000000 0.229216 0.247906
539.000000 389.000000 0.350035 0.247037
322.000000 390.000000 -0.002235 0.250727
411.000000 390.000000 0.143247 0.250191
416.000000 390.000000 0.151382 0.250135
472.000000 390.000000 0.242125 0.249411
478.000000 390.000000 0.251808 0.249331
304.000000 391.000000 -0.031720 0.252318
316.000000 391.000000 -0.012064 0.252338
420.000000 391.000000 0.157875 0.251701
423.000000 391.000000 0.162751 0.251665
445.000000 391.000000 0.198447 0.251387
448.000000 391.000000 0.203306 0.251347
483.000000 391.000000 0.259860 0.250878
489.000000 391.000000 0.269532 0.250800
597.000000 391.000000 0.443888 0.250253
138.000000 392.000000 -0.301462 0.252267
312.000000 392.000000 -0.018615 0.253947
429.000000 392.000000 0.172485 0.253205
456.000000 392.000000 0.216241 0.252853
495.000000 392.000000 0.279187 0.252337
500.000000 392.000000 0.287240 0.252275
318.000000 393.000000 -0.008786 0.255566
444.000000 393.000000 0.196801 0.254625
470.000000 393.000000 0.238855 0.254277
507.000000 393.000000 0.298498 0.253806
513.000000 393.000000 0.308156 0.253738
533.000000 393.000000 0.340345 0.253546
566.000000 393.000000 0.393557 0.253385
599.000000 393.000000 0.447176 0.253522
610.000000 393.000000 0.465216 0.253659
290.000000 394.000000 -0.054629 0.257109
324.000000 394.000000 0.001041 0.257179
340.000000 394.000000 0.027243 0.257155
343.000000 394.000000 0.032154 0.257147
454.000000 394.000000 0.212979 0.256104
457.000000 394.000000 0.217832 0.256064
480.000000 394.000000 0.254982 0.255756
483.000000 394.000000 0.259820 0.255716
516.000000 394.000000 0.312974 0.255320
523.000000 394.000000 0.324240 0.255250
543.000000 394.000000 0.356442 0.255090
492.000000 395.000000 0.274316 0.257213
527.000000 395.000000 0.330669 0.256828
616.000000 395.000000 0.475141 0.257020
312.000000 396.000000 -0.018610 0.260398
471.000000 396.000000 0.240430 0.259100
498.000000 396.000000 0.283970 0.258752
501.000000 396.000000 0.288802 0.258716
507.000000 396.000000 0.298464 0.258646
541.000000 396.000000 0.353207 0.258335
564.000000 396.000000 0.390320 0.258245
569.000000 396.000000 0.398409 0.258243
95.000000 397.000000 -0.370761 0.260017
99.000000 397.000000 -0.364299 0.260033
134.000000 397.000000 -0.307856 0.260297
167.000000 397.000000 -0.254628 0.260679
269.000000 397.000000 -0.088948 0.261824
413.000000 397.000000 0.146423 0.261455
481.000000 397.000000 0.256555 0.260580
484.000000 397.000000 0.261394 0.260541
511.000000 397.000000 0.304893 0.260215
566.000000 397.000000 0.393554 0.259863
578.000000 397.000000 0.412998 0.259880
263.000000 398.000000 -0.098738 0.263390
521.000000 398.000000 0.320983 0.261727
524.000000 398.000000 0.325813 0.261699
576.000000 399.000000 0.409758 0.263118
607.000000 399.000000 0.460371 0.263391
125.000000 400.000000 -0.322336 0.265056
131.000000 400.000000 -0.312663 0.265110
296.000000 400.000000 -0.044788 0.266805
605.000000 400.000000 0.457098 0.264990
610.000000 400.000000 0.465328 0.265070
612.000000 400.000000 0.468627 0.265106
165.000000 401.000000 -0.257808 0.267104
229.000000 401.000000 -0.154115 0.267897
549.000000 401.000000 0.366080 0.266376
561.000000 401.000000 0.385464 0.266345
298.000000 402.000000 -0.041509 0.270033
416.000000 402.000000 0.151244 0.269476
533.000000 402.000000 0.340276 0.268085
537.000000 402.000000 0.346722 0.268057
565.000000 402.000000 0.391935 0.267963
255.000000 403.000000 -0.111750 0.271378
295.000000 403.000000 -0.046412 0.271633
423.000000 403.000000 0.162607 0.271003
387.000000 404.000000 0.104003 0.272993
433.000000 404.000000 0.178826 0.272490
553.000000 404.000000 0.372528 0.271216
562.000000 404.000000 0.387079 0.271203
223.000000 405.000000 -0.163823 0.274271
256.000000 405.000000 -0.110102 0.274607
395.000000 405.000000 0.117034 0.274529
438.000000 405.000000 0.186921 0.274037
442.000000 405.000000 0.193404 0.273985
570.000000 405.000000 0.400041 0.272832
214.000000 406.000000 -0.178428 0.275775
216.000000 406.000000 -0.175181 0.275799
258.000000 406.000000 -0.106832 0.276234
452.000000 406.000000 0.209583 0.275464
578.000000 406.000000 0.413036 0.274485
375.000000 407.000000 0.084400 0.277918
395.000000 407.000000 0.117015 0.277747
420.000000 407.000000 0.157686 0.277478
459.000000 407.000000 0.220893 0.276982
250.000000 408.000000 -0.119856 0.279382
418.000000 408.000000 0.154425 0.279111
575.000000 408.000000 0.408169 0.277717
255.000000 409.000000 -0.111698 0.281035
392.000000 409.000000 0.112108 0.280993
421.000000 409.000000 0.159287 0.280684
473.000000 409.000000 0.243488 0.280020
572.000000 409.000000 0.403299 0.279327
118.000000 410.000000 -0.333553 0.281156
446.000000 410.000000 0.199818 0.281982
448.000000 410.000000 0.203057 0.281956
483.000000 410.000000 0.259616 0.281504
577.000000 410.000000 0.411432 0.280975
579.000000 410.000000 0.414687 0.280987
591.000000 410.000000 0.434272 0.281096
125.000000 411.000000 -0.322247 0.282821
176.000000 411.000000 -0.239913 0.283355
252.000000 411.000000 -0.116570 0.284226
422.000000 411.000000 0.160888 0.283890
441.000000 411.000000 0.191707 0.283655
456.000000 411.000000 0.215989 0.283461
458.000000 411.000000 0.219224 0.283435
494.000000 411.000000 0.277346 0.282984
498.000000 411.000000 0.283795 0.282939
501.000000 411.000000 0.288631 0.282905
113.000000 412.000000 -0.341616 0.284360
116.000000 412.000000 -0.336770 0.284376
120.000000 412.000000 -0.330311 0.284401
451.000000 412.000000 0.207887 0.285136
467.000000 412.000000 0.233759 0.284928
496.000000 412.000000 0.280559 0.284573
505.000000 412.000000 0.295068 0.284475
511.000000 412.000000 0.304739 0.284416
426.000000 413.000000 0.167357 0.287059
479.000000 413.000000 0.253124 0.286386
507.000000 413.000000 0.298282 0.286068
516.000000 413.000000 0.312790 0.285983
520.000000 413.000000 0.319238 0.285949
572.000000 413.000000 0.403316 0.285820
110.000000 414.000000 -0.346454 0.287580
124.000000 414.000000 -0.323839 0.287659
193.000000 414.000000 -0.212373 0.288395
247.000000 414.000000 -0.124687 0.289004
267.000000 414.000000 -0.092089 0.289172
457.000000 414.000000 0.217568 0.288276
472.000000 414.000000 0.241810 0.288084
488.000000 414.000000 0.267634 0.287888
504.000000 414.000000 0.293436 0.287711
518.000000 414.000000 0.316005 0.287580
527.000000 414.000000 0.330518 0.287511
533.000000 414.000000 0.340198 0.287474
595.000000 414.000000 0.440879 0.287666
137.000000 415.000000 -0.302846 0.289377
263.000000 415.000000 -0.098606 0.290750
423.000000 415.000000 0.162464 0.290311
441.000000 415.000000 0.191656 0.290090
479.000000 415.000000 0.253100 0.289607
483.000000 415.000000 0.259555 0.289559
499.000000 415.000000 0.285364 0.289376
515.000000 415.000000 0.311160 0.289220
530.000000 415.000000 0.335351 0.289107
538.000000 415.000000 0.348264 0.289065
164.000000 416.000000 -0.259245 0.291267
170.000000 416.000000 -0.249550 0.291336
432.000000 416.000000 0.177055 0.291811
448.000000 416.000000 0.202980 0.291610
493.000000 416.000000 0.275677 0.291053
510.000000 416.000000 0.303090 0.290878
541.000000 416.000000 0.353105 0.290670
549.000000 416.000000 0.366036 0.290650
173.000000 417.000000 -0.244690 0.292982
197.000000 417.000000 -0.205858 0.293272
424.000000 417.000000 0.164064 0.293515
459.000000 417.000000 0.220764 0.293078
465.000000 417.000000 0.230463 0.293002
472.000000 417.000000 0.241772 0.292914
505.000000 417.000000 0.295018 0.292539
522.000000 417.000000 0.322432 0.292392
553.000000 417.000000 0.372508 0.292266
556.000000 417.000000 0.377367 0.292266
577.000000 417.000000 0.411479 0.292351
610.000000 417.000000 0.465672 0.292853
619.000000 417.000000 0.480640 0.293091
628.000000 417.000000 0.495717 0.293382
162.000000 418.000000 -0.262453 0.294467
269.000000 418.000000 -0.088798 0.295615
271.000000 418.000000 -0.085536 0.295629
442.000000 418.000000 0.193238 0.294902
453.000000 418.000000 0.211046 0.294763
470.000000 418.000000 0.238530 0.294549
483.000000 418.000000 0.259520 0.294391
489.000000 418.000000 0.269202 0.294321
562.000000 418.000000 0.387095 0.293897
116.000000 419.000000 -0.336733 0.295693
118.000000 419.000000 -0.333501 0.295703
168.000000 419.000000 -0.252748 0.296145
481.000000 419.000000 0.256280 0.296025
502.000000 419.000000 0.290160 0.295794
516.000000 419.000000 0.312739 0.295667
550.000000 419.000000 0.367651 0.295507
598.000000 419.000000 0.445892 0.295875
601.000000 419.000000 0.450835 0.295931
194.000000 420.000000 -0.210681 0.298062
421.000000 420.000000 0.159159 0.298372
433.000000 420.000000 0.178628 0.298229
450.000000 420.000000 0.206166 0.298018
490.000000 420.000000 0.270793 0.297532
492.000000 420.000000 0.274019 0.297510
526.000000 420.000000 0.328866 0.297211
545.000000 420.000000 0.359560 0.297133
611.000000 420.000000 0.467405 0.297794
169.000000 421.000000 -0.251109 0.299378
189.000000 421.000000 -0.218763 0.299611
198.000000 421.000000 -0.204190 0.299719
281.000000 421.000000 -0.069201 0.300509
428.000000 421.000000 0.170507 0.299897
461.000000 421.000000 0.223947 0.299489
463.000000 421.000000 0.227181 0.299464
468.000000 421.000000 0.235261 0.299402
474.000000 421.000000 0.244954 0.299329
496.000000 421.000000 0.280462 0.299079
498.000000 421.000000 0.283688 0.299058
505.000000 421.000000 0.294980 0.298990
539.000000 421.000000 0.349856 0.298766
556.000000 421.000000 0.377371 0.298751
87.000000 422.000000 -0.383718 0.300529
278.000000 422.000000 -0.074091 0.302098
441.000000 422.000000 0.191569 0.301346
485.000000 422.000000 0.262702 0.300810
516.000000 422.000000 0.312716 0.300510
537.000000 422.000000 0.346621 0.300391
550.000000 422.000000 0.367650 0.300368
628.000000 422.000000 0.495901 0.301622
636.000000 422.000000 0.509441 0.301954
51.000000 423.000000 -0.442622 0.302547
226.000000 423.000000 -0.158748 0.303255
276.000000 423.000000 -0.077348 0.303691
281.000000 423.000000 -0.069190 0.303720
341.000000 423.000000 0.028798 0.303805
490.000000 423.000000 0.270760 0.302366
497.000000 423.000000 0.282055 0.302293
502.000000 423.000000 0.290121 0.302244
53.000000 424.000000 -0.439343 0.304144
272.000000 424.000000 -0.083865 0.305271
283.000000 424.000000 -0.065921 0.305336
350.000000 424.000000 0.043491 0.305379
354.000000 424.000000 0.050020 0.305362
483.000000 424.000000 0.259451 0.304054
514.000000 424.000000 0.309474 0.303753
548.000000 424.000000 0.364411 0.303609
188.000000 425.000000 -0.220335 0.306035
225.000000 425.000000 -0.160351 0.306458
285.000000 425.000000 -0.062653 0.306951
508.000000 425.000000 0.299784 0.305415
114.000000 426.000000 -0.339941 0.307009
191.000000 426.000000 -0.215467 0.307679
268.000000 426.000000 -0.090373 0.308455
277.000000 426.000000 -0.075699 0.308513
351.000000 426.000000 0.045115 0.308584
493.000000 426.000000 0.275570 0.307168
498.000000 426.000000 0.283639 0.307119
520.000000 426.000000 0.319144 0.306941
537.000000 426.000000 0.346609 0.306863
539.000000 426.000000 0.349843 0.306858
22.000000 427.000000 -0.491083 0.309955
25.000000 427.000000 -0.486026 0.309839
270.000000 427.000000 -0.087106 0.310073
348.000000 427.000000 0.040214 0.310200
357.000000 427.000000 0.054902 0.310161
368.000000 427.000000 0.072844 0.310099
375.000000 427.000000 0.084255 0.310052
510.000000 427.000000 0.302995 0.308626
532.000000 427.000000 0.338522 0.308497
276.000000 428.000000 -0.077317 0.311716
280.000000 428.000000 -0.070794 0.311739
288.000000 428.000000 -0.057743 0.311779
379.000000 428.000000 0.090765 0.311627
490.000000 428.000000 0.270707 0.310422
501.000000 428.000000 0.288462 0.310315
504.000000 428.000000 0.293303 0.310289
522.000000 428.000000 0.322361 0.310160
527.000000 428.000000 0.330438 0.310135
347.000000 429.000000 0.038575 0.313412
372.000000 429.000000 0.079351 0.313282
376.000000 429.000000 0.085870 0.313254
389.000000 429.000000 0.107042 0.313150
496.000000 429.000000 0.280382 0.311974
80.000000 430.000000 -0.395164 0.313575
355.000000 430.000000 0.051624 0.314983
368.000000 430.000000 0.072825 0.314912
380.000000 430.000000 0.092379 0.314828
387.000000 430.000000 0.103778 0.314772
397.000000 430.000000 0.120051 0.314683
504.000000 430.000000 0.293286 0.313515
520.000000 430.000000 0.319120 0.313403
271.000000 431.000000 -0.085450 0.316498
283.000000 431.000000 -0.065885 0.316568
286.000000 431.000000 -0.060992 0.316582
346.000000 431.000000 0.036936 0.316623
352.000000 431.000000 0.046726 0.316600
359.000000 431.000000 0.058144 0.316567
382.000000 431.000000 0.095629 0.316417
511.000000 431.000000 0.304580 0.315075
513.000000 431.000000 0.307809 0.315061
516.000000 431.000000 0.312654 0.315042
531.000000 431.000000 0.336892 0.314971
535.000000 431.000000 0.343362 0.314961
540.000000 431.000000 0.351454 0.314954
556.000000 431.000000 0.377398 0.314978
246.000000 432.000000 -0.126148 0.317907
267.000000 432.000000 -0.091961 0.318075
391.000000 432.000000 0.110271 0.317946
398.000000 432.000000 0.121659 0.317882
522.000000 432.000000 0.322340 0.316625
528.000000 432.000000 0.332038 0.316599
544.000000 432.000000 0.357933 0.316574
132.000000 433.000000 -0.310794 0.318405
138.000000 433.000000 -0.301092 0.318440
141.000000 433.000000 -0.296242 0.318460
237.000000 433.000000 -0.140773 0.319427
248.000000 433.000000 -0.122886 0.319529
345.000000 433.000000 0.035298 0.319833
403.000000 433.000000 0.129778 0.319439
406.000000 433.000000 0.134654 0.319409
409.000000 433.000000 0.139528 0.319379
419.000000 433.000000 0.155767 0.319273
422.000000 433.000000 0.160635 0.319240
534.000000 433.000000 0.341740 0.318201
134.000000 434.000000 -0.307554 0.320032
217.000000 434.000000 -0.173240 0.320829
351.000000 434.000000 0.045082 0.321414
358.000000 434.000000 0.056498 0.321382
368.000000 434.000000 0.072800 0.321326
372.000000 434.000000 0.079318 0.321301
374.000000 434.000000 0.082576 0.321287
416.000000 434.000000 0.150886 0.320910
430.000000 434.000000 0.173600 0.320756
433.000000 434.000000 0.178463 0.320722
438.000000 434.000000 0.186565 0.320664
540.000000 434.000000 0.351453 0.319815
129.000000 435.000000 -0.315636 0.321623
131.000000 435.000000 -0.312401 0.321632
238.000000 435.000000 -0.139129 0.322647
340.000000 435.000000 0.027134 0.323054
379.000000 435.000000 0.090713 0.322855
411.000000 435.000000 0.142757 0.322567
427.000000 435.000000 0.168724 0.322395
445.000000 435.000000 0.197891 0.322190
553.000000 435.000000 0.372541 0.321463
141.000000 436.000000 -0.296222 0.323304
143.000000 436.000000 -0.292988 0.323317
209.000000 436.000000 -0.186193 0.323955
212.000000 436.000000 -0.181329 0.323988
248.000000 436.000000 -0.122860 0.324342
362.000000 436.000000 0.063009 0.324567
366.000000 436.000000 0.069528 0.324545
385.000000 436.000000 0.100473 0.324412
390.000000 436.000000 0.108610 0.324370
424.000000 436.000000 0.163847 0.324034
442.000000 436.000000 0.193022 0.323831
451.000000 436.000000 0.207592 0.323728
110.000000 437.000000 -0.346407 0.324820
130.000000 437.000000 -0.314010 0.324861
373.000000 437.000000 0.080927 0.326103
397.000000 437.000000 0.119986 0.325912
419.000000 437.000000 0.155724 0.325693
432.000000 437.000000 0.176808 0.325551
436.000000 437.000000 0.183291 0.325506
440.000000 437.000000 0.189771 0.325460
454.000000 437.000000 0.212435 0.325301
458.000000 437.000000 0.218906 0.325256
463.000000 437.000000 0.226992 0.325200
104.000000 438.000000 -0.356147 0.326451
107.000000 438.000000 -0.351276 0.326445
139.000000 438.000000 -0.299445 0.326522
346.000000 438.000000 0.036912 0.327843
401.000000 438.000000 0.126480 0.327479
406.000000 438.000000 0.134605 0.327431
124.000000 439.000000 -0.323716 0.328075
130.000000 439.000000 -0.314002 0.328095
358.000000 439.000000 0.056473 0.329396
361.000000 439.000000 0.061363 0.329381
384.000000 439.000000 0.098822 0.329229
389.000000 439.000000 0.106958 0.329189
444.000000 439.000000 0.196227 0.328628
448.000000 439.000000 0.202703 0.328583
452.000000 439.000000 0.209177 0.328538
467.000000 439.000000 0.233438 0.328374
477.000000 439.000000 0.249600 0.328270
210.000000 440.000000 -0.184530 0.330392
239.000000 440.000000 -0.137457 0.330679
351.000000 440.000000 0.045058 0.331029
363.000000 440.000000 0.064617 0.330972
396.000000 440.000000 0.118333 0.330732
421.000000 440.000000 0.158937 0.330486
456.000000 440.000000 0.215638 0.330102
473.000000 440.000000 0.243126 0.329921
482.000000 440.000000 0.257670 0.329832
106.000000 441.000000 -0.352906 0.331316
115.000000 441.000000 -0.338298 0.331304
119.000000 441.000000 -0.331813 0.331305
135.000000 441.000000 -0.305901 0.331349
334.000000 441.000000 0.017333 0.332680
354.000000 441.000000 0.049944 0.332619
369.000000 441.000000 0.074386 0.332540
399.000000 441.000000 0.123201 0.332308
408.000000 441.000000 0.137824 0.332223
426.000000 441.000000 0.167037 0.332038
430.000000 441.000000 0.173522 0.331995
466.000000 441.000000 0.231800 0.331602
486.000000 441.000000 0.264123 0.331407
490.000000 441.000000 0.270586 0.331372
495.000000 441.000000 0.278664 0.331331
104.000000 442.000000 -0.356159 0.332946
129.000000 442.000000 -0.315610 0.332944
219.000000 442.000000 -0.169913 0.333695
316.000000 442.000000 -0.012026 0.334292
362.000000 442.000000 0.062977 0.334182
380.000000 442.000000 0.092289 0.334068
412.000000 442.000000 0.144310 0.333788
502.000000 442.000000 0.289967 0.332894
168.000000 443.000000 -0.252505 0.334801
212.000000 443.000000 -0.181256 0.335231
318.000000 443.000000 -0.008764 0.335895
367.000000 443.000000 0.071116 0.335756
374.000000 443.000000 0.082515 0.335712
386.000000 443.000000 0.102045 0.335625
438.000000 443.000000 0.186465 0.335119
443.000000 443.000000 0.194563 0.335065
446.000000 443.000000 0.199421 0.335032
499.000000 443.000000 0.285112 0.334528
508.000000 443.000000 0.299658 0.334472
107.000000 444.000000 -0.351290 0.336185
343.000000 444.000000 0.032002 0.337464
392.000000 444.000000 0.111795 0.337179
422.000000 444.000000 0.160518 0.336895
425.000000 444.000000 0.165383 0.336863
451.000000 444.000000 0.207504 0.336586
474.000000 444.000000 0.244703 0.336350
488.000000 444.000000 0.267329 0.336225
516.000000 444.000000 0.312589 0.336052
100.000000 445.000000 -0.362679 0.337841
103.000000 445.000000 -0.357797 0.337825
115.000000 445.000000 -0.338301 0.337790
128.000000 445.000000 -0.317222 0.337797
163.000000 445.000000 -0.260577 0.337983
208.000000 445.000000 -0.187721 0.338403
241.000000 445.000000 -0.134162 0.338717
351.000000 445.000000 0.045038 0.339038
385.000000 445.000000 0.100403 0.338838
388.000000 445.000000 0.105282 0.338814
399.000000 445.000000 0.123165 0.338721
455.000000 445.000000 0.213966 0.338151
498.000000 445.000000 0.283482 0.337763
513.000000 445.000000 0.307733 0.337681
522.000000 445.000000 0.322295 0.337653
109.000000 446.000000 -0.348046 0.339426
216.000000 446.000000 -0.174740 0.340088
236.000000 446.000000 -0.142277 0.340276
329.000000 446.000000 0.009172 0.340695
349.000000 446.000000 0.041775 0.340647
355.000000 446.000000 0.051552 0.340623
403.000000 446.000000 0.129655 0.340289
437.000000 446.000000 0.184813 0.339948
466.000000 446.000000 0.231749 0.339647
501.000000 446.000000 0.288325 0.339358
534.000000 446.000000 0.341735 0.339269
94.000000 447.000000 -0.372470 0.341140
96.000000 447.000000 -0.369209 0.341124
102.000000 447.000000 -0.359435 0.341083
208.000000 447.000000 -0.187702 0.341616
219.000000 447.000000 -0.169864 0.341722
323.000000 447.000000 -0.000611 0.342300
364.000000 447.000000 0.066208 0.342180
398.000000 447.000000 0.121523 0.341936
416.000000 447.000000 0.150753 0.341768
450.000000 447.000000 0.205854 0.341418
456.000000 447.000000 0.215564 0.341356
526.000000 447.000000 0.328769 0.340887
531.000000 447.000000 0.336872 0.340888
540.000000 447.000000 0.351473 0.340906
56.000000 448.000000 -0.434933 0.343443
160.000000 448.000000 -0.265409 0.342798
222.000000 448.000000 -0.164987 0.343356
235.000000 448.000000 -0.143883 0.343476
237.000000 448.000000 -0.140635 0.343493
360.000000 448.000000 0.059688 0.343803
383.000000 448.000000 0.097127 0.343660
485.000000 448.000000 0.262448 0.342697
549.000000 448.000000 0.366108 0.342577
14.000000 449.000000 -0.505839 0.346953
104.000000 449.000000 -0.356191 0.344325
224.000000 449.000000 -0.161732 0.344980
243.000000 449.000000 -0.130878 0.345148
376.000000 449.000000 0.085731 0.345311
396.000000 449.000000 0.118255 0.345159
410.000000 449.000000 0.140995 0.345034
428.000000 449.000000 0.170196 0.344857
490.000000 449.000000 0.270523 0.344272
545.000000 449.000000 0.359607 0.344180
554.000000 449.000000 0.374259 0.344245
562.000000 449.000000 0.387316 0.344331
123.000000 450.000000 -0.325324 0.345893
249.000000 450.000000 -0.121119 0.346800
324.000000 450.000000 0.001019 0.347102
344.000000 450.000000 0.033614 0.347068
368.000000 450.000000 0.072704 0.346963
402.000000 450.000000 0.127995 0.346710
481.000000 450.000000 0.255966 0.345953
494.000000 450.000000 0.276983 0.345859
500.000000 450.000000 0.286685 0.345823
525.000000 450.000000 0.327148 0.345750
558.000000 450.000000 0.380794 0.345916
568.000000 450.000000 0.397147 0.346048
55.000000 451.000000 -0.436680 0.348414
241.000000 451.000000 -0.134111 0.348339
252.000000 451.000000 -0.116234 0.348426
318.000000 451.000000 -0.008761 0.348704
352.000000 451.000000 0.046644 0.348642
383.000000 451.000000 0.097105 0.348466
424.000000 451.000000 0.163691 0.348107
441.000000 451.000000 0.191241 0.347937
531.000000 451.000000 0.336877 0.347377
546.000000 451.000000 0.361246 0.347440
11.000000 452.000000 -0.511223 0.352190
162.000000 452.000000 -0.262145 0.349264
349.000000 452.000000 0.041753 0.350254
355.000000 452.000000 0.051526 0.350230
380.000000 452.000000 0.092218 0.350090
401.000000 452.000000 0.126353 0.349925
495.000000 452.000000 0.278588 0.349081
517.000000 452.000000 0.314187 0.348997
253.000000 453.000000 -0.114593 0.351639
364.000000 453.000000 0.066176 0.351789
367.000000 453.000000 0.071059 0.351772
395.000000 453.000000 0.116597 0.351578
423.000000 453.000000 0.162050 0.351326
437.000000 453.000000 0.184741 0.351189
440.000000 453.000000 0.189601 0.351160
530.000000 453.000000 0.335259 0.350622
561.000000 453.000000 0.385733 0.350851
564.000000 453.000000 0.390642 0.350894
7.000000 454.000000 -0.518324 0.355852
127.000000 454.000000 -0.318836 0.352378
149.000000 454.000000 -0.283180 0.352423
208.000000 454.000000 -0.187636 0.352861
233.000000 454.000000 -0.147079 0.353083
251.000000 454.000000 -0.117837 0.353227
321.000000 454.000000 -0.003872 0.353506
361.000000 454.000000 0.061287 0.353405
398.000000 454.000000 0.121463 0.353156
414.000000 454.000000 0.147441 0.353015
447.000000 454.000000 0.200927 0.352698
572.000000 454.000000 0.403779 0.352667
575.000000 454.000000 0.408712 0.352727
14.000000 455.000000 -0.506235 0.357029
144.000000 455.000000 -0.291275 0.354021
201.000000 455.000000 -0.198972 0.354406
229.000000 455.000000 -0.153564 0.354653
235.000000 455.000000 -0.143823 0.354704
317.000000 455.000000 -0.010389 0.355105
372.000000 455.000000 0.079184 0.354946
377.000000 455.000000 0.087318 0.354915
379.000000 455.000000 0.090571 0.354902
409.000000 455.000000 0.139317 0.354664
450.000000 455.000000 0.205775 0.354277
453.000000 455.000000 0.210631 0.354249
475.000000 455.000000 0.246224 0.354058
139.000000 456.000000 -0.299375 0.355627
332.000000 456.000000 0.014049 0.356698
341.000000 456.000000 0.028710 0.356681
369.000000 456.000000 0.074297 0.356565
427.000000 456.000000 0.168507 0.356102
460.000000 456.000000 0.221950 0.355794
540.000000 456.000000 0.351517 0.355540
545.000000 456.000000 0.359655 0.355575
206.000000 457.000000 -0.190852 0.357664
238.000000 457.000000 -0.138935 0.357936
384.000000 457.000000 0.098688 0.358071
389.000000 457.000000 0.106816 0.358034
420.000000 457.000000 0.157147 0.357773
424.000000 457.000000 0.163633 0.357736
480.000000 457.000000 0.254297 0.357246
489.000000 457.000000 0.268855 0.357189
492.000000 457.000000 0.273708 0.357172
554.000000 457.000000 0.374343 0.357297
558.000000 457.000000 0.380881 0.357349
20.000000 458.000000 -0.496085 0.361672
22.000000 458.000000 -0.492648 0.361544
228.000000 458.000000 -0.155162 0.359458
234.000000 458.000000 -0.145422 0.359508
261.000000 458.000000 -0.101551 0.359706
274.000000 458.000000 -0.080405 0.359782
346.000000 458.000000 0.036848 0.359868
351.000000 458.000000 0.044989 0.359851
356.000000 458.000000 0.053129 0.359831
440.000000 458.000000 0.189553 0.359192
522.000000 458.000000 0.322289 0.358723
542.000000 458.000000 0.354785 0.358811
564.000000 458.000000 0.390721 0.359077
28.000000 459.000000 -0.482441 0.362859
231.000000 459.000000 -0.150284 0.361088
242.000000 459.000000 -0.132423 0.361175
281.000000 459.000000 -0.069009 0.361417
285.000000 459.000000 -0.062498 0.361434
309.000000 459.000000 -0.023418 0.361500
316.000000 459.000000 -0.012016 0.361506
362.000000 459.000000 0.062890 0.361405
397.000000 459.000000 0.119798 0.361178
403.000000 459.000000 0.129542 0.361129
479.000000 459.000000 0.252665 0.360478
493.000000 459.000000 0.275316 0.360398
503.000000 459.000000 0.291502 0.360360
528.000000 459.000000 0.332029 0.360361
570.000000 459.000000 0.400591 0.360830
210.000000 460.000000 -0.184342 0.362519
293.000000 460.000000 -0.049471 0.363064
488.000000 460.000000 0.267221 0.362038
549.000000 460.000000 0.366215 0.362138
556.000000 460.000000 0.377651 0.362227
253.000000 461.000000 -0.114537 0.364460
277.000000 461.000000 -0.075509 0.364601
283.000000 461.000000 -0.065745 0.364628
410.000000 461.000000 0.140888 0.364278
416.000000 461.000000 0.150623 0.364226
447.000000 461.000000 0.200863 0.363951
452.000000 461.000000 0.208959 0.363908
269.000000 462.000000 -0.088517 0.366161
281.000000 462.000000 -0.068995 0.366221
502.000000 462.000000 0.289875 0.365218
515.000000 462.000000 0.310941 0.365206
561.000000 462.000000 0.385871 0.365580
570.000000 462.000000 0.400655 0.365757
423.000000 463.000000 0.161958 0.367375
426.000000 463.000000 0.166822 0.367349
429.000000 463.000000 0.171685 0.367323
460.000000 463.000000 0.221892 0.367062
443.000000 464.000000 0.194360 0.368809
480.000000 464.000000 0.254253 0.368539
542.000000 464.000000 0.354838 0.368595
150.000000 465.000000 -0.281527 0.370218
436.000000 465.000000 0.183012 0.370475
473.000000 465.000000 0.242918 0.370194
570.000000 465.000000 0.400723 0.370690
160.000000 466.000000 -0.265315 0.371862
439.000000 466.000000 0.187864 0.372058
488.000000 466.000000 0.267193 0.371732
526.000000 466.000000 0.328809 0.371736
540.000000 466.000000 0.351597 0.371839
58.000000 467.000000 -0.432224 0.374773
150.000000 467.000000 -0.281523 0.373457
416.000000 467.000000 0.150573 0.373854
449.000000 467.000000 0.204052 0.373586
556.000000 467.000000 0.377761 0.373691
61.000000 468.000000 -0.427257 0.376320
166.000000 468.000000 -0.255584 0.375116
422.000000 468.000000 0.160295 0.375410
456.000000 468.000000 0.215380 0.375144
548.000000 468.000000 0.364681 0.375204
157.000000 469.000000 -0.270169 0.376707
171.000000 469.000000 -0.247477 0.376752
469.000000 470.000000 0.236414 0.378284
169.000000 471.000000 -0.250711 0.379975
435.000000 471.000000 0.181343 0.380128
478.000000 471.000000 0.250981 0.379854
524.000000 471.000000 0.325585 0.379865
442.000000 473.000000 0.192670 0.383293
452.000000 474.000000 0.208862 0.384836
462.000000 474.000000 0.225057 0.384776
549.000000 474.000000 0.366411 0.385053
50.000000 475.000000 -0.445996 0.388451
459.000000 475.000000 0.220193 0.386406
555.000000 475.000000 0.376271 0.386809
576.000000 475.000000 0.410922 0.387368
210.000000 476.000000 -0.184227 0.388247
469.000000 476.000000 0.236384 0.387970
566.000000 476.000000 0.394405 0.388720
