112.000000 181.000000 -0.343924 -0.090120
215.000000 222.000000 -0.178057 -0.023976
200.000000 223.000000 -0.202465 -0.022293
192.000000 231.000000 -0.215470 -0.009181
183.000000 240.000000 -0.230066 0.005554
105.000000 255.000000 -0.355448 0.030003
313.000000 266.000000 -0.017088 0.048314
291.000000 314.000000 -0.053291 0.127106
140.000000 319.000000 -0.299033 0.134138
168.000000 321.000000 -0.253924 0.137652
300.000000 321.000000 -0.038460 0.138581
306.000000 331.000000 -0.028566 0.154932
271.000000 341.000000 -0.086042 0.171110
273.000000 341.000000 -0.082761 0.171121
205.000000 344.000000 -0.193777 0.175421
288.000000 355.000000 -0.058078 0.193970
242.000000 356.000000 -0.133395 0.195282
286.000000 359.000000 -0.061342 0.200458
304.000000 362.000000 -0.031790 0.205390
346.000000 364.000000 0.037166 0.208617
78.000000 385.000000 -0.398273 0.240551
213.000000 395.000000 -0.180184 0.258040
339.000000 404.000000 0.025580 0.273270
346.000000 406.000000 0.037023 0.276468
341.000000 411.000000 0.028832 0.284527
