156.000000 176.000000 -0.273282 -0.098658
240.000000 220.000000 -0.137212 -0.027325
256.000000 220.000000 -0.110976 -0.027362
145.000000 250.000000 -0.291345 0.021886
356.000000 264.000000 0.053867 0.045006
220.000000 287.000000 -0.169829 0.082574
348.000000 331.000000 0.040553 0.154909
350.000000 331.000000 0.043842 0.154903
316.000000 341.000000 -0.012102 0.171256
314.000000 342.000000 -0.015390 0.172884
332.000000 356.000000 0.014197 0.195661
285.000000 357.000000 -0.062992 0.197206
330.000000 360.000000 0.010907 0.202160
118.000000 385.000000 -0.333748 0.240763
123.000000 386.000000 -0.325686 0.242424
121.000000 388.000000 -0.328889 0.245637
386.000000 406.000000 0.102354 0.276221
384.000000 407.000000 0.099084 0.277847
