621.000000 15.000000 0.484379 -0.359282
201.000000 181.000000 -0.200597 -0.090942
196.000000 182.000000 -0.208720 -0.089269
196.000000 184.000000 -0.208736 -0.086007
286.000000 226.000000 -0.061628 -0.017541
300.000000 227.000000 -0.038543 -0.015905
271.000000 231.000000 -0.086336 -0.009300
260.000000 236.000000 -0.104428 -0.001068
190.000000 258.000000 -0.218717 0.034999
190.000000 261.000000 -0.218711 0.039906
405.000000 270.000000 0.134383 0.054778
410.000000 275.000000 0.142549 0.062966
384.000000 323.000000 0.099722 0.141686
256.000000 332.000000 -0.110687 0.156350
365.000000 353.000000 0.068387 0.190675
384.000000 368.000000 0.099407 0.214888
380.000000 372.000000 0.092834 0.221397
295.000000 393.000000 -0.046450 0.255517
164.000000 402.000000 -0.259410 0.268704
158.000000 404.000000 -0.269072 0.271856
160.000000 404.000000 -0.265844 0.271880
439.000000 423.000000 0.188316 0.302978
