34.000000 142.000000 -0.469031 -0.152614
220.000000 167.000000 -0.169575 -0.113936
219.000000 170.000000 -0.171231 -0.109037
328.000000 212.000000 0.007671 -0.040598
312.000000 213.000000 -0.018734 -0.038951
498.000000 225.000000 0.285201 -0.018853
501.000000 227.000000 0.290024 -0.015586
495.000000 230.000000 0.280397 -0.010716
213.000000 248.000000 -0.181349 0.018646
211.000000 250.000000 -0.184605 0.021924
289.000000 281.000000 -0.056659 0.072966
278.000000 316.000000 -0.074668 0.130335
415.000000 316.000000 0.150492 0.130044
357.000000 325.000000 0.055373 0.145082
295.000000 341.000000 -0.046632 0.171216
394.000000 348.000000 0.115922 0.182350
396.000000 348.000000 0.119192 0.182334
319.000000 361.000000 -0.007160 0.203787
337.000000 362.000000 0.022399 0.205396
413.000000 363.000000 0.146797 0.206517
363.000000 366.000000 0.065038 0.211787
412.000000 368.000000 0.145115 0.214626
422.000000 371.000000 0.161361 0.219370
443.000000 375.000000 0.195414 0.225582
185.000000 399.000000 -0.225510 0.264134
179.000000 401.000000 -0.235188 0.267281
180.000000 404.000000 -0.233533 0.272128
185.000000 410.000000 -0.225370 0.281856
477.000000 422.000000 0.249787 0.300903
473.000000 423.000000 0.243315 0.302560
479.000000 430.000000 0.252925 0.313759
