-0.251543 -0.181115 0.491050 151.000000 142.000000 138.000000
-0.244307 -0.181720 0.493580 160.000000 147.000000 140.000000
-0.237304 -0.182544 0.496570 152.000000 150.000000 135.000000
-0.230074 -0.183243 0.499100 161.000000 149.000000 139.000000
-0.222627 -0.183812 0.501170 147.000000 141.000000 136.000000
-0.214877 -0.184164 0.502550 162.000000 145.000000 137.000000
-0.208457 -0.185726 0.507150 151.000000 142.000000 129.000000
-0.193981 -0.187665 0.512900 157.000000 141.000000 126.000000
-0.186525 -0.188543 0.515430 151.000000 141.000000 131.000000
-0.179488 -0.189944 0.519340 157.000000 143.000000 131.000000
-0.171964 -0.190941 0.522100 152.000000 140.000000 126.000000
-0.156485 -0.192725 0.526930 150.000000 141.000000 126.000000
-0.148997 -0.194097 0.530610 145.000000 137.000000 128.000000
-0.141578 -0.195730 0.534980 148.000000 138.000000 126.000000
-0.133620 -0.196782 0.537740 152.000000 140.000000 128.000000
-0.109486 -0.200470 0.547400 151.000000 143.000000 125.000000
-0.067108 -0.206633 0.563500 147.000000 137.000000 124.000000
-0.058328 -0.207942 0.566950 143.000000 136.000000 118.000000
-0.040420 -0.210545 0.573850 149.000000 140.000000 125.000000
-0.031255 -0.211584 0.576610 144.000000 136.000000 127.000000
-0.022041 -0.213038 0.580520 144.000000 136.000000 125.000000
-0.012689 -0.214316 0.583970 144.000000 134.000000 128.000000
0.016075 -0.218526 0.595470 140.000000 133.000000 120.000000
0.056166 -0.224142 0.611110 144.000000 134.000000 124.000000
0.066620 -0.225949 0.616170 141.000000 133.000000 127.000000
0.098386 -0.230073 0.627900 140.000000 134.000000 118.000000
0.131898 -0.235345 0.642850 143.000000 134.000000 121.000000
0.153856 -0.237065 0.647910 143.000000 134.000000 121.000000
0.165480 -0.238688 0.652510 143.000000 133.000000 123.000000
0.177688 -0.240906 0.658720 145.000000 137.000000 119.000000
0.189376 -0.242207 0.662400 140.000000 133.000000 122.000000
0.200843 -0.243098 0.664930 139.000000 132.000000 121.000000
0.213354 -0.245097 0.670450 142.000000 137.000000 125.000000
0.226443 -0.247532 0.677120 144.000000 137.000000 123.000000
0.252242 -0.251374 0.687470 143.000000 134.000000 121.000000
0.265661 -0.253545 0.693220 145.000000 137.000000 128.000000
0.279586 -0.256001 0.699660 139.000000 125.000000 114.000000
0.293679 -0.258410 0.705870 142.000000 132.000000 122.000000
0.306646 -0.259684 0.708860 143.000000 135.000000 124.000000
0.319272 -0.260585 0.710700 140.000000 133.000000 124.000000
0.334730 -0.263651 0.718290 143.000000 135.000000 126.000000
0.351107 -0.267207 0.727030 141.000000 136.000000 122.000000
-0.250743 -0.172570 0.490130 162.000000 152.000000 144.000000
-0.244370 -0.173745 0.494270 152.000000 145.000000 133.000000
-0.237072 -0.174318 0.496570 159.000000 149.000000 141.000000
-0.229459 -0.174689 0.498180 153.000000 147.000000 138.000000
-0.222063 -0.175257 0.500250 153.000000 145.000000 139.000000
-0.214754 -0.175938 0.502550 156.000000 144.000000 135.000000
-0.208172 -0.177290 0.506690 158.000000 144.000000 133.000000
-0.200950 -0.178185 0.509450 153.000000 140.000000 135.000000
-0.193498 -0.178940 0.511750 154.000000 142.000000 130.000000
-0.185997 -0.179716 0.514050 155.000000 143.000000 133.000000
-0.178920 -0.180992 0.517730 156.000000 140.000000 138.000000
-0.171589 -0.182121 0.520950 148.000000 141.000000 130.000000
-0.148646 -0.185100 0.529230 152.000000 140.000000 126.000000
-0.141196 -0.186594 0.533370 151.000000 141.000000 133.000000
-0.133213 -0.187531 0.535900 149.000000 138.000000 124.000000
-0.125361 -0.188795 0.539350 147.000000 138.000000 122.000000
-0.109315 -0.191332 0.546250 149.000000 140.000000 127.000000
-0.100948 -0.192280 0.548780 148.000000 138.000000 128.000000
-0.092611 -0.193469 0.552000 144.000000 135.000000 122.000000
-0.067019 -0.197265 0.562350 140.000000 135.000000 121.000000
-0.058111 -0.198039 0.564420 147.000000 135.000000 123.000000
-0.049250 -0.199291 0.567870 141.000000 134.000000 123.000000
-0.022031 -0.203574 0.579830 143.000000 135.000000 124.000000
-0.012682 -0.204798 0.583280 144.000000 135.000000 120.000000
-0.003218 -0.205934 0.586500 145.000000 137.000000 130.000000
0.016097 -0.209149 0.595700 143.000000 135.000000 124.000000
0.025986 -0.210824 0.600530 143.000000 136.000000 122.000000
0.045999 -0.213100 0.607200 141.000000 135.000000 121.000000
0.056213 -0.214427 0.611110 143.000000 134.000000 121.000000
0.066573 -0.215828 0.615250 143.000000 136.000000 122.000000
0.077118 -0.217384 0.619850 143.000000 133.000000 125.000000
0.120325 -0.222827 0.636180 140.000000 133.000000 120.000000
0.131734 -0.224684 0.641700 143.000000 135.000000 126.000000
0.142654 -0.225493 0.644230 132.000000 137.000000 122.000000
0.153815 -0.226545 0.647450 139.000000 133.000000 117.000000
0.189094 -0.231176 0.661250 137.000000 130.000000 116.000000
0.201087 -0.232654 0.665620 135.000000 133.000000 117.000000
0.213668 -0.234627 0.671370 135.000000 133.000000 117.000000
0.226678 -0.236855 0.677810 141.000000 135.000000 119.000000
0.251948 -0.240001 0.686780 147.000000 130.000000 120.000000
0.264447 -0.241248 0.690230 140.000000 135.000000 123.000000
0.293158 -0.246567 0.704950 145.000000 131.000000 120.000000
0.306366 -0.247995 0.708630 136.000000 134.000000 117.000000
0.320179 -0.249790 0.713230 149.000000 134.000000 123.000000
0.335194 -0.252362 0.719900 144.000000 135.000000 122.000000
0.350644 -0.255075 0.726800 139.000000 133.000000 128.000000
-0.250341 -0.164338 0.489900 150.000000 146.000000 141.000000
-0.243678 -0.165253 0.493350 155.000000 144.000000 139.000000
-0.229194 -0.166431 0.497950 151.000000 148.000000 138.000000
-0.221937 -0.167071 0.500250 157.000000 145.000000 140.000000
-0.214755 -0.167817 0.502780 155.000000 145.000000 137.000000
-0.208006 -0.168972 0.506460 156.000000 145.000000 140.000000
-0.200448 -0.169536 0.508300 155.000000 145.000000 137.000000
-0.193034 -0.170273 0.510600 149.000000 144.000000 132.000000
-0.186069 -0.171489 0.514280 150.000000 142.000000 131.000000
-0.178527 -0.172260 0.516580 151.000000 143.000000 134.000000
-0.171228 -0.173352 0.519800 153.000000 141.000000 129.000000
-0.148693 -0.176617 0.529230 145.000000 136.000000 125.000000
-0.141188 -0.177977 0.533140 149.000000 140.000000 127.000000
-0.133214 -0.178882 0.535670 149.000000 139.000000 129.000000
-0.125423 -0.180175 0.539350 149.000000 138.000000 126.000000
-0.100758 -0.183067 0.547400 145.000000 138.000000 126.000000
-0.092287 -0.183902 0.549700 145.000000 136.000000 123.000000
-0.084083 -0.185504 0.554300 149.000000 138.000000 126.000000
-0.066933 -0.187930 0.561200 141.000000 136.000000 126.000000
-0.058157 -0.189058 0.564420 142.000000 137.000000 125.000000
-0.049290 -0.190258 0.567870 138.000000 136.000000 123.000000
-0.031329 -0.193409 0.577070 140.000000 135.000000 125.000000
-0.022093 -0.194741 0.580980 140.000000 134.000000 127.000000
-0.012712 -0.195835 0.584200 142.000000 132.000000 122.000000
0.025952 -0.200814 0.599150 140.000000 135.000000 123.000000
0.066605 -0.205962 0.615020 139.000000 131.000000 123.000000
0.077009 -0.207056 0.618470 144.000000 136.000000 125.000000
0.098202 -0.209379 0.625830 130.000000 123.000000 107.000000
0.120361 -0.212605 0.635950 140.000000 133.000000 122.000000
0.131578 -0.214060 0.640550 141.000000 131.000000 121.000000
0.142632 -0.215052 0.643770 141.000000 134.000000 123.000000
0.165384 -0.217499 0.651590 142.000000 132.000000 122.000000
0.177440 -0.219342 0.657340 140.000000 130.000000 117.000000
0.189484 -0.220959 0.662400 139.000000 137.000000 122.000000
0.201137 -0.221971 0.665620 143.000000 135.000000 124.000000
0.213413 -0.223529 0.670450 144.000000 136.000000 125.000000
0.225778 -0.225024 0.675050 139.000000 131.000000 125.000000
0.238306 -0.226534 0.679650 140.000000 127.000000 120.000000
0.251256 -0.228292 0.684940 136.000000 128.000000 117.000000
0.264846 -0.230457 0.691380 144.000000 136.000000 125.000000
0.278220 -0.232263 0.696670 141.000000 131.000000 123.000000
0.305229 -0.235665 0.706330 141.000000 128.000000 123.000000
0.319269 -0.237578 0.711620 136.000000 133.000000 121.000000
0.334099 -0.239921 0.718060 134.000000 134.000000 121.000000
0.348905 -0.242087 0.723810 136.000000 132.000000 117.000000
-0.249510 -0.155862 0.488750 159.000000 144.000000 140.000000
-0.242795 -0.156683 0.491970 154.000000 146.000000 142.000000
-0.228534 -0.157919 0.496800 158.000000 148.000000 142.000000
-0.221326 -0.158547 0.499100 149.000000 145.000000 137.000000
-0.214091 -0.159201 0.501400 163.000000 151.000000 144.000000
-0.207388 -0.160317 0.505080 146.000000 144.000000 131.000000
-0.185907 -0.163049 0.513820 153.000000 144.000000 133.000000
-0.178465 -0.163870 0.516350 154.000000 142.000000 132.000000
-0.171182 -0.164922 0.519570 156.000000 145.000000 131.000000
-0.164092 -0.166277 0.523710 154.000000 139.000000 133.000000
-0.156532 -0.167276 0.526700 151.000000 143.000000 134.000000
-0.141067 -0.169223 0.532450 151.000000 137.000000 124.000000
-0.133108 -0.170095 0.534980 147.000000 134.000000 127.000000
-0.125759 -0.171921 0.540500 145.000000 137.000000 128.000000
-0.117479 -0.172652 0.542570 148.000000 136.000000 126.000000
-0.092508 -0.175429 0.550620 147.000000 134.000000 127.000000
-0.058181 -0.179996 0.564190 136.000000 131.000000 121.000000
-0.040437 -0.182797 0.572700 140.000000 133.000000 122.000000
-0.022041 -0.184908 0.579140 143.000000 135.000000 126.000000
-0.012676 -0.185877 0.582130 139.000000 131.000000 123.000000
-0.003219 -0.187204 0.586270 143.000000 134.000000 121.000000
0.015981 -0.188437 0.590180 137.000000 132.000000 125.000000
0.025828 -0.190178 0.595700 140.000000 133.000000 124.000000
0.035865 -0.191983 0.601450 142.000000 132.000000 124.000000
0.045926 -0.193117 0.605130 137.000000 133.000000 128.000000
0.066414 -0.195435 0.612720 139.000000 132.000000 121.000000
0.076960 -0.196912 0.617550 137.000000 133.000000 121.000000
0.087493 -0.198014 0.621230 138.000000 130.000000 121.000000
0.109166 -0.200715 0.630200 139.000000 134.000000 122.000000
0.120445 -0.202460 0.635950 140.000000 131.000000 115.000000
0.131618 -0.203763 0.640320 139.000000 134.000000 122.000000
0.153705 -0.205485 0.646300 141.000000 134.000000 123.000000
0.164999 -0.206493 0.649750 139.000000 132.000000 119.000000
0.201201 -0.211295 0.665620 138.000000 130.000000 121.000000
0.226202 -0.214535 0.676200 137.000000 129.000000 120.000000
0.238248 -0.215517 0.679420 134.000000 129.000000 119.000000
0.251935 -0.217829 0.686780 140.000000 135.000000 114.000000
0.267206 -0.221255 0.697590 139.000000 133.000000 128.000000
0.279185 -0.221786 0.699200 138.000000 130.000000 123.000000
0.291543 -0.222563 0.701500 139.000000 133.000000 124.000000
0.305019 -0.224102 0.706100 137.000000 132.000000 125.000000
0.318604 -0.225603 0.710470 134.000000 129.000000 119.000000
0.331977 -0.226853 0.713920 127.000000 129.000000 117.000000
0.346329 -0.228663 0.718980 138.000000 131.000000 119.000000
-0.249301 -0.147807 0.488750 164.000000 155.000000 153.000000
-0.242738 -0.148676 0.492200 162.000000 149.000000 144.000000
-0.221247 -0.150429 0.499100 156.000000 150.000000 143.000000
-0.213546 -0.150718 0.500250 156.000000 143.000000 139.000000
-0.207166 -0.152000 0.504620 159.000000 145.000000 143.000000
-0.178177 -0.155286 0.515430 150.000000 145.000000 133.000000
-0.170995 -0.156366 0.518880 142.000000 139.000000 128.000000
-0.140770 -0.160283 0.531070 148.000000 141.000000 132.000000
-0.133008 -0.161328 0.534290 144.000000 140.000000 124.000000
-0.125512 -0.162862 0.539120 146.000000 141.000000 127.000000
-0.117404 -0.163773 0.541880 150.000000 140.000000 132.000000
-0.109201 -0.164684 0.544640 144.000000 139.000000 130.000000
-0.092423 -0.166363 0.549700 143.000000 135.000000 128.000000
-0.075844 -0.169283 0.558900 141.000000 138.000000 127.000000
-0.031271 -0.174398 0.575000 137.000000 133.000000 121.000000
-0.022034 -0.175468 0.578450 140.000000 133.000000 122.000000
-0.003209 -0.177234 0.584200 140.000000 135.000000 125.000000
0.006339 -0.177928 0.586500 137.000000 132.000000 123.000000
0.015967 -0.178683 0.589030 138.000000 135.000000 127.000000
0.025814 -0.180405 0.594780 137.000000 134.000000 126.000000
0.035832 -0.182048 0.600300 134.000000 130.000000 122.000000
0.046023 -0.183681 0.605820 138.000000 131.000000 119.000000
0.066500 -0.185735 0.612950 140.000000 129.000000 121.000000
0.077057 -0.187133 0.617780 136.000000 131.000000 119.000000
0.098179 -0.189071 0.624680 134.000000 128.000000 121.000000
0.120273 -0.191890 0.634570 140.000000 133.000000 120.000000
0.131567 -0.193328 0.639630 141.000000 131.000000 119.000000
0.153523 -0.194806 0.645150 136.000000 132.000000 117.000000
0.164739 -0.195683 0.648370 135.000000 131.000000 116.000000
0.200858 -0.200207 0.664240 137.000000 129.000000 120.000000
0.213018 -0.201518 0.668840 138.000000 130.000000 121.000000
0.237883 -0.204241 0.678270 140.000000 131.000000 115.000000
0.251028 -0.206004 0.684250 139.000000 134.000000 120.000000
0.266062 -0.209100 0.694600 137.000000 129.000000 120.000000
0.291015 -0.210857 0.700350 140.000000 133.000000 120.000000
0.305434 -0.212988 0.707250 140.000000 130.000000 119.000000
0.319414 -0.214668 0.712540 142.000000 128.000000 112.000000
0.332780 -0.215830 0.715990 134.000000 132.000000 114.000000
0.346234 -0.216966 0.719210 138.000000 136.000000 123.000000
-0.248538 -0.139454 0.487600 165.000000 157.000000 150.000000
-0.241916 -0.140228 0.490820 161.000000 149.000000 139.000000
-0.235478 -0.141164 0.494500 155.000000 150.000000 147.000000
-0.213901 -0.142878 0.501170 157.000000 148.000000 142.000000
-0.206865 -0.143645 0.503930 153.000000 147.000000 140.000000
-0.177739 -0.146605 0.514050 152.000000 143.000000 130.000000
-0.170893 -0.147900 0.518420 149.000000 145.000000 137.000000
-0.163695 -0.149007 0.522100 150.000000 144.000000 139.000000
-0.125107 -0.153644 0.537050 147.000000 140.000000 129.000000
-0.117183 -0.154711 0.540500 151.000000 141.000000 133.000000
-0.092456 -0.157513 0.549470 144.000000 141.000000 131.000000
-0.084106 -0.158639 0.553150 146.000000 139.000000 128.000000
-0.049319 -0.162766 0.566720 139.000000 137.000000 124.000000
-0.031237 -0.164888 0.573850 140.000000 135.000000 125.000000
0.016053 -0.170007 0.591560 136.000000 131.000000 119.000000
0.045998 -0.173745 0.604900 137.000000 132.000000 123.000000
0.077299 -0.177664 0.619160 135.000000 132.000000 121.000000
0.098080 -0.178763 0.623530 136.000000 131.000000 121.000000
0.108939 -0.179929 0.627900 137.000000 129.000000 120.000000
0.120146 -0.181420 0.633420 138.000000 126.000000 116.000000
0.131662 -0.183103 0.639630 138.000000 131.000000 117.000000
0.153620 -0.184485 0.645150 140.000000 130.000000 117.000000
0.164834 -0.185307 0.648370 139.000000 134.000000 122.000000
0.176829 -0.186852 0.654120 137.000000 133.000000 121.000000
0.189069 -0.188465 0.660100 142.000000 131.000000 117.000000
0.200732 -0.189360 0.663550 142.000000 131.000000 117.000000
0.225011 -0.191696 0.672290 138.000000 131.000000 119.000000
0.237532 -0.193010 0.677120 137.000000 128.000000 124.000000
0.250305 -0.194401 0.682180 140.000000 133.000000 120.000000
0.276496 -0.197301 0.692530 143.000000 125.000000 122.000000
0.290605 -0.199273 0.699430 138.000000 126.000000 116.000000
0.304881 -0.201205 0.706100 139.000000 132.000000 121.000000
0.332867 -0.204311 0.716450 141.000000 129.000000 119.000000
0.347945 -0.206347 0.723120 134.000000 127.000000 118.000000
-0.248388 -0.131473 0.487600 153.000000 149.000000 146.000000
-0.241798 -0.132219 0.490820 159.000000 156.000000 150.000000
-0.234731 -0.132745 0.493120 159.000000 148.000000 145.000000
-0.206955 -0.135569 0.504160 155.000000 149.000000 144.000000
-0.200233 -0.136567 0.507840 154.000000 148.000000 141.000000
-0.192977 -0.137271 0.510370 153.000000 147.000000 142.000000
-0.177786 -0.138342 0.514050 156.000000 146.000000 138.000000
-0.170949 -0.139574 0.518420 156.000000 144.000000 135.000000
-0.163831 -0.140690 0.522330 144.000000 145.000000 140.000000
-0.125188 -0.145044 0.537050 147.000000 142.000000 130.000000
-0.108988 -0.146761 0.542800 142.000000 139.000000 128.000000
-0.084036 -0.149540 0.552230 147.000000 137.000000 126.000000
-0.075379 -0.150230 0.554530 142.000000 138.000000 130.000000
-0.066885 -0.151476 0.558900 140.000000 134.000000 127.000000
-0.003212 -0.158565 0.584200 140.000000 135.000000 125.000000
0.006370 -0.159560 0.587880 140.000000 133.000000 122.000000
0.025948 -0.161897 0.596620 139.000000 133.000000 126.000000
0.056007 -0.164332 0.606050 138.000000 135.000000 125.000000
0.077341 -0.167698 0.618930 138.000000 130.000000 121.000000
0.087689 -0.168184 0.621000 139.000000 133.000000 126.000000
0.120240 -0.171284 0.633420 137.000000 130.000000 116.000000
0.153885 -0.174341 0.645840 135.000000 131.000000 123.000000
0.164759 -0.174736 0.647680 136.000000 131.000000 119.000000
0.177052 -0.176496 0.654580 134.000000 127.000000 116.000000
0.189493 -0.178194 0.661250 137.000000 129.000000 120.000000
0.200961 -0.178842 0.664010 135.000000 130.000000 120.000000
0.212955 -0.179868 0.668150 141.000000 131.000000 119.000000
0.225161 -0.180962 0.672520 136.000000 129.000000 113.000000
0.237674 -0.182189 0.677350 136.000000 127.000000 114.000000
0.250353 -0.183427 0.682180 138.000000 129.000000 114.000000
0.262587 -0.184247 0.685400 136.000000 132.000000 117.000000
0.289544 -0.187299 0.696900 138.000000 129.000000 116.000000
0.302462 -0.188301 0.700580 140.000000 130.000000 117.000000
0.313797 -0.188278 0.700350 143.000000 128.000000 119.000000
0.327319 -0.189522 0.704720 140.000000 130.000000 119.000000
0.344598 -0.192782 0.716450 143.000000 128.000000 119.000000
-0.248849 -0.123804 0.488750 162.000000 158.000000 150.000000
-0.241927 -0.124344 0.491280 154.000000 153.000000 146.000000
-0.234769 -0.124793 0.493350 160.000000 153.000000 151.000000
-0.206867 -0.127376 0.503930 155.000000 150.000000 147.000000
-0.199891 -0.128150 0.506920 159.000000 149.000000 143.000000
-0.192749 -0.128879 0.509680 157.000000 152.000000 144.000000
-0.185700 -0.129736 0.512900 146.000000 145.000000 136.000000
-0.163538 -0.132011 0.521180 157.000000 147.000000 141.000000
-0.155771 -0.132608 0.523250 155.000000 145.000000 137.000000
-0.148323 -0.133560 0.526700 152.000000 144.000000 137.000000
-0.125056 -0.136199 0.536130 149.000000 145.000000 137.000000
-0.117097 -0.137101 0.539350 151.000000 142.000000 129.000000
-0.083896 -0.140338 0.550850 145.000000 136.000000 125.000000
-0.067054 -0.142754 0.559820 134.000000 126.000000 120.000000
-0.022006 -0.147124 0.576150 140.000000 134.000000 127.000000
-0.003212 -0.149143 0.583970 141.000000 136.000000 126.000000
0.006380 -0.150198 0.588110 141.000000 135.000000 128.000000
0.016100 -0.151183 0.592020 134.000000 133.000000 125.000000
0.036009 -0.153537 0.601450 138.000000 135.000000 127.000000
0.056040 -0.154562 0.605820 137.000000 133.000000 121.000000
0.066287 -0.155384 0.609270 138.000000 131.000000 117.000000
0.087604 -0.157940 0.619850 136.000000 133.000000 123.000000
0.098212 -0.158738 0.623300 139.000000 137.000000 126.000000
0.108519 -0.158944 0.624450 139.000000 131.000000 123.000000
0.119942 -0.160607 0.631350 141.000000 134.000000 123.000000
0.131385 -0.162030 0.637330 136.000000 131.000000 121.000000
0.142343 -0.162690 0.640320 134.000000 129.000000 119.000000
0.177340 -0.166174 0.655270 140.000000 133.000000 122.000000
0.189197 -0.167238 0.659870 141.000000 131.000000 121.000000
0.212017 -0.168326 0.664930 139.000000 134.000000 120.000000
0.224856 -0.169869 0.671370 132.000000 126.000000 119.000000
0.237825 -0.171361 0.677580 136.000000 128.000000 119.000000
0.250412 -0.172455 0.682180 136.000000 128.000000 117.000000
0.262983 -0.173446 0.686320 134.000000 129.000000 119.000000
0.275709 -0.174451 0.690460 142.000000 127.000000 116.000000
0.289168 -0.175823 0.695980 129.000000 121.000000 112.000000
0.301850 -0.176634 0.699200 128.000000 125.000000 114.000000
0.314784 -0.177527 0.702650 130.000000 127.000000 119.000000
0.328313 -0.178680 0.707020 137.000000 129.000000 120.000000
0.342829 -0.180271 0.713000 141.000000 131.000000 121.000000
-0.241283 -0.116087 0.490130 167.000000 156.000000 155.000000
-0.234714 -0.116791 0.493350 159.000000 155.000000 152.000000
-0.227986 -0.117461 0.496340 158.000000 152.000000 148.000000
-0.199556 -0.119765 0.506000 157.000000 147.000000 141.000000
-0.192615 -0.120564 0.509220 159.000000 150.000000 146.000000
-0.185333 -0.121211 0.511750 154.000000 148.000000 143.000000
-0.163177 -0.123310 0.519800 150.000000 151.000000 144.000000
-0.155505 -0.123931 0.522100 157.000000 149.000000 140.000000
-0.148078 -0.124828 0.525550 151.000000 146.000000 137.000000
-0.116779 -0.128004 0.537510 145.000000 142.000000 132.000000
-0.108687 -0.128798 0.540500 146.000000 144.000000 140.000000
-0.083825 -0.131274 0.549930 144.000000 139.000000 132.000000
-0.058225 -0.134369 0.562120 143.000000 135.000000 126.000000
-0.049193 -0.134802 0.563730 141.000000 138.000000 123.000000
-0.031248 -0.136966 0.572470 143.000000 133.000000 125.000000
-0.022035 -0.137926 0.576380 141.000000 135.000000 128.000000
0.006363 -0.140201 0.585810 138.000000 135.000000 125.000000
0.098115 -0.148458 0.622150 135.000000 130.000000 120.000000
0.108208 -0.148372 0.622150 137.000000 130.000000 116.000000
0.119337 -0.149596 0.627670 136.000000 133.000000 123.000000
0.153433 -0.152967 0.643080 138.000000 130.000000 121.000000
0.164907 -0.153902 0.647450 140.000000 129.000000 121.000000
0.176946 -0.155218 0.653430 138.000000 128.000000 120.000000
0.188903 -0.156316 0.658490 133.000000 128.000000 118.000000
0.200945 -0.157361 0.663320 133.000000 126.000000 117.000000
0.212770 -0.158137 0.667000 135.000000 130.000000 118.000000
0.224865 -0.159027 0.671140 134.000000 129.000000 119.000000
0.250309 -0.161374 0.681720 140.000000 128.000000 118.000000
0.262684 -0.162181 0.685400 137.000000 127.000000 117.000000
0.276113 -0.163547 0.691380 137.000000 127.000000 117.000000
0.289570 -0.164818 0.696900 140.000000 126.000000 117.000000
0.302344 -0.165619 0.700350 135.000000 123.000000 114.000000
0.316406 -0.167040 0.706330 135.000000 130.000000 122.000000
0.344402 -0.169524 0.716450 131.000000 129.000000 116.000000
-0.240994 -0.108032 0.489670 158.000000 154.000000 151.000000
-0.234235 -0.108596 0.492430 160.000000 157.000000 149.000000
-0.227119 -0.109027 0.494500 156.000000 156.000000 147.000000
-0.220078 -0.109525 0.496800 162.000000 159.000000 148.000000
-0.205961 -0.110616 0.501630 153.000000 149.000000 148.000000
-0.199500 -0.111561 0.505770 159.000000 150.000000 148.000000
-0.192400 -0.112213 0.508530 158.000000 152.000000 148.000000
-0.155787 -0.115689 0.522790 152.000000 149.000000 139.000000
-0.148158 -0.116379 0.525550 157.000000 147.000000 141.000000
-0.108767 -0.120106 0.540500 147.000000 141.000000 134.000000
-0.100605 -0.120900 0.543720 144.000000 138.000000 134.000000
-0.022010 -0.128391 0.575230 140.000000 134.000000 127.000000
0.016040 -0.131375 0.588570 139.000000 133.000000 128.000000
0.025877 -0.132380 0.593170 133.000000 132.000000 125.000000
0.045933 -0.134210 0.601680 140.000000 129.000000 123.000000
0.056083 -0.134931 0.605130 137.000000 129.000000 120.000000
0.066334 -0.135644 0.608580 133.000000 128.000000 114.000000
0.077062 -0.137015 0.615020 134.000000 129.000000 117.000000
0.087692 -0.137916 0.619390 138.000000 130.000000 123.000000
0.098052 -0.138247 0.621230 135.000000 130.000000 120.000000
0.142648 -0.142222 0.640780 138.000000 130.000000 123.000000
0.153536 -0.142631 0.643080 133.000000 126.000000 117.000000
0.188411 -0.145275 0.656420 137.000000 129.000000 118.000000
0.160334 -0.116994 0.529000 135.000000 130.000000 118.000000
0.212498 -0.147161 0.665850 136.000000 134.000000 119.000000
0.224646 -0.148033 0.670220 133.000000 128.000000 118.000000
0.236772 -0.148810 0.674130 137.000000 127.000000 117.000000
0.249789 -0.150051 0.680110 137.000000 130.000000 116.000000
0.262391 -0.150946 0.684480 133.000000 127.000000 111.000000
0.274873 -0.151701 0.688160 135.000000 126.000000 113.000000
0.288931 -0.153230 0.695290 135.000000 125.000000 117.000000
0.302355 -0.154320 0.700350 136.000000 124.000000 117.000000
0.315262 -0.155074 0.703800 131.000000 123.000000 114.000000
0.328331 -0.155850 0.707250 130.000000 122.000000 113.000000
-0.240606 -0.099954 0.488980 155.000000 155.000000 155.000000
-0.233659 -0.100391 0.491280 162.000000 155.000000 155.000000
-0.227001 -0.100986 0.494270 161.000000 152.000000 151.000000
-0.192013 -0.103787 0.507380 157.000000 153.000000 150.000000
-0.185111 -0.104547 0.510830 161.000000 152.000000 151.000000
-0.163324 -0.106585 0.519800 151.000000 147.000000 142.000000
-0.132979 -0.109453 0.532220 149.000000 148.000000 142.000000
-0.124982 -0.110055 0.534750 150.000000 146.000000 141.000000
-0.116592 -0.110373 0.535900 148.000000 144.000000 138.000000
-0.100723 -0.112187 0.543950 146.000000 145.000000 138.000000
-0.092475 -0.112972 0.547400 144.000000 138.000000 134.000000
-0.066896 -0.115159 0.557060 145.000000 143.000000 139.000000
-0.058135 -0.115877 0.560280 142.000000 138.000000 132.000000
-0.049259 -0.116589 0.563500 142.000000 136.000000 131.000000
-0.040269 -0.117294 0.566720 137.000000 131.000000 127.000000
-0.022021 -0.119062 0.575000 141.000000 135.000000 130.000000
-0.012671 -0.119791 0.578450 138.000000 136.000000 132.000000
-0.003213 -0.120797 0.583280 137.000000 136.000000 127.000000
0.016050 -0.121831 0.588340 139.000000 131.000000 123.000000
0.025903 -0.122810 0.593170 139.000000 131.000000 125.000000
0.035839 -0.123543 0.596850 139.000000 133.000000 128.000000
0.056027 -0.124934 0.603980 135.000000 131.000000 125.000000
0.066293 -0.125641 0.607660 135.000000 130.000000 122.000000
0.076984 -0.126862 0.613870 136.000000 131.000000 119.000000
0.097915 -0.127951 0.619850 135.000000 130.000000 122.000000
0.108342 -0.128296 0.621920 139.000000 131.000000 125.000000
0.119697 -0.129584 0.628590 137.000000 129.000000 120.000000
0.131678 -0.131292 0.637330 136.000000 133.000000 123.000000
0.142697 -0.131858 0.640550 134.000000 131.000000 120.000000
0.154187 -0.132752 0.645380 134.000000 130.000000 124.000000
0.165114 -0.133076 0.647450 141.000000 134.000000 125.000000
0.176405 -0.133635 0.650670 132.000000 129.000000 121.000000
0.188183 -0.134477 0.655270 138.000000 130.000000 121.000000
0.199889 -0.135179 0.659180 134.000000 129.000000 119.000000
0.224814 -0.137297 0.670450 139.000000 132.000000 121.000000
0.237260 -0.138197 0.675280 141.000000 131.000000 121.000000
0.249611 -0.138963 0.679420 137.000000 129.000000 118.000000
0.262456 -0.139925 0.684480 134.000000 127.000000 118.000000
0.275661 -0.140992 0.690000 134.000000 126.000000 122.000000
0.302277 -0.142977 0.700120 132.000000 124.000000 116.000000
0.315263 -0.143712 0.703800 133.000000 126.000000 115.000000
0.328737 -0.144608 0.708170 134.000000 130.000000 124.000000
0.342743 -0.145668 0.713230 132.000000 130.000000 117.000000
-0.239438 -0.091602 0.486680 163.000000 157.000000 152.000000
-0.233640 -0.092445 0.491280 161.000000 159.000000 157.000000
-0.226998 -0.093000 0.494270 159.000000 156.000000 150.000000
-0.219990 -0.093440 0.496570 163.000000 156.000000 156.000000
-0.212545 -0.093718 0.497950 156.000000 152.000000 148.000000
-0.205740 -0.094311 0.500940 154.000000 155.000000 148.000000
-0.191890 -0.095525 0.506920 151.000000 152.000000 147.000000
-0.185003 -0.096231 0.510370 158.000000 155.000000 147.000000
-0.148058 -0.099276 0.524630 152.000000 148.000000 147.000000
-0.140595 -0.100052 0.528310 152.000000 148.000000 147.000000
-0.133059 -0.100872 0.532220 156.000000 151.000000 150.000000
-0.108504 -0.102284 0.538430 148.000000 142.000000 135.000000
-0.100754 -0.103363 0.543720 144.000000 142.000000 138.000000
-0.075506 -0.105356 0.553150 148.000000 142.000000 137.000000
-0.058040 -0.106558 0.558900 143.000000 139.000000 136.000000
-0.049180 -0.107216 0.562120 147.000000 142.000000 132.000000
-0.021986 -0.109499 0.573620 141.000000 135.000000 130.000000
0.025887 -0.113043 0.592250 137.000000 134.000000 124.000000
0.045736 -0.114076 0.598000 137.000000 135.000000 131.000000
0.055991 -0.114997 0.603060 136.000000 133.000000 125.000000
0.066225 -0.115602 0.606510 139.000000 133.000000 126.000000
0.076732 -0.116463 0.611340 138.000000 131.000000 119.000000
0.087284 -0.117184 0.615480 136.000000 131.000000 121.000000
0.108626 -0.118476 0.623070 139.000000 134.000000 122.000000
0.119610 -0.119266 0.627670 134.000000 129.000000 117.000000
0.130964 -0.120268 0.633420 137.000000 129.000000 120.000000
0.142024 -0.120874 0.637100 134.000000 128.000000 121.000000
0.153572 -0.121781 0.642390 138.000000 130.000000 121.000000
0.164980 -0.122466 0.646530 134.000000 131.000000 120.000000
0.199220 -0.124084 0.656650 127.000000 124.000000 113.000000
0.211881 -0.125248 0.663320 127.000000 128.000000 119.000000
0.224827 -0.126457 0.670220 136.000000 128.000000 117.000000
0.237345 -0.127323 0.675280 133.000000 128.000000 118.000000
0.250196 -0.128282 0.680800 140.000000 128.000000 116.000000
0.262348 -0.128814 0.684020 138.000000 130.000000 121.000000
0.275351 -0.129702 0.689080 134.000000 124.000000 116.000000
0.288535 -0.130601 0.694140 136.000000 128.000000 117.000000
0.302206 -0.131643 0.699890 138.000000 126.000000 116.000000
0.315274 -0.132354 0.703800 133.000000 128.000000 114.000000
0.328301 -0.132997 0.707250 128.000000 126.000000 110.000000
0.342711 -0.134135 0.713230 134.000000 128.000000 114.000000
-0.246617 -0.083478 0.485070 166.000000 164.000000 162.000000
-0.227106 -0.085056 0.494500 169.000000 162.000000 160.000000
-0.220820 -0.085741 0.498410 162.000000 157.000000 156.000000
-0.184394 -0.087685 0.508530 152.000000 153.000000 150.000000
-0.177037 -0.088143 0.510830 160.000000 151.000000 150.000000
-0.169909 -0.088764 0.514050 153.000000 151.000000 147.000000
-0.148134 -0.090810 0.524630 152.000000 151.000000 144.000000
-0.140489 -0.091404 0.527620 154.000000 153.000000 146.000000
-0.124601 -0.092393 0.532450 149.000000 145.000000 139.000000
-0.108114 -0.093180 0.536130 177.000000 141.000000 65.000000
-0.092456 -0.095117 0.546480 144.000000 140.000000 135.000000
-0.058206 -0.097706 0.560050 142.000000 143.000000 136.000000
-0.012676 -0.100938 0.577760 137.000000 138.000000 133.000000
-0.003203 -0.101466 0.580750 135.000000 137.000000 134.000000
0.016043 -0.102538 0.586960 137.000000 138.000000 133.000000
0.045863 -0.104588 0.599150 136.000000 132.000000 127.000000
0.066229 -0.105700 0.606050 139.000000 133.000000 126.000000
0.076504 -0.106164 0.609040 139.000000 133.000000 126.000000
0.098031 -0.107874 0.619620 136.000000 130.000000 125.000000
0.108586 -0.108279 0.622380 135.000000 131.000000 123.000000
0.130910 -0.109912 0.632730 134.000000 129.000000 119.000000
0.142630 -0.110981 0.639400 135.000000 131.000000 123.000000
0.153502 -0.111288 0.641700 134.000000 130.000000 122.000000
0.164490 -0.111632 0.644230 134.000000 133.000000 125.000000
0.175730 -0.112094 0.647450 134.000000 128.000000 123.000000
0.186397 -0.112158 0.648370 139.000000 131.000000 123.000000
0.199106 -0.113376 0.655960 139.000000 133.000000 124.000000
0.212710 -0.114951 0.665620 134.000000 128.000000 121.000000
0.224917 -0.115655 0.670220 137.000000 127.000000 119.000000
0.249682 -0.117033 0.679190 137.000000 129.000000 118.000000
0.262418 -0.117791 0.684020 134.000000 127.000000 116.000000
0.274583 -0.118240 0.687010 127.000000 127.000000 116.000000
0.287818 -0.119095 0.692300 138.000000 128.000000 120.000000
0.327555 -0.121300 0.705640 132.000000 126.000000 117.000000
0.343686 -0.122965 0.715300 132.000000 126.000000 119.000000
-0.246584 -0.075624 0.485070 167.000000 163.000000 162.000000
-0.232969 -0.076348 0.489900 173.000000 161.000000 165.000000
-0.220228 -0.077480 0.497030 164.000000 159.000000 159.000000
-0.213091 -0.077829 0.499100 158.000000 156.000000 152.000000
-0.205530 -0.078042 0.500250 161.000000 161.000000 159.000000
-0.177498 -0.080080 0.511980 152.000000 156.000000 155.000000
-0.170356 -0.080647 0.515200 153.000000 156.000000 155.000000
-0.140011 -0.082550 0.525550 158.000000 154.000000 151.000000
-0.132348 -0.083128 0.528770 147.000000 148.000000 141.000000
-0.108183 -0.084497 0.536130 134.000000 99.000000 34.000000
-0.100593 -0.085506 0.542110 146.000000 127.000000 115.000000
-0.092481 -0.086223 0.546250 145.000000 132.000000 125.000000
-0.084078 -0.086791 0.549470 154.000000 152.000000 148.000000
-0.049176 -0.088836 0.561200 144.000000 143.000000 134.000000
-0.040235 -0.089452 0.564880 148.000000 149.000000 140.000000
-0.003197 -0.091812 0.579370 140.000000 138.000000 134.000000
0.025831 -0.093459 0.589950 139.000000 135.000000 132.000000
0.035877 -0.094381 0.595930 142.000000 138.000000 132.000000
0.076707 -0.096466 0.610190 134.000000 133.000000 125.000000
0.087417 -0.097242 0.615480 132.000000 131.000000 124.000000
0.097955 -0.097685 0.618700 137.000000 133.000000 130.000000
0.119381 -0.098626 0.625600 135.000000 131.000000 125.000000
0.164523 -0.101182 0.644000 135.000000 130.000000 122.000000
0.175823 -0.101633 0.647450 137.000000 132.000000 125.000000
0.211771 -0.103706 0.662400 131.000000 128.000000 118.000000
0.225159 -0.104914 0.670680 140.000000 130.000000 119.000000
0.238484 -0.105981 0.678040 136.000000 126.000000 118.000000
0.250013 -0.106189 0.679880 137.000000 127.000000 119.000000
0.262223 -0.106654 0.683330 127.000000 120.000000 109.000000
0.286817 -0.107536 0.689770 126.000000 120.000000 113.000000
0.313876 -0.109140 0.700580 133.000000 122.000000 114.000000
0.328311 -0.110159 0.707250 133.000000 123.000000 110.000000
0.343898 -0.111480 0.715760 135.000000 125.000000 117.000000
-0.246209 -0.067676 0.484380 161.000000 165.000000 166.000000
-0.219537 -0.069231 0.495420 158.000000 161.000000 157.000000
-0.212533 -0.069580 0.497720 165.000000 163.000000 161.000000
-0.177399 -0.071746 0.511520 158.000000 155.000000 156.000000
-0.170039 -0.072162 0.514050 160.000000 158.000000 158.000000
-0.162883 -0.072709 0.517500 156.000000 154.000000 155.000000
-0.132418 -0.074564 0.528770 152.000000 150.000000 148.000000
-0.124528 -0.075020 0.531530 159.000000 155.000000 152.000000
-0.091917 -0.076831 0.542570 132.000000 135.000000 134.000000
-0.066378 -0.078190 0.551080 147.000000 152.000000 150.000000
-0.057835 -0.078885 0.555680 146.000000 149.000000 148.000000
-0.049030 -0.079411 0.559130 145.000000 149.000000 150.000000
-0.040084 -0.079899 0.562350 145.000000 149.000000 148.000000
-0.012628 -0.081719 0.574770 140.000000 138.000000 137.000000
-0.003182 -0.081953 0.576380 140.000000 143.000000 140.000000
0.006358 -0.082703 0.581670 138.000000 136.000000 134.000000
0.016039 -0.083283 0.585810 137.000000 135.000000 129.000000
0.025851 -0.083855 0.589950 138.000000 137.000000 130.000000
0.035877 -0.084617 0.595470 137.000000 136.000000 127.000000
0.045829 -0.084913 0.597770 137.000000 135.000000 129.000000
0.066052 -0.085650 0.603520 138.000000 137.000000 130.000000
0.087151 -0.086916 0.613180 135.000000 131.000000 123.000000
0.097985 -0.087604 0.618470 135.000000 131.000000 123.000000
0.108853 -0.088189 0.623070 135.000000 131.000000 125.000000
0.119632 -0.088607 0.626520 135.000000 132.000000 121.000000
0.141775 -0.089624 0.634800 133.000000 127.000000 120.000000
0.153238 -0.090256 0.639860 137.000000 129.000000 122.000000
0.175911 -0.091158 0.647450 132.000000 131.000000 124.000000
0.187372 -0.091590 0.651130 133.000000 127.000000 122.000000
0.198447 -0.091796 0.653200 131.000000 128.000000 120.000000
0.211121 -0.092681 0.660100 135.000000 130.000000 118.000000
0.224084 -0.093600 0.667230 133.000000 128.000000 118.000000
0.237755 -0.094713 0.675740 134.000000 129.000000 119.000000
0.250257 -0.095281 0.680340 130.000000 127.000000 117.000000
0.262203 -0.095597 0.683100 126.000000 126.000000 114.000000
0.273050 -0.095501 0.682870 133.000000 125.000000 119.000000
0.285435 -0.095927 0.686320 131.000000 124.000000 120.000000
0.328967 -0.098934 0.708630 131.000000 126.000000 114.000000
0.342903 -0.099630 0.713690 132.000000 124.000000 116.000000
-0.246076 -0.059811 0.484150 161.000000 159.000000 157.000000
-0.212171 -0.061429 0.496800 161.000000 161.000000 159.000000
-0.204661 -0.061606 0.497950 160.000000 163.000000 160.000000
-0.183560 -0.062710 0.505770 158.000000 160.000000 161.000000
-0.176977 -0.063306 0.510140 155.000000 160.000000 160.000000
-0.170023 -0.063819 0.513820 155.000000 152.000000 156.000000
-0.124484 -0.066336 0.531070 147.000000 147.000000 147.000000
-0.091737 -0.067832 0.541190 134.000000 139.000000 139.000000
-0.083515 -0.068373 0.545100 131.000000 133.000000 137.000000
-0.040012 -0.070556 0.560970 136.000000 131.000000 135.000000
-0.012550 -0.071850 0.570860 144.000000 146.000000 148.000000
-0.003172 -0.072288 0.574310 145.000000 147.000000 147.000000
0.045720 -0.074936 0.595930 138.000000 135.000000 129.000000
0.076696 -0.076494 0.609270 137.000000 135.000000 129.000000
0.087174 -0.076905 0.612950 135.000000 135.000000 126.000000
0.097936 -0.077455 0.617780 139.000000 133.000000 126.000000
0.108717 -0.077914 0.621920 132.000000 130.000000 126.000000
0.119570 -0.078339 0.625830 135.000000 131.000000 125.000000
0.131291 -0.079219 0.633420 136.000000 133.000000 123.000000
0.176055 -0.080697 0.647680 135.000000 129.000000 124.000000
0.199298 -0.081541 0.655730 135.000000 130.000000 120.000000
0.211643 -0.082177 0.661480 135.000000 131.000000 128.000000
0.223390 -0.082529 0.664930 132.000000 130.000000 119.000000
0.236292 -0.083254 0.671370 132.000000 129.000000 123.000000
0.249482 -0.084009 0.678040 134.000000 130.000000 115.000000
0.262269 -0.084569 0.683100 128.000000 123.000000 113.000000
0.273661 -0.084650 0.684250 134.000000 130.000000 122.000000
0.285964 -0.084993 0.687470 127.000000 127.000000 116.000000
0.300676 -0.085998 0.695980 137.000000 129.000000 118.000000
0.314762 -0.086755 0.702420 132.000000 127.000000 113.000000
0.328026 -0.087239 0.706560 138.000000 128.000000 120.000000
0.341472 -0.087735 0.710700 131.000000 124.000000 110.000000
-0.245598 -0.051881 0.483230 167.000000 164.000000 165.000000
-0.238700 -0.052100 0.485300 163.000000 163.000000 163.000000
-0.232220 -0.052427 0.488290 167.000000 160.000000 158.000000
-0.212202 -0.053405 0.496800 153.000000 155.000000 159.000000
-0.205171 -0.053686 0.499100 156.000000 160.000000 164.000000
-0.169850 -0.055427 0.513130 163.000000 158.000000 157.000000
-0.162640 -0.055829 0.516350 154.000000 154.000000 152.000000
-0.155318 -0.056232 0.519570 149.000000 155.000000 158.000000
-0.124327 -0.057605 0.530150 151.000000 153.000000 152.000000
-0.091670 -0.058939 0.540500 128.000000 134.000000 137.000000
-0.040052 -0.061416 0.561200 115.000000 122.000000 124.000000
-0.012527 -0.062367 0.569480 121.000000 127.000000 130.000000
-0.003167 -0.062775 0.573160 114.000000 116.000000 115.000000
0.006330 -0.063327 0.578220 122.000000 131.000000 132.000000
0.015961 -0.063748 0.582130 139.000000 144.000000 142.000000
0.025695 -0.064113 0.585580 136.000000 141.000000 140.000000
0.045519 -0.064875 0.592940 141.000000 141.000000 139.000000
0.066111 -0.065942 0.603290 139.000000 138.000000 131.000000
0.076394 -0.066253 0.606510 137.000000 133.000000 128.000000
0.087028 -0.066760 0.611570 137.000000 139.000000 131.000000
0.119413 -0.068027 0.624680 136.000000 131.000000 123.000000
0.130929 -0.068691 0.631350 136.000000 132.000000 127.000000
0.142538 -0.069301 0.637560 137.000000 136.000000 127.000000
0.153941 -0.069733 0.642160 139.000000 133.000000 128.000000
0.164765 -0.069863 0.644000 134.000000 133.000000 125.000000
0.176130 -0.070191 0.647680 136.000000 133.000000 125.000000
0.187529 -0.070493 0.651130 136.000000 131.000000 123.000000
0.211423 -0.071370 0.660560 132.000000 129.000000 123.000000
0.223385 -0.071746 0.664700 126.000000 121.000000 111.000000
0.260742 -0.073088 0.678960 130.000000 129.000000 118.000000
0.274086 -0.073698 0.685170 130.000000 129.000000 120.000000
0.288024 -0.074413 0.692300 138.000000 125.000000 118.000000
0.315724 -0.075638 0.704490 131.000000 121.000000 113.000000
0.342036 -0.076380 0.711850 135.000000 125.000000 117.000000
-0.245009 -0.043960 0.482080 163.000000 163.000000 163.000000
-0.238252 -0.044171 0.484380 166.000000 166.000000 166.000000
-0.231794 -0.044453 0.487370 168.000000 168.000000 166.000000
-0.205111 -0.045598 0.498870 161.000000 163.000000 167.000000
-0.198118 -0.045865 0.501400 157.000000 159.000000 160.000000
-0.191138 -0.046156 0.504160 161.000000 163.000000 165.000000
-0.169215 -0.046922 0.511060 154.000000 158.000000 159.000000
-0.161895 -0.047224 0.513820 158.000000 160.000000 161.000000
-0.155165 -0.047739 0.518880 154.000000 156.000000 160.000000
-0.132883 -0.048907 0.529920 148.000000 153.000000 153.000000
-0.115598 -0.048941 0.529230 157.000000 162.000000 163.000000
-0.083215 -0.050351 0.542570 121.000000 127.000000 130.000000
0.035391 -0.054574 0.586270 111.000000 114.000000 113.000000
0.065894 -0.055865 0.600990 137.000000 140.000000 134.000000
0.076057 -0.056065 0.603520 135.000000 137.000000 134.000000
0.086483 -0.056388 0.607430 139.000000 139.000000 137.000000
0.097567 -0.057027 0.614790 138.000000 137.000000 130.000000
0.108347 -0.057385 0.619160 140.000000 140.000000 136.000000
0.119250 -0.057738 0.623530 133.000000 132.000000 123.000000
0.130178 -0.058046 0.627440 136.000000 132.000000 127.000000
0.153123 -0.058949 0.638480 133.000000 132.000000 128.000000
0.175509 -0.059440 0.645150 138.000000 130.000000 121.000000
0.187001 -0.059736 0.649060 137.000000 134.000000 126.000000
0.199301 -0.060244 0.655270 136.000000 131.000000 123.000000
0.211343 -0.060624 0.660100 140.000000 133.000000 124.000000
0.236345 -0.061512 0.671140 135.000000 130.000000 120.000000
0.249102 -0.061958 0.676660 135.000000 130.000000 122.000000
0.260799 -0.062112 0.678960 134.000000 130.000000 124.000000
0.273679 -0.062522 0.684020 136.000000 128.000000 121.000000
0.287210 -0.063041 0.690230 134.000000 129.000000 117.000000
0.300163 -0.063397 0.694600 130.000000 127.000000 117.000000
0.314005 -0.063906 0.700580 134.000000 129.000000 119.000000
0.331171 -0.065030 0.713230 127.000000 121.000000 116.000000
0.344703 -0.065386 0.717370 132.000000 126.000000 117.000000
-0.245008 -0.036164 0.482080 167.000000 163.000000 162.000000
-0.238258 -0.036341 0.484380 175.000000 167.000000 172.000000
-0.231369 -0.036507 0.486450 168.000000 165.000000 168.000000
-0.225189 -0.036799 0.490130 169.000000 168.000000 171.000000
-0.204859 -0.037479 0.498180 161.000000 163.000000 165.000000
-0.198244 -0.037771 0.501630 161.000000 163.000000 165.000000
-0.191961 -0.038152 0.506230 160.000000 162.000000 164.000000
-0.184030 -0.038224 0.506690 156.000000 161.000000 161.000000
-0.161941 -0.038886 0.513820 156.000000 158.000000 157.000000
-0.155143 -0.039294 0.518650 158.000000 160.000000 159.000000
-0.147462 -0.039512 0.520950 158.000000 155.000000 158.000000
-0.115592 -0.040295 0.529000 159.000000 161.000000 165.000000
-0.074759 -0.041723 0.545330 112.000000 118.000000 120.000000
-0.039928 -0.042859 0.558900 113.000000 118.000000 118.000000
-0.030853 -0.043050 0.561200 110.000000 119.000000 120.000000
0.006303 -0.044129 0.575000 88.000000 92.000000 95.000000
0.025551 -0.044626 0.581670 77.000000 77.000000 75.000000
0.045284 -0.045176 0.589260 101.000000 109.000000 102.000000
0.055354 -0.045471 0.593400 106.000000 111.000000 107.000000
0.086620 -0.046507 0.608120 106.000000 111.000000 109.000000
0.119211 -0.047527 0.623070 134.000000 133.000000 129.000000
0.129896 -0.047690 0.625830 129.000000 130.000000 125.000000
0.141060 -0.047992 0.630430 133.000000 134.000000 127.000000
0.152793 -0.048430 0.636870 138.000000 137.000000 128.000000
0.164183 -0.048710 0.641240 130.000000 128.000000 126.000000
0.186663 -0.049089 0.647680 136.000000 133.000000 125.000000
0.198801 -0.049469 0.653430 132.000000 131.000000 122.000000
0.211108 -0.049849 0.659180 137.000000 134.000000 124.000000
0.235268 -0.050400 0.667920 131.000000 128.000000 120.000000
0.274187 -0.051550 0.685170 132.000000 132.000000 120.000000
0.287158 -0.051870 0.690000 134.000000 126.000000 120.000000
0.299208 -0.052003 0.692300 137.000000 129.000000 122.000000
0.312491 -0.052331 0.697130 138.000000 123.000000 119.000000
0.327565 -0.052924 0.705410 128.000000 122.000000 117.000000
0.342731 -0.053488 0.713230 133.000000 125.000000 119.000000
-0.244894 -0.028354 0.481850 173.000000 170.000000 173.000000
-0.238267 -0.028510 0.484380 170.000000 172.000000 173.000000
-0.225102 -0.028863 0.489900 172.000000 170.000000 168.000000
-0.197821 -0.029584 0.500480 161.000000 163.000000 165.000000
-0.191472 -0.029873 0.504850 166.000000 166.000000 168.000000
-0.184066 -0.030014 0.506690 152.000000 161.000000 162.000000
-0.115378 -0.031592 0.527850 155.000000 161.000000 164.000000
-0.107467 -0.031818 0.531070 122.000000 131.000000 132.000000
-0.074787 -0.032791 0.545330 108.000000 117.000000 118.000000
-0.057482 -0.033168 0.550850 108.000000 114.000000 119.000000
-0.039943 -0.033687 0.558900 78.000000 79.000000 85.000000
-0.030853 -0.033824 0.560970 95.000000 98.000000 104.000000
0.006303 -0.034673 0.574770 41.000000 46.000000 44.000000
0.055376 -0.035739 0.593400 103.000000 111.000000 108.000000
0.065522 -0.035939 0.597080 107.000000 112.000000 111.000000
0.076035 -0.036260 0.602830 102.000000 110.000000 105.000000
0.097134 -0.036726 0.611570 94.000000 101.000000 101.000000
0.107788 -0.036927 0.615480 100.000000 102.000000 101.000000
0.140591 -0.037570 0.628130 118.000000 120.000000 122.000000
0.152565 -0.037981 0.635720 132.000000 130.000000 130.000000
0.163761 -0.038157 0.639400 134.000000 132.000000 131.000000
0.174992 -0.038318 0.642850 130.000000 129.000000 120.000000
0.185918 -0.038395 0.644920 158.000000 134.000000 58.000000
0.198082 -0.038705 0.650900 138.000000 125.000000 109.000000
0.234345 -0.039413 0.665160 135.000000 131.000000 125.000000
0.247426 -0.039764 0.671830 133.000000 128.000000 118.000000
0.260631 -0.040102 0.678270 138.000000 131.000000 119.000000
0.274322 -0.040482 0.685400 135.000000 130.000000 122.000000
0.287293 -0.040728 0.690230 131.000000 128.000000 122.000000
0.300039 -0.040923 0.694140 139.000000 127.000000 117.000000
0.313862 -0.041244 0.700120 137.000000 126.000000 123.000000
0.326416 -0.041379 0.702880 129.000000 121.000000 112.000000
0.339324 -0.041547 0.706100 135.000000 125.000000 117.000000
-0.244316 -0.020512 0.480700 173.000000 170.000000 175.000000
-0.237598 -0.020619 0.483000 165.000000 167.000000 168.000000
-0.231397 -0.020779 0.486450 169.000000 167.000000 168.000000
-0.190628 -0.021594 0.502550 164.000000 166.000000 167.000000
-0.176630 -0.021906 0.508530 164.000000 166.000000 167.000000
-0.154527 -0.022329 0.516350 161.000000 163.000000 165.000000
-0.115157 -0.022919 0.526700 128.000000 138.000000 148.000000
-0.107263 -0.023086 0.529920 124.000000 132.000000 138.000000
-0.082987 -0.023618 0.540500 110.000000 118.000000 122.000000
-0.030812 -0.024566 0.560050 56.000000 67.000000 61.000000
0.006296 -0.025184 0.573850 38.000000 43.000000 39.000000
0.015864 -0.025342 0.577530 51.000000 60.000000 59.000000
0.025571 -0.025518 0.581670 53.000000 61.000000 54.000000
0.055394 -0.025997 0.593400 76.000000 81.000000 90.000000
0.065719 -0.026212 0.598690 98.000000 103.000000 101.000000
0.076058 -0.026374 0.602830 99.000000 106.000000 104.000000
0.107980 -0.026894 0.616400 97.000000 107.000000 104.000000
0.118845 -0.027056 0.620770 105.000000 110.000000 108.000000
0.129736 -0.027197 0.624680 108.000000 109.000000 106.000000
0.152327 -0.027561 0.634570 111.000000 114.000000 113.000000
0.163447 -0.027676 0.638020 113.000000 113.000000 111.000000
0.198823 -0.028224 0.653200 133.000000 133.000000 121.000000
0.211127 -0.028435 0.658950 132.000000 126.000000 117.000000
0.222750 -0.028537 0.662170 137.000000 132.000000 123.000000
0.234305 -0.028618 0.664930 132.000000 129.000000 121.000000
0.247381 -0.028869 0.671600 131.000000 131.000000 117.000000
0.260316 -0.029080 0.677350 132.000000 134.000000 119.000000
0.299871 -0.029682 0.693680 130.000000 127.000000 117.000000
0.313478 -0.029890 0.699200 131.000000 130.000000 119.000000
0.326440 -0.030022 0.702880 131.000000 124.000000 110.000000
0.340670 -0.030256 0.708860 136.000000 126.000000 116.000000
-0.237497 -0.012803 0.482770 169.000000 174.000000 174.000000
-0.231301 -0.012907 0.486220 164.000000 169.000000 170.000000
-0.225135 -0.013020 0.489900 163.000000 168.000000 168.000000
-0.217655 -0.013061 0.490820 167.000000 169.000000 171.000000
-0.197052 -0.013318 0.498410 167.000000 171.000000 172.000000
-0.190215 -0.013418 0.501400 163.000000 169.000000 174.000000
-0.183117 -0.013506 0.503930 168.000000 168.000000 168.000000
-0.176255 -0.013620 0.507380 163.000000 160.000000 166.000000
-0.154277 -0.013901 0.515430 156.000000 163.000000 163.000000
-0.146908 -0.014009 0.518650 158.000000 159.000000 166.000000
-0.115230 -0.014315 0.526930 117.000000 120.000000 126.000000
-0.107285 -0.014416 0.529920 127.000000 130.000000 140.000000
-0.057224 -0.015002 0.548090 77.000000 86.000000 88.000000
0.015869 -0.015841 0.577530 55.000000 66.000000 67.000000
0.025587 -0.015957 0.581900 54.000000 65.000000 64.000000
0.035374 -0.016039 0.585120 61.000000 72.000000 71.000000
0.086568 -0.016583 0.607200 99.000000 106.000000 106.000000
0.097147 -0.016679 0.611340 100.000000 105.000000 104.000000
0.107882 -0.016780 0.615710 102.000000 107.000000 101.000000
0.118694 -0.016872 0.619850 105.000000 108.000000 105.000000
0.129476 -0.016944 0.623300 101.000000 109.000000 104.000000
0.163006 -0.017222 0.636180 111.000000 114.000000 113.000000
0.174501 -0.017320 0.640780 110.000000 115.000000 113.000000
0.186322 -0.017436 0.646070 127.000000 127.000000 125.000000
0.198506 -0.017570 0.652050 132.000000 128.000000 125.000000
0.210496 -0.017672 0.656880 132.000000 128.000000 125.000000
0.222860 -0.017792 0.662400 136.000000 130.000000 125.000000
0.234256 -0.017826 0.664700 132.000000 127.000000 115.000000
0.247498 -0.017989 0.671830 135.000000 131.000000 125.000000
0.261054 -0.018158 0.679190 139.000000 131.000000 125.000000
0.273100 -0.018211 0.682180 130.000000 129.000000 120.000000
0.285059 -0.018252 0.684710 132.000000 126.000000 119.000000
0.298208 -0.018361 0.689770 133.000000 127.000000 120.000000
0.312575 -0.018533 0.697130 131.000000 123.000000 116.000000
0.326890 -0.018687 0.703800 129.000000 125.000000 122.000000
0.340911 -0.018812 0.709320 136.000000 133.000000 125.000000
-0.243869 -0.004951 0.479780 173.000000 173.000000 175.000000
-0.237510 -0.004995 0.482770 167.000000 171.000000 174.000000
-0.231206 -0.005041 0.485990 169.000000 168.000000 171.000000
-0.224621 -0.005084 0.488750 175.000000 175.000000 175.000000
-0.190232 -0.005288 0.501400 168.000000 170.000000 174.000000
-0.183134 -0.005330 0.503930 161.000000 163.000000 165.000000
-0.115447 -0.005707 0.527850 100.000000 112.000000 120.000000
-0.107579 -0.005756 0.531300 119.000000 124.000000 133.000000
-0.065759 -0.005943 0.544180 99.000000 117.000000 120.000000
-0.021675 -0.006167 0.562350 38.000000 47.000000 44.000000
-0.012466 -0.006204 0.565570 36.000000 48.000000 44.000000
0.006286 -0.006283 0.572700 69.000000 78.000000 80.000000
0.025541 -0.006367 0.580750 77.000000 86.000000 88.000000
0.055222 -0.006469 0.591330 82.000000 85.000000 84.000000
0.065568 -0.006525 0.597080 62.000000 72.000000 67.000000
0.076320 -0.006600 0.604670 97.000000 96.000000 101.000000
0.107817 -0.006685 0.615250 98.000000 104.000000 106.000000
0.118447 -0.006707 0.618470 103.000000 110.000000 110.000000
0.129541 -0.006749 0.623530 109.000000 112.000000 109.000000
0.140520 -0.006778 0.627440 110.000000 113.000000 112.000000
0.152045 -0.006825 0.633190 111.000000 114.000000 111.000000
0.163263 -0.006852 0.637100 112.000000 118.000000 111.000000
0.174835 -0.006887 0.641930 109.000000 117.000000 112.000000
0.197898 -0.006939 0.649980 130.000000 132.000000 124.000000
0.210372 -0.006990 0.656420 130.000000 128.000000 122.000000
0.222497 -0.007022 0.661250 133.000000 126.000000 124.000000
0.247776 -0.007103 0.672520 132.000000 132.000000 120.000000
0.261167 -0.007156 0.679420 135.000000 131.000000 125.000000
0.272939 -0.007160 0.681720 128.000000 128.000000 119.000000
0.284507 -0.007157 0.683330 130.000000 129.000000 120.000000
0.296739 -0.007168 0.686320 134.000000 128.000000 121.000000
0.311153 -0.007228 0.693910 132.000000 129.000000 121.000000
0.326484 -0.007301 0.702880 138.000000 126.000000 116.000000
0.339936 -0.007326 0.707250 126.000000 125.000000 116.000000
-0.237184 0.002811 0.482080 168.000000 172.000000 177.000000
-0.230453 0.002810 0.484380 168.000000 172.000000 175.000000
-0.223789 0.002812 0.486910 167.000000 171.000000 174.000000
-0.217173 0.002817 0.489670 170.000000 172.000000 173.000000
-0.209998 0.002815 0.491280 167.000000 171.000000 174.000000
-0.183146 0.002849 0.503930 165.000000 166.000000 170.000000
-0.176524 0.002864 0.508070 167.000000 168.000000 177.000000
-0.139017 0.002900 0.520260 162.000000 166.000000 169.000000
-0.107028 0.002928 0.528540 112.000000 123.000000 126.000000
-0.098775 0.002935 0.530380 115.000000 123.000000 127.000000
-0.065847 0.003004 0.544870 115.000000 128.000000 133.000000
-0.030712 0.003070 0.557980 73.000000 87.000000 85.000000
-0.021650 0.003089 0.561660 25.000000 32.000000 32.000000
0.025502 0.003189 0.579830 86.000000 98.000000 94.000000
0.055291 0.003260 0.592020 85.000000 92.000000 92.000000
0.076180 0.003327 0.603520 42.000000 49.000000 45.000000
0.086751 0.003357 0.608350 90.000000 102.000000 96.000000
0.097242 0.003379 0.611800 84.000000 89.000000 87.000000
0.151338 0.003502 0.630200 111.000000 116.000000 114.000000
0.163038 0.003541 0.636180 110.000000 118.000000 115.000000
0.174534 0.003573 0.640780 109.000000 111.000000 111.000000
0.186290 0.003608 0.645840 126.000000 120.000000 115.000000
0.198191 0.003644 0.650900 130.000000 131.000000 126.000000
0.210017 0.003677 0.655270 129.000000 133.000000 122.000000
0.222047 0.003712 0.659870 130.000000 131.000000 126.000000
0.235186 0.003763 0.667230 136.000000 133.000000 123.000000
0.248554 0.003816 0.674590 135.000000 130.000000 122.000000
0.260298 0.003841 0.677120 132.000000 129.000000 123.000000
0.273048 0.003881 0.681950 136.000000 133.000000 123.000000
0.285290 0.003913 0.685170 138.000000 128.000000 120.000000
0.297950 0.003950 0.689080 131.000000 128.000000 120.000000
0.311480 0.003998 0.694600 131.000000 128.000000 120.000000
0.325328 0.004048 0.700350 129.000000 126.000000 118.000000
0.338186 0.004086 0.703570 127.000000 121.000000 114.000000
-0.223589 0.010681 0.486450 170.000000 171.000000 175.000000
-0.217183 0.010742 0.489670 167.000000 168.000000 175.000000
-0.210302 0.010784 0.491970 161.000000 170.000000 172.000000
-0.203457 0.010833 0.494500 165.000000 172.000000 172.000000
-0.182733 0.011004 0.502780 159.000000 162.000000 168.000000
-0.175489 0.011052 0.505080 164.000000 168.000000 174.000000
-0.161416 0.011198 0.511750 162.000000 167.000000 167.000000
-0.138773 0.011370 0.519340 160.000000 163.000000 171.000000
-0.122977 0.011466 0.523480 157.000000 168.000000 173.000000
-0.106655 0.011543 0.526700 105.000000 115.000000 121.000000
-0.090677 0.011702 0.533600 109.000000 122.000000 127.000000
-0.057069 0.011997 0.546480 104.000000 112.000000 119.000000
-0.048366 0.012070 0.549700 108.000000 116.000000 122.000000
-0.012441 0.012400 0.564420 60.000000 70.000000 66.000000
0.006286 0.012582 0.572700 87.000000 99.000000 99.000000
0.025441 0.012706 0.578450 89.000000 98.000000 99.000000
0.035270 0.012810 0.583280 86.000000 98.000000 96.000000
0.045285 0.012924 0.588570 89.000000 96.000000 96.000000
0.055398 0.013022 0.593170 84.000000 94.000000 93.000000
0.086455 0.013300 0.606280 81.000000 86.000000 82.000000
0.129073 0.013610 0.621230 103.000000 110.000000 112.000000
0.139861 0.013676 0.624450 108.000000 115.000000 113.000000
0.174097 0.013987 0.639170 109.000000 116.000000 116.000000
0.197914 0.014219 0.649980 131.000000 130.000000 123.000000
0.209652 0.014308 0.654120 135.000000 131.000000 125.000000
0.221587 0.014403 0.658490 132.000000 131.000000 122.000000
0.234219 0.014534 0.664470 135.000000 129.000000 124.000000
0.246696 0.014647 0.669530 135.000000 129.000000 124.000000
0.259422 0.014766 0.674820 137.000000 134.000000 124.000000
0.272597 0.014902 0.680800 134.000000 128.000000 121.000000
0.284918 0.014985 0.684250 130.000000 129.000000 118.000000
0.296371 0.015019 0.685400 131.000000 131.000000 117.000000
0.309020 0.015112 0.689080 132.000000 124.000000 118.000000
0.324169 0.015318 0.697820 134.000000 131.000000 120.000000
-0.243801 0.018332 0.479550 169.000000 173.000000 176.000000
-0.217292 0.018677 0.489900 171.000000 175.000000 181.000000
-0.209914 0.018716 0.491050 170.000000 174.000000 177.000000
-0.175727 0.019284 0.505770 168.000000 172.000000 177.000000
-0.168773 0.019422 0.509220 161.000000 165.000000 170.000000
-0.161484 0.019535 0.511980 161.000000 164.000000 172.000000
-0.122646 0.019970 0.522100 157.000000 168.000000 173.000000
-0.098682 0.020302 0.529920 111.000000 120.000000 131.000000
-0.057064 0.020982 0.546480 68.000000 78.000000 86.000000
-0.003145 0.021845 0.568330 70.000000 83.000000 83.000000
0.035197 0.022366 0.582130 81.000000 91.000000 87.000000
0.045280 0.022607 0.588570 81.000000 90.000000 89.000000
0.065541 0.022910 0.596850 69.000000 73.000000 74.000000
0.075882 0.023069 0.601220 49.000000 60.000000 54.000000
0.086382 0.023235 0.605820 45.000000 48.000000 45.000000
0.097051 0.023409 0.610650 64.000000 68.000000 74.000000
0.107615 0.023529 0.614100 67.000000 79.000000 72.000000
0.139852 0.023887 0.624450 105.000000 106.000000 115.000000
0.151330 0.024093 0.630200 110.000000 114.000000 115.000000
0.174089 0.024410 0.639170 109.000000 118.000000 117.000000
0.197907 0.024798 0.649980 131.000000 135.000000 127.000000
0.209720 0.024953 0.654350 133.000000 132.000000 125.000000
0.233891 0.025286 0.663550 136.000000 127.000000 123.000000
0.246526 0.025490 0.669070 134.000000 130.000000 122.000000
0.259246 0.025687 0.674360 131.000000 130.000000 121.000000
0.272507 0.025921 0.680570 130.000000 128.000000 122.000000
0.285307 0.026098 0.685170 127.000000 128.000000 121.000000
0.296578 0.026128 0.685860 132.000000 126.000000 119.000000
0.309443 0.026293 0.690000 125.000000 126.000000 119.000000
0.325039 0.026673 0.699660 139.000000 127.000000 117.000000
0.339551 0.026944 0.706330 131.000000 128.000000 122.000000
-0.210408 0.026730 0.492200 164.000000 170.000000 177.000000
-0.168458 0.027650 0.508300 166.000000 169.000000 175.000000
-0.130491 0.028359 0.519800 167.000000 174.000000 178.000000
-0.122631 0.028502 0.522100 149.000000 154.000000 164.000000
-0.039470 0.030287 0.552000 61.000000 74.000000 81.000000
0.015772 0.031513 0.574080 65.000000 77.000000 77.000000
0.025383 0.031684 0.577300 77.000000 86.000000 88.000000
0.045272 0.032287 0.588570 61.000000 72.000000 75.000000
0.055211 0.032427 0.591330 68.000000 72.000000 75.000000
0.097182 0.033474 0.611570 62.000000 72.000000 69.000000
0.107881 0.033681 0.615710 79.000000 88.000000 87.000000
0.118297 0.033774 0.617780 76.000000 80.000000 81.000000
0.140040 0.034145 0.625370 102.000000 109.000000 111.000000
0.151367 0.034399 0.630430 105.000000 111.000000 113.000000
0.162364 0.034552 0.633650 110.000000 113.000000 112.000000
0.173445 0.034705 0.636870 114.000000 116.000000 113.000000
0.185538 0.035033 0.643310 124.000000 117.000000 117.000000
0.198521 0.035488 0.652050 130.000000 128.000000 124.000000
0.210147 0.035668 0.655730 121.000000 122.000000 115.000000
0.221182 0.035736 0.657340 132.000000 131.000000 124.000000
0.234204 0.036107 0.664470 132.000000 131.000000 124.000000
0.247364 0.036467 0.671370 129.000000 126.000000 116.000000
0.259416 0.036642 0.674820 133.000000 127.000000 122.000000
0.272504 0.036946 0.680570 127.000000 126.000000 120.000000
0.284827 0.037128 0.684020 132.000000 129.000000 121.000000
0.296781 0.037252 0.686320 133.000000 122.000000 119.000000
0.325052 0.037990 0.699660 130.000000 122.000000 113.000000
0.339128 0.038319 0.705410 132.000000 126.000000 117.000000
-0.243262 0.033781 0.478400 169.000000 175.000000 179.000000
-0.236117 0.033856 0.479780 164.000000 174.000000 182.000000
-0.203550 0.034883 0.494730 166.000000 169.000000 177.000000
-0.174504 0.035469 0.502320 163.000000 167.000000 173.000000
-0.167984 0.035814 0.506920 159.000000 165.000000 172.000000
-0.160656 0.036013 0.509450 164.000000 170.000000 177.000000
-0.153443 0.036264 0.512670 161.000000 167.000000 171.000000
-0.130239 0.036777 0.518880 166.000000 173.000000 184.000000
-0.122609 0.037031 0.522100 118.000000 126.000000 135.000000
-0.090286 0.037798 0.531530 106.000000 121.000000 132.000000
-0.082103 0.038049 0.534750 105.000000 120.000000 129.000000
-0.065287 0.038497 0.540500 73.000000 86.000000 91.000000
-0.056584 0.038629 0.542110 64.000000 77.000000 79.000000
-0.048200 0.039069 0.548090 82.000000 97.000000 101.000000
-0.039460 0.039361 0.552000 72.000000 85.000000 88.000000
0.006234 0.040549 0.568330 61.000000 75.000000 77.000000
0.045154 0.041862 0.587190 63.000000 69.000000 72.000000
0.055089 0.042060 0.590180 65.000000 72.000000 72.000000
0.075590 0.042661 0.599150 63.000000 68.000000 68.000000
0.086119 0.042999 0.604210 41.000000 45.000000 37.000000
0.097013 0.043432 0.610650 67.000000 78.000000 77.000000
0.107615 0.043667 0.614330 79.000000 91.000000 89.000000
0.128973 0.044083 0.621000 63.000000 79.000000 79.000000
0.151064 0.044609 0.629280 92.000000 98.000000 101.000000
0.172792 0.044921 0.634570 112.000000 118.000000 118.000000
0.184849 0.045345 0.641010 134.000000 123.000000 120.000000
0.197376 0.045835 0.648370 132.000000 132.000000 128.000000
0.208723 0.046018 0.651360 133.000000 132.000000 128.000000
0.220309 0.046234 0.654810 132.000000 128.000000 125.000000
0.233373 0.046728 0.662170 134.000000 133.000000 129.000000
0.246923 0.047274 0.670220 129.000000 126.000000 118.000000
0.260817 0.047839 0.678500 130.000000 128.000000 122.000000
0.272033 0.047888 0.679420 126.000000 126.000000 114.000000
0.283577 0.047991 0.681030 131.000000 129.000000 125.000000
0.295985 0.048229 0.684480 128.000000 128.000000 119.000000
0.309457 0.048620 0.690000 135.000000 132.000000 121.000000
0.323355 0.049049 0.695980 131.000000 126.000000 114.000000
0.338042 0.049568 0.703110 128.000000 124.000000 116.000000
-0.242822 0.041451 0.477480 167.000000 174.000000 178.000000
-0.236476 0.041685 0.480470 171.000000 172.000000 178.000000
-0.215772 0.042171 0.486450 165.000000 171.000000 178.000000
-0.209027 0.042392 0.488980 166.000000 172.000000 179.000000
-0.202691 0.042718 0.492660 168.000000 170.000000 176.000000
-0.195976 0.042989 0.495650 164.000000 170.000000 177.000000
-0.167503 0.043929 0.505540 166.000000 169.000000 175.000000
-0.160341 0.044217 0.508530 163.000000 169.000000 174.000000
-0.153073 0.044506 0.511520 164.000000 168.000000 172.000000
-0.114428 0.045706 0.523480 73.000000 92.000000 101.000000
-0.081902 0.046710 0.533600 117.000000 130.000000 137.000000
-0.073586 0.046997 0.536590 74.000000 86.000000 96.000000
-0.048023 0.047907 0.546250 81.000000 96.000000 100.000000
-0.030484 0.048641 0.554300 35.000000 48.000000 50.000000
0.006239 0.049950 0.569020 60.000000 71.000000 70.000000
0.015730 0.050288 0.572930 62.000000 72.000000 71.000000
0.025407 0.050744 0.578220 79.000000 84.000000 85.000000
0.045103 0.051464 0.586730 62.000000 68.000000 70.000000
0.065114 0.052007 0.593400 67.000000 76.000000 75.000000
0.075305 0.052304 0.597080 59.000000 66.000000 66.000000
0.117976 0.053867 0.616400 85.000000 98.000000 100.000000
0.139515 0.054394 0.623300 77.000000 83.000000 86.000000
0.150476 0.054675 0.626980 91.000000 97.000000 99.000000
0.161653 0.054996 0.631120 102.000000 104.000000 104.000000
0.172756 0.055257 0.634570 109.000000 117.000000 114.000000
0.184747 0.055758 0.640780 131.000000 130.000000 123.000000
0.196991 0.056279 0.647220 130.000000 130.000000 130.000000
0.208248 0.056481 0.649980 126.000000 130.000000 124.000000
0.220201 0.056845 0.654580 128.000000 131.000000 125.000000
0.232616 0.057292 0.660100 132.000000 132.000000 128.000000
0.245119 0.057722 0.665390 131.000000 125.000000 118.000000
0.257791 0.058155 0.670680 133.000000 127.000000 120.000000
0.270176 0.058493 0.674820 131.000000 128.000000 120.000000
0.283471 0.058996 0.680800 136.000000 128.000000 121.000000
0.296479 0.059406 0.685630 132.000000 124.000000 116.000000
0.323367 0.060309 0.695980 132.000000 129.000000 123.000000
0.337842 0.060905 0.702650 129.000000 125.000000 120.000000
-0.242620 0.049142 0.477020 171.000000 175.000000 181.000000
-0.236160 0.049397 0.479780 178.000000 179.000000 185.000000
-0.229766 0.049684 0.482770 171.000000 172.000000 176.000000
-0.208924 0.050286 0.488750 170.000000 169.000000 174.000000
-0.202491 0.050650 0.492200 169.000000 173.000000 178.000000
-0.195869 0.050996 0.495420 164.000000 175.000000 180.000000
-0.167093 0.052021 0.504390 167.000000 170.000000 176.000000
-0.159947 0.052362 0.507380 160.000000 168.000000 175.000000
-0.152971 0.052801 0.511290 164.000000 169.000000 179.000000
-0.122221 0.053927 0.520720 97.000000 116.000000 128.000000
-0.081732 0.055348 0.532680 104.000000 113.000000 124.000000
-0.048085 0.056962 0.547170 72.000000 89.000000 97.000000
-0.039284 0.057268 0.549930 67.000000 77.000000 83.000000
-0.030472 0.057738 0.554300 45.000000 58.000000 61.000000
0.006236 0.059292 0.569020 83.000000 87.000000 90.000000
0.045085 0.061088 0.586730 72.000000 77.000000 76.000000
0.065087 0.061733 0.593400 63.000000 75.000000 73.000000
0.075276 0.062086 0.597080 55.000000 66.000000 67.000000
0.085863 0.062649 0.602830 46.000000 56.000000 52.000000
0.096365 0.063043 0.606970 34.000000 43.000000 45.000000
0.106781 0.063313 0.609960 72.000000 78.000000 81.000000
0.117496 0.063700 0.614100 81.000000 89.000000 86.000000
0.128372 0.064109 0.618470 83.000000 92.000000 94.000000
0.139421 0.064540 0.623070 67.000000 76.000000 75.000000
0.150156 0.064778 0.625830 89.000000 93.000000 96.000000
0.161315 0.065159 0.629970 89.000000 96.000000 96.000000
0.172524 0.065515 0.633880 103.000000 106.000000 114.000000
0.196319 0.066584 0.645150 132.000000 130.000000 126.000000
0.208429 0.067108 0.650670 132.000000 130.000000 126.000000
0.220163 0.067469 0.654580 129.000000 130.000000 125.000000
0.244495 0.068341 0.663780 126.000000 125.000000 119.000000
0.255997 0.068547 0.666080 134.000000 135.000000 130.000000
0.295578 0.070289 0.683560 131.000000 122.000000 119.000000
0.322845 0.071453 0.694830 131.000000 122.000000 109.000000
0.335212 0.071709 0.697130 132.000000 130.000000 119.000000
-0.242306 0.056794 0.476330 173.000000 177.000000 180.000000
-0.235734 0.057061 0.478860 169.000000 173.000000 178.000000
-0.229235 0.057367 0.481620 167.000000 174.000000 178.000000
-0.195851 0.059022 0.495420 164.000000 172.000000 178.000000
-0.188867 0.059345 0.497950 164.000000 172.000000 178.000000
-0.159910 0.060602 0.507380 163.000000 169.000000 176.000000
-0.106465 0.063191 0.526470 80.000000 98.000000 103.000000
-0.081662 0.064030 0.532450 72.000000 84.000000 96.000000
-0.065047 0.064901 0.539120 101.000000 112.000000 120.000000
-0.047982 0.065814 0.546250 65.000000 75.000000 83.000000
-0.012356 0.067704 0.561430 57.000000 69.000000 67.000000
-0.003122 0.068095 0.564650 73.000000 79.000000 84.000000
0.015728 0.069141 0.573390 74.000000 80.000000 85.000000
0.025292 0.069463 0.576150 45.000000 59.000000 57.000000
0.045027 0.070645 0.586270 61.000000 70.000000 72.000000
0.065158 0.071558 0.594320 58.000000 70.000000 70.000000
0.085661 0.072369 0.601680 59.000000 75.000000 72.000000
0.149884 0.074862 0.624910 84.000000 94.000000 93.000000
0.161027 0.075302 0.629050 75.000000 79.000000 82.000000
0.172160 0.075687 0.632730 106.000000 110.000000 113.000000
0.183725 0.076210 0.637560 138.000000 129.000000 125.000000
0.195920 0.076925 0.644000 133.000000 131.000000 130.000000
0.208529 0.077725 0.651130 134.000000 130.000000 126.000000
0.220428 0.078196 0.655500 132.000000 131.000000 124.000000
0.232622 0.078726 0.660330 132.000000 130.000000 126.000000
0.244290 0.079041 0.663320 130.000000 127.000000 119.000000
0.255524 0.079197 0.664930 128.000000 129.000000 124.000000
0.269211 0.080072 0.672520 134.000000 126.000000 122.000000
0.295271 0.081269 0.682870 127.000000 128.000000 119.000000
0.320721 0.082151 0.690230 121.000000 120.000000 114.000000
0.334022 0.082693 0.694600 125.000000 124.000000 117.000000
-0.242232 0.064490 0.476100 170.000000 174.000000 179.000000
-0.235425 0.064730 0.478170 172.000000 180.000000 186.000000
-0.228270 0.064890 0.479550 170.000000 174.000000 179.000000
-0.114306 0.071317 0.523480 70.000000 79.000000 92.000000
-0.106466 0.071805 0.526700 67.000000 75.000000 83.000000
-0.073239 0.073079 0.534750 110.000000 122.000000 134.000000
-0.030316 0.075580 0.552000 26.000000 35.000000 39.000000
0.025278 0.078892 0.576150 54.000000 65.000000 64.000000
0.044861 0.079984 0.584430 57.000000 64.000000 64.000000
0.065022 0.081147 0.593400 60.000000 71.000000 70.000000
0.075318 0.081737 0.598000 25.000000 34.000000 33.000000
0.085421 0.082007 0.600300 61.000000 65.000000 66.000000
0.095729 0.082399 0.603520 58.000000 66.000000 68.000000
0.106244 0.082882 0.607430 37.000000 44.000000 42.000000
0.116780 0.083298 0.610880 68.000000 82.000000 84.000000
0.127743 0.083930 0.615940 75.000000 83.000000 90.000000
0.138336 0.084246 0.618700 76.000000 80.000000 81.000000
0.160615 0.085344 0.627670 83.000000 92.000000 96.000000
0.196073 0.087471 0.644690 134.000000 133.000000 129.000000
0.220687 0.088948 0.656420 130.000000 131.000000 126.000000
0.243995 0.089692 0.662630 127.000000 126.000000 122.000000
0.256639 0.090368 0.667920 132.000000 129.000000 123.000000
0.270197 0.091300 0.675050 128.000000 127.000000 123.000000
0.283423 0.092054 0.680800 128.000000 127.000000 121.000000
0.295164 0.092289 0.682640 128.000000 125.000000 114.000000
0.307509 0.092691 0.685630 124.000000 123.000000 116.000000
0.322448 0.093822 0.693910 124.000000 121.000000 113.000000
0.337262 0.094844 0.701270 129.000000 125.000000 120.000000
-0.235575 0.072521 0.478400 167.000000 173.000000 180.000000
-0.228294 0.072662 0.479550 165.000000 173.000000 179.000000
-0.221969 0.073130 0.482770 165.000000 172.000000 181.000000
-0.181157 0.075648 0.498870 166.000000 172.000000 179.000000
-0.137239 0.078305 0.514510 165.000000 172.000000 181.000000
-0.106137 0.080169 0.525320 69.000000 84.000000 90.000000
-0.098072 0.080607 0.527850 90.000000 99.000000 114.000000
-0.073073 0.081661 0.533830 100.000000 112.000000 124.000000
-0.064757 0.082229 0.537280 108.000000 120.000000 132.000000
-0.021387 0.085285 0.556370 37.000000 53.000000 52.000000
-0.003118 0.086533 0.564420 45.000000 49.000000 52.000000
0.015688 0.087792 0.572700 44.000000 56.000000 56.000000
0.034886 0.088674 0.578680 37.000000 46.000000 47.000000
0.054894 0.090272 0.589490 46.000000 55.000000 56.000000
0.064958 0.090797 0.593170 29.000000 31.000000 28.000000
0.149045 0.094733 0.621920 77.000000 81.000000 84.000000
0.160080 0.095260 0.625830 77.000000 76.000000 79.000000
0.171473 0.095927 0.630660 128.000000 135.000000 133.000000
0.195382 0.097612 0.642620 135.000000 134.000000 128.000000
0.219703 0.099165 0.653660 131.000000 129.000000 125.000000
0.231958 0.099877 0.658720 132.000000 133.000000 123.000000
0.243865 0.100385 0.662400 131.000000 128.000000 122.000000
0.256160 0.101004 0.666770 125.000000 125.000000 121.000000
0.269247 0.101876 0.672750 128.000000 127.000000 121.000000
0.306793 0.103545 0.684020 124.000000 121.000000 115.000000
0.321828 0.104849 0.692530 127.000000 124.000000 113.000000
0.336304 0.105892 0.699200 127.000000 123.000000 117.000000
-0.228871 0.080632 0.480700 179.000000 175.000000 183.000000
-0.221986 0.080953 0.482770 172.000000 178.000000 185.000000
-0.215374 0.081403 0.485530 165.000000 171.000000 176.000000
-0.187911 0.083152 0.495650 168.000000 172.000000 177.000000
-0.180704 0.083533 0.497720 164.000000 170.000000 177.000000
-0.098020 0.089193 0.527850 73.000000 87.000000 98.000000
-0.064717 0.090983 0.537280 74.000000 88.000000 99.000000
-0.056375 0.091762 0.541650 86.000000 96.000000 106.000000
-0.021294 0.094010 0.554300 85.000000 97.000000 104.000000
-0.012305 0.094996 0.560050 41.000000 57.000000 58.000000
-0.003117 0.095741 0.564420 52.000000 68.000000 67.000000
0.044714 0.098863 0.583280 49.000000 55.000000 58.000000
0.074966 0.100884 0.595930 58.000000 65.000000 63.000000
0.085256 0.101494 0.599840 25.000000 35.000000 31.000000
0.095329 0.101748 0.601680 53.000000 59.000000 64.000000
0.116174 0.102750 0.608350 51.000000 64.000000 67.000000
0.127138 0.103575 0.613640 50.000000 55.000000 56.000000
0.137999 0.104204 0.617780 40.000000 49.000000 49.000000
0.159774 0.105261 0.624910 62.000000 61.000000 66.000000
0.183667 0.107322 0.638020 134.000000 130.000000 126.000000
0.195385 0.108064 0.642850 130.000000 131.000000 126.000000
0.206511 0.108421 0.645380 131.000000 129.000000 125.000000
0.218639 0.109246 0.650670 135.000000 131.000000 125.000000
0.231256 0.110230 0.656880 132.000000 129.000000 121.000000
0.243310 0.110873 0.661020 129.000000 124.000000 126.000000
0.254795 0.111215 0.663320 129.000000 125.000000 120.000000
0.267469 0.112029 0.668380 132.000000 126.000000 121.000000
0.293461 0.113730 0.678730 126.000000 124.000000 123.000000
0.307525 0.114890 0.685630 124.000000 123.000000 116.000000
0.335686 0.116994 0.697820 125.000000 119.000000 112.000000
-0.242060 0.087571 0.475410 174.000000 175.000000 184.000000
-0.228688 0.088347 0.480240 168.000000 176.000000 183.000000
-0.222007 0.088780 0.482770 169.000000 175.000000 179.000000
-0.214771 0.089016 0.484150 175.000000 179.000000 184.000000
-0.180667 0.091589 0.497720 163.000000 174.000000 177.000000
-0.137001 0.094909 0.514050 169.000000 181.000000 188.000000
-0.089767 0.098250 0.530150 65.000000 82.000000 92.000000
-0.064536 0.099509 0.536130 71.000000 81.000000 89.000000
-0.012272 0.103902 0.558900 93.000000 106.000000 111.000000
-0.003109 0.104719 0.563270 30.000000 44.000000 44.000000
0.025174 0.106871 0.575000 53.000000 64.000000 65.000000
0.044664 0.108313 0.583050 43.000000 49.000000 52.000000
0.054540 0.108917 0.586500 54.000000 77.000000 76.000000
0.064745 0.109898 0.592020 57.000000 68.000000 69.000000
0.085102 0.111117 0.599150 58.000000 66.000000 70.000000
0.095232 0.111483 0.601450 45.000000 52.000000 52.000000
0.105661 0.112100 0.605130 34.000000 41.000000 38.000000
0.126734 0.113237 0.612030 37.000000 44.000000 44.000000
0.137822 0.114141 0.617320 58.000000 68.000000 60.000000
0.159817 0.115475 0.625370 68.000000 68.000000 66.000000
0.183262 0.117444 0.636870 133.000000 126.000000 128.000000
0.195034 0.118302 0.641930 132.000000 130.000000 126.000000
0.206371 0.118825 0.645150 130.000000 128.000000 122.000000
0.218268 0.119606 0.649750 134.000000 130.000000 126.000000
0.231119 0.120816 0.656650 127.000000 127.000000 116.000000
0.243262 0.121567 0.661020 130.000000 129.000000 120.000000
0.255993 0.122538 0.666540 128.000000 124.000000 116.000000
0.268177 0.123181 0.670220 130.000000 127.000000 119.000000
0.281263 0.124174 0.675740 126.000000 120.000000 113.000000
0.293857 0.124886 0.679650 128.000000 122.000000 117.000000
0.306612 0.125614 0.683560 133.000000 123.000000 112.000000
0.322102 0.127376 0.692990 128.000000 123.000000 115.000000
0.334415 0.127806 0.695060 125.000000 119.000000 110.000000
-0.221612 0.096428 0.481850 171.000000 175.000000 181.000000
-0.180296 0.099457 0.496800 164.000000 171.000000 180.000000
-0.173506 0.100188 0.500250 166.000000 174.000000 180.000000
-0.129277 0.103804 0.516580 64.000000 74.000000 84.000000
-0.121684 0.104516 0.519800 59.000000 72.000000 77.000000
-0.072871 0.107609 0.533370 67.000000 77.000000 83.000000
-0.064326 0.107935 0.534750 65.000000 77.000000 85.000000
-0.055963 0.108722 0.538430 62.000000 67.000000 76.000000
-0.047531 0.109642 0.542800 63.000000 72.000000 78.000000
-0.003103 0.113687 0.562350 102.000000 110.000000 116.000000
0.006181 0.114568 0.566720 88.000000 101.000000 106.000000
0.034767 0.116794 0.577990 43.000000 47.000000 51.000000
0.105553 0.121867 0.604900 75.000000 89.000000 89.000000
0.137591 0.124003 0.616630 83.000000 93.000000 90.000000
0.159386 0.125322 0.623990 48.000000 48.000000 46.000000
0.170564 0.126074 0.628130 111.000000 108.000000 113.000000
0.182921 0.127564 0.635950 129.000000 130.000000 125.000000
0.194681 0.128503 0.641010 131.000000 129.000000 127.000000
0.206228 0.129214 0.644920 125.000000 130.000000 128.000000
0.218590 0.130344 0.650900 130.000000 131.000000 126.000000
0.230253 0.130975 0.654350 127.000000 126.000000 122.000000
0.242791 0.132027 0.659870 130.000000 127.000000 117.000000
0.255778 0.133227 0.666080 128.000000 127.000000 121.000000
0.266955 0.133426 0.667230 126.000000 125.000000 121.000000
0.280198 0.134605 0.673210 128.000000 124.000000 119.000000
0.293364 0.135661 0.678500 125.000000 122.000000 114.000000
0.320543 0.137924 0.689540 128.000000 116.000000 107.000000
0.333708 0.138768 0.693450 124.000000 118.000000 111.000000
-0.221331 0.104102 0.481160 167.000000 173.000000 180.000000
-0.214295 0.104468 0.483000 170.000000 173.000000 184.000000
-0.207429 0.104948 0.485300 167.000000 170.000000 178.000000
-0.166178 0.108822 0.502550 165.000000 170.000000 180.000000
-0.129155 0.112111 0.516350 71.000000 81.000000 91.000000
-0.105480 0.113809 0.523250 30.000000 46.000000 45.000000
-0.089457 0.115186 0.529000 72.000000 84.000000 92.000000
-0.047515 0.118493 0.543030 61.000000 74.000000 81.000000
0.006167 0.123609 0.566030 65.000000 69.000000 77.000000
0.025031 0.125037 0.572700 80.000000 91.000000 97.000000
0.044488 0.126937 0.581670 89.000000 96.000000 98.000000
0.054328 0.127649 0.585120 89.000000 96.000000 100.000000
0.064321 0.128454 0.589030 88.000000 96.000000 104.000000
0.084621 0.129994 0.596620 83.000000 89.000000 93.000000
0.105401 0.131561 0.604440 57.000000 62.000000 61.000000
0.115740 0.132087 0.607200 62.000000 67.000000 65.000000
0.137255 0.133729 0.615480 53.000000 61.000000 58.000000
0.159187 0.135313 0.623530 65.000000 71.000000 76.000000
0.183240 0.138144 0.637330 130.000000 131.000000 128.000000
0.194536 0.138814 0.640780 132.000000 128.000000 127.000000
0.206084 0.139588 0.644690 127.000000 126.000000 122.000000
0.218372 0.140766 0.650440 126.000000 125.000000 121.000000
0.229873 0.141353 0.653430 128.000000 124.000000 121.000000
0.241898 0.142199 0.657570 129.000000 124.000000 114.000000
0.279905 0.145354 0.672520 119.000000 118.000000 112.000000
0.293077 0.146504 0.677810 125.000000 124.000000 115.000000
0.305944 0.147426 0.681950 121.000000 123.000000 109.000000
0.319101 0.148420 0.686320 125.000000 123.000000 110.000000
0.333126 0.149740 0.692070 121.000000 118.000000 107.000000
-0.241526 0.110457 0.473800 176.000000 174.000000 184.000000
-0.214221 0.112254 0.482770 170.000000 175.000000 183.000000
-0.207049 0.112603 0.484380 170.000000 171.000000 177.000000
-0.179894 0.115313 0.495880 163.000000 175.000000 182.000000
-0.165901 0.116784 0.501860 161.000000 169.000000 178.000000
-0.089357 0.123687 0.528770 38.000000 47.000000 48.000000
-0.081280 0.124554 0.532220 46.000000 56.000000 64.000000
-0.056070 0.126593 0.540270 78.000000 90.000000 97.000000
-0.038739 0.127800 0.545100 73.000000 84.000000 92.000000
-0.030001 0.128636 0.548550 74.000000 87.000000 94.000000
-0.003098 0.131803 0.561890 72.000000 83.000000 88.000000
0.006158 0.132718 0.565800 66.000000 75.000000 76.000000
0.015522 0.133462 0.569020 70.000000 76.000000 79.000000
0.025009 0.134307 0.572700 68.000000 76.000000 83.000000
0.105208 0.141172 0.603750 57.000000 63.000000 68.000000
0.115707 0.141956 0.607430 59.000000 63.000000 64.000000
0.148273 0.144718 0.620310 52.000000 60.000000 55.000000
0.159104 0.145386 0.623530 62.000000 72.000000 71.000000
0.170902 0.146805 0.629970 116.000000 114.000000 112.000000
0.193694 0.148576 0.638250 129.000000 130.000000 123.000000
0.205427 0.149575 0.642850 135.000000 129.000000 124.000000
0.228606 0.151112 0.649980 127.000000 123.000000 115.000000
0.241094 0.152348 0.655500 124.000000 121.000000 115.000000
0.253417 0.153383 0.660100 129.000000 126.000000 118.000000
0.292303 0.157064 0.675970 120.000000 121.000000 112.000000
0.318850 0.159411 0.685630 126.000000 120.000000 113.000000
0.332892 0.160842 0.691380 127.000000 121.000000 107.000000
-0.213851 0.119869 0.481850 171.000000 172.000000 180.000000
-0.207365 0.120635 0.485070 168.000000 171.000000 179.000000
-0.166008 0.125007 0.502320 161.000000 170.000000 174.000000
-0.158060 0.125169 0.502780 164.000000 170.000000 177.000000
-0.150920 0.126025 0.506000 160.000000 168.000000 175.000000
-0.113074 0.129787 0.519800 87.000000 105.000000 110.000000
-0.080976 0.132745 0.530610 43.000000 51.000000 55.000000
-0.047220 0.135418 0.540500 81.000000 93.000000 105.000000
-0.038626 0.136317 0.543950 85.000000 96.000000 99.000000
-0.029976 0.137497 0.548550 73.000000 84.000000 90.000000
0.015483 0.142424 0.568100 75.000000 88.000000 93.000000
0.063941 0.146862 0.586500 62.000000 68.000000 68.000000
0.084558 0.149391 0.597080 58.000000 69.000000 72.000000
0.094780 0.150128 0.600300 65.000000 70.000000 69.000000
0.115585 0.151702 0.607200 66.000000 73.000000 75.000000
0.137295 0.153837 0.616400 58.000000 61.000000 57.000000
0.148244 0.154786 0.620540 57.000000 59.000000 60.000000
0.158963 0.155391 0.623300 66.000000 68.000000 72.000000
0.170010 0.156227 0.626980 130.000000 125.000000 127.000000
0.182025 0.157809 0.633650 133.000000 132.000000 128.000000
0.193341 0.158651 0.637330 130.000000 128.000000 124.000000
0.205066 0.159726 0.641930 131.000000 124.000000 120.000000
0.216784 0.160695 0.646070 129.000000 125.000000 122.000000
0.228476 0.161558 0.649750 129.000000 125.000000 120.000000
0.252952 0.163777 0.658950 129.000000 123.000000 119.000000
0.263690 0.163822 0.659180 127.000000 121.000000 116.000000
0.277333 0.165601 0.666310 126.000000 120.000000 115.000000
0.292038 0.167859 0.675280 124.000000 118.000000 109.000000
0.305943 0.169513 0.681720 121.000000 118.000000 110.000000
0.318936 0.170567 0.685630 123.000000 123.000000 109.000000
0.332679 0.171939 0.690690 124.000000 114.000000 106.000000
-0.241216 0.125684 0.472650 166.000000 167.000000 174.000000
-0.234524 0.126212 0.475180 171.000000 172.000000 180.000000
-0.207495 0.128575 0.485300 166.000000 172.000000 177.000000
-0.158228 0.133470 0.503470 165.000000 164.000000 173.000000
-0.113207 0.138413 0.520720 154.000000 164.000000 172.000000
-0.072720 0.142214 0.533830 150.000000 160.000000 170.000000
-0.064381 0.143063 0.536820 150.000000 160.000000 170.000000
-0.029990 0.146526 0.549240 136.000000 146.000000 158.000000
-0.021075 0.147038 0.551080 140.000000 150.000000 160.000000
0.015467 0.151584 0.568100 85.000000 95.000000 103.000000
0.024863 0.152178 0.570400 99.000000 104.000000 104.000000
0.034274 0.152519 0.571780 91.000000 104.000000 104.000000
0.043952 0.153650 0.576150 89.000000 100.000000 103.000000
0.053786 0.154834 0.580750 82.000000 91.000000 95.000000
0.063813 0.156133 0.585810 80.000000 87.000000 87.000000
0.073879 0.157179 0.589950 71.000000 75.000000 79.000000
0.115462 0.161429 0.606970 69.000000 79.000000 76.000000
0.126101 0.162389 0.610880 71.000000 72.000000 76.000000
0.136905 0.163407 0.615020 75.000000 80.000000 78.000000
0.147942 0.164547 0.619620 67.000000 79.000000 72.000000
0.158647 0.165198 0.622380 81.000000 81.000000 84.000000
0.170180 0.166582 0.627900 128.000000 124.000000 121.000000
0.181685 0.167787 0.632730 128.000000 129.000000 122.000000
0.193201 0.168874 0.637100 128.000000 124.000000 121.000000
0.204856 0.169967 0.641470 126.000000 125.000000 116.000000
0.216498 0.170946 0.645380 128.000000 123.000000 125.000000
0.228756 0.172301 0.650670 124.000000 123.000000 114.000000
0.253378 0.174746 0.660100 121.000000 120.000000 114.000000
0.264889 0.175293 0.662170 124.000000 121.000000 113.000000
0.277836 0.176713 0.667460 131.000000 117.000000 115.000000
0.292086 0.178827 0.675280 126.000000 119.000000 108.000000
0.306018 0.180603 0.681720 125.000000 118.000000 107.000000
0.319043 0.181740 0.685630 125.000000 117.000000 109.000000
0.332045 0.182791 0.689080 125.000000 119.000000 114.000000
-0.241388 0.133464 0.472650 176.000000 175.000000 182.000000
-0.235005 0.134204 0.475870 172.000000 172.000000 176.000000
-0.207047 0.136146 0.484150 168.000000 171.000000 179.000000
-0.200183 0.136816 0.486680 167.000000 170.000000 180.000000
-0.157822 0.141275 0.502320 157.000000 168.000000 171.000000
-0.150471 0.142033 0.504850 157.000000 165.000000 171.000000
-0.112992 0.146606 0.520030 152.000000 158.000000 167.000000
-0.064442 0.151965 0.537740 137.000000 143.000000 152.000000
-0.055962 0.152792 0.540500 137.000000 143.000000 150.000000
0.006118 0.159568 0.563960 143.000000 149.000000 156.000000
0.024799 0.161099 0.569480 138.000000 144.000000 151.000000
0.053634 0.163856 0.579600 135.000000 141.000000 146.000000
0.073934 0.166935 0.590870 131.000000 140.000000 139.000000
0.094348 0.168948 0.598460 126.000000 132.000000 132.000000
0.104743 0.169979 0.602370 128.000000 135.000000 135.000000
0.125736 0.171836 0.609500 113.000000 120.000000 116.000000
0.136364 0.172729 0.612950 98.000000 98.000000 96.000000
0.158802 0.175485 0.623300 136.000000 124.000000 89.000000
0.170103 0.176703 0.627900 128.000000 124.000000 116.000000
0.181282 0.177666 0.631580 129.000000 123.000000 119.000000
0.192786 0.178828 0.635950 133.000000 127.000000 122.000000
0.204798 0.180321 0.641470 127.000000 123.000000 119.000000
0.216759 0.181629 0.646300 133.000000 122.000000 119.000000
0.228721 0.182819 0.650670 121.000000 119.000000 118.000000
0.254345 0.186149 0.662630 127.000000 119.000000 113.000000
0.265825 0.186678 0.664470 124.000000 121.000000 115.000000
0.278257 0.187811 0.668380 124.000000 116.000000 110.000000
0.291553 0.189423 0.673900 120.000000 117.000000 106.000000
0.305081 0.191065 0.679420 126.000000 119.000000 106.000000
0.318530 0.192548 0.684250 121.000000 115.000000 110.000000
0.332103 0.194005 0.688850 122.000000 114.000000 105.000000
-0.235169 0.142037 0.475870 166.000000 173.000000 175.000000
-0.227841 0.142289 0.477250 164.000000 171.000000 180.000000
-0.200126 0.144663 0.486450 165.000000 166.000000 173.000000
-0.157494 0.149113 0.501400 161.000000 169.000000 178.000000
-0.150082 0.149837 0.503700 161.000000 164.000000 172.000000
-0.104922 0.155656 0.522100 154.000000 159.000000 168.000000
-0.030042 0.164744 0.551080 137.000000 143.000000 152.000000
-0.012184 0.166771 0.557750 138.000000 141.000000 147.000000
-0.003086 0.167602 0.560510 136.000000 141.000000 144.000000
0.006108 0.168561 0.563730 135.000000 139.000000 143.000000
0.015431 0.169788 0.567870 132.000000 135.000000 141.000000
0.034445 0.172080 0.575690 139.000000 138.000000 141.000000
0.044084 0.173007 0.578910 135.000000 136.000000 142.000000
0.063757 0.175115 0.586270 124.000000 132.000000 136.000000
0.083874 0.177195 0.593630 126.000000 129.000000 128.000000
0.094206 0.178433 0.598000 133.000000 133.000000 133.000000
0.114959 0.180415 0.605130 133.000000 132.000000 135.000000
0.136029 0.182250 0.611800 124.000000 126.000000 130.000000
0.158374 0.185113 0.621920 123.000000 95.000000 57.000000
0.169532 0.186273 0.626060 131.000000 97.000000 54.000000
0.181150 0.187780 0.631350 125.000000 113.000000 103.000000
0.204380 0.190336 0.640320 126.000000 125.000000 119.000000
0.216411 0.191799 0.645380 119.000000 123.000000 117.000000
0.229018 0.193617 0.651590 131.000000 117.000000 115.000000
0.241249 0.194972 0.656190 123.000000 120.000000 110.000000
0.253736 0.196413 0.661020 123.000000 121.000000 117.000000
0.265303 0.197057 0.663090 120.000000 112.000000 106.000000
0.277739 0.198271 0.667000 120.000000 119.000000 115.000000
0.290842 0.199856 0.672060 127.000000 117.000000 109.000000
0.304992 0.202022 0.678960 120.000000 112.000000 106.000000
0.318579 0.203680 0.684020 122.000000 112.000000 102.000000
0.331304 0.204695 0.686780 121.000000 112.000000 99.000000
-0.234792 0.149536 0.474720 164.000000 170.000000 175.000000
-0.192682 0.152899 0.487600 168.000000 167.000000 172.000000
-0.104677 0.163762 0.521180 150.000000 155.000000 165.000000
-0.096994 0.165122 0.525320 155.000000 158.000000 166.000000
-0.080922 0.167261 0.531760 145.000000 151.000000 158.000000
-0.029106 0.067374 0.214130 152.000000 151.000000 163.000000
-0.047250 0.170848 0.542570 141.000000 145.000000 150.000000
-0.021148 0.174622 0.554300 139.000000 142.000000 148.000000
-0.003084 0.176523 0.560280 139.000000 142.000000 150.000000
0.044081 0.182443 0.579370 136.000000 138.000000 139.000000
0.063505 0.183947 0.584430 132.000000 137.000000 135.000000
0.073501 0.185124 0.588340 131.000000 135.000000 136.000000
0.083779 0.186656 0.593400 133.000000 132.000000 137.000000
0.093994 0.187749 0.597080 128.000000 130.000000 131.000000
0.104439 0.189055 0.601450 133.000000 131.000000 132.000000
0.115016 0.190358 0.605820 130.000000 130.000000 130.000000
0.125536 0.191369 0.609270 128.000000 130.000000 129.000000
0.136671 0.193102 0.615020 130.000000 128.000000 124.000000
0.147489 0.194185 0.618700 136.000000 125.000000 122.000000
0.180496 0.197311 0.629280 126.000000 125.000000 119.000000
0.204412 0.200750 0.640550 121.000000 119.000000 118.000000
0.216305 0.202162 0.645150 125.000000 122.000000 116.000000
0.227954 0.203228 0.648600 116.000000 115.000000 106.000000
0.239646 0.204240 0.651820 118.000000 115.000000 107.000000
0.252084 0.205776 0.656650 127.000000 116.000000 111.000000
0.264984 0.207552 0.662170 131.000000 118.000000 111.000000
0.277911 0.209212 0.667230 124.000000 114.000000 108.000000
0.290254 0.210327 0.670450 128.000000 118.000000 99.000000
0.302864 0.211549 0.673900 124.000000 116.000000 107.000000
0.316622 0.213464 0.679420 111.000000 108.000000 100.000000
0.329761 0.214847 0.683100 117.000000 112.000000 100.000000
-0.234102 0.156802 0.472880 167.000000 173.000000 180.000000
-0.192277 0.160466 0.486450 161.000000 172.000000 173.000000
-0.172096 0.163788 0.496800 162.000000 167.000000 177.000000
-0.143094 0.167572 0.508070 159.000000 162.000000 168.000000
-0.083475 0.137347 0.415840 145.000000 153.000000 161.000000
-0.096768 0.173257 0.524400 147.000000 152.000000 159.000000
-0.088494 0.173767 0.525780 149.000000 155.000000 158.000000
-0.047235 0.179625 0.542800 149.000000 155.000000 162.000000
0.006092 0.186566 0.563500 137.000000 139.000000 141.000000
0.024871 0.189583 0.572700 132.000000 134.000000 136.000000
0.053712 0.192529 0.581900 139.000000 138.000000 141.000000
0.063430 0.193244 0.584200 133.000000 135.000000 137.000000
0.073331 0.194257 0.587420 130.000000 132.000000 134.000000
0.093893 0.197257 0.596850 130.000000 132.000000 134.000000
0.104331 0.198637 0.601220 130.000000 127.000000 128.000000
0.125514 0.201237 0.609500 132.000000 130.000000 130.000000
0.146929 0.203458 0.616630 127.000000 125.000000 124.000000
0.169533 0.206601 0.626520 125.000000 121.000000 122.000000
0.180775 0.207840 0.630430 121.000000 122.000000 115.000000
0.191937 0.208861 0.633650 121.000000 120.000000 114.000000
0.216135 0.212453 0.644690 127.000000 123.000000 117.000000
0.227712 0.213514 0.647910 122.000000 114.000000 107.000000
0.239413 0.214595 0.651130 120.000000 117.000000 104.000000
0.252481 0.216759 0.657570 122.000000 117.000000 110.000000
0.265515 0.218723 0.663320 121.000000 116.000000 106.000000
0.277916 0.220035 0.667000 122.000000 115.000000 101.000000
0.303349 0.222844 0.674590 120.000000 112.000000 108.000000
0.316950 0.224732 0.679650 119.000000 108.000000 103.000000
0.331145 0.226902 0.685400 122.000000 114.000000 103.000000
-0.226854 0.164835 0.474030 169.000000 166.000000 174.000000
-0.220558 0.165903 0.477710 170.000000 172.000000 173.000000
-0.199487 0.167784 0.484380 168.000000 166.000000 174.000000
-0.185774 0.169620 0.490130 167.000000 169.000000 173.000000
-0.051128 0.071005 0.205160 157.000000 156.000000 161.000000
-0.088366 0.182049 0.525320 145.000000 151.000000 156.000000
-0.080609 0.183851 0.530380 142.000000 148.000000 155.000000
-0.055678 0.187090 0.539350 142.000000 148.000000 151.000000
-0.038592 0.189469 0.546020 143.000000 148.000000 149.000000
-0.029911 0.190850 0.549930 136.000000 143.000000 156.000000
0.015356 0.196697 0.566720 139.000000 142.000000 150.000000
0.034233 0.199049 0.573620 137.000000 136.000000 143.000000
0.053670 0.201853 0.581900 134.000000 133.000000 138.000000
0.083466 0.205216 0.592020 132.000000 132.000000 132.000000
0.093796 0.206754 0.596620 129.000000 131.000000 130.000000
0.103909 0.207571 0.599150 133.000000 131.000000 130.000000
0.114446 0.209024 0.603520 130.000000 128.000000 126.000000
0.135823 0.211769 0.611800 128.000000 127.000000 121.000000
0.157717 0.214523 0.620080 125.000000 123.000000 119.000000
0.168924 0.215988 0.624450 124.000000 122.000000 118.000000
0.180537 0.217779 0.629740 127.000000 123.000000 119.000000
0.192186 0.219420 0.634570 121.000000 119.000000 118.000000
0.203339 0.220359 0.637330 123.000000 119.000000 114.000000
0.215518 0.222267 0.642850 129.000000 118.000000 115.000000
0.239453 0.225187 0.651130 124.000000 116.000000 110.000000
0.252105 0.227081 0.656420 127.000000 116.000000 111.000000
0.265058 0.229084 0.661940 124.000000 114.000000 108.000000
0.277086 0.230165 0.664700 122.000000 114.000000 107.000000
0.290158 0.232002 0.669530 115.000000 112.000000 102.000000
0.304181 0.234441 0.675970 112.000000 114.000000 102.000000
0.317855 0.236454 0.681030 121.000000 110.000000 105.000000
0.331575 0.238366 0.685630 115.000000 107.000000 100.000000
-0.241432 0.171952 0.470120 169.000000 167.000000 177.000000
-0.234080 0.172198 0.471730 171.000000 170.000000 177.000000
-0.226992 0.172661 0.473800 163.000000 167.000000 175.000000
-0.220022 0.173253 0.476100 169.000000 168.000000 173.000000
-0.213558 0.174301 0.479550 164.000000 170.000000 173.000000
-0.206741 0.175133 0.482310 168.000000 166.000000 174.000000
-0.192795 0.176718 0.487370 166.000000 167.000000 174.000000
-0.178656 0.178400 0.492430 163.000000 169.000000 174.000000
-0.164356 0.180242 0.497720 163.000000 163.000000 172.000000
-0.142523 0.183320 0.506230 154.000000 157.000000 167.000000
-0.127442 0.185282 0.511520 154.000000 155.000000 164.000000
-0.112418 0.187937 0.518650 149.000000 153.000000 161.000000
-0.104246 0.188395 0.519800 149.000000 153.000000 157.000000
-0.088358 0.190566 0.525550 151.000000 153.000000 157.000000
-0.055737 0.196066 0.540270 143.000000 143.000000 154.000000
-0.038517 0.197962 0.545330 138.000000 145.000000 147.000000
-0.029879 0.199571 0.549700 143.000000 142.000000 149.000000
-0.012107 0.201768 0.555680 139.000000 141.000000 145.000000
-0.003086 0.203693 0.560970 142.000000 141.000000 146.000000
0.024679 0.206669 0.569250 137.000000 137.000000 139.000000
0.043905 0.209956 0.578450 129.000000 130.000000 134.000000
0.053525 0.210756 0.580750 127.000000 131.000000 134.000000
0.063089 0.211133 0.581900 140.000000 139.000000 142.000000
0.073287 0.213257 0.587880 135.000000 135.000000 135.000000
0.083576 0.215127 0.593170 137.000000 132.000000 134.000000
0.093813 0.216493 0.597080 128.000000 126.000000 127.000000
0.103852 0.217190 0.599150 125.000000 128.000000 127.000000
0.114127 0.218219 0.602140 127.000000 127.000000 125.000000
0.124730 0.219665 0.606280 131.000000 127.000000 124.000000
0.135462 0.221114 0.610420 125.000000 123.000000 119.000000
0.146435 0.222732 0.615020 126.000000 125.000000 119.000000
0.157613 0.224438 0.619850 125.000000 121.000000 118.000000
0.168700 0.225818 0.623760 127.000000 121.000000 116.000000
0.180246 0.227625 0.628820 126.000000 120.000000 115.000000
0.191475 0.228860 0.632270 123.000000 121.000000 115.000000
0.202972 0.230276 0.636180 130.000000 122.000000 115.000000
0.215458 0.232625 0.642620 123.000000 113.000000 107.000000
0.227446 0.234245 0.646990 123.000000 115.000000 108.000000
0.239939 0.236223 0.652280 119.000000 111.000000 105.000000
0.252284 0.237896 0.656650 122.000000 114.000000 105.000000
0.264444 0.239267 0.660100 123.000000 116.000000 104.000000
0.275903 0.239925 0.661480 124.000000 117.000000 105.000000
0.289562 0.242377 0.667690 126.000000 114.000000 104.000000
0.303189 0.244629 0.673210 117.000000 110.000000 106.000000
0.317196 0.247021 0.678960 117.000000 112.000000 100.000000
0.331278 0.249312 0.684250 124.000000 112.000000 100.000000
