299.000000 190.000000 -0.040150 -0.076729
318.000000 190.000000 -0.008827 -0.076748
284.000000 196.000000 -0.064872 -0.066850
193.000000 214.000000 -0.213794 -0.036991
193.000000 229.000000 -0.213844 -0.012455
496.000000 232.000000 0.282009 -0.007454
277.000000 261.000000 -0.076456 0.040060
262.000000 298.000000 -0.101030 0.100793
423.000000 308.000000 0.163602 0.116920
269.000000 310.000000 -0.089483 0.120479
378.000000 331.000000 0.089835 0.154779
391.000000 334.000000 0.111120 0.159586
411.000000 349.000000 0.143678 0.183823
409.000000 355.000000 0.140357 0.193584
419.000000 357.000000 0.156634 0.196726
432.000000 360.000000 0.177746 0.201443
485.000000 360.000000 0.263489 0.200776
165.000000 390.000000 -0.257946 0.249362
168.000000 394.000000 -0.253051 0.255853
476.000000 411.000000 0.248307 0.283203
481.000000 419.000000 0.256280 0.296025
