-0.239172 -0.172208 0.466900 153.000000 152.000000 143.000000
-0.232695 -0.173083 0.470120 153.000000 144.000000 131.000000
-0.225873 -0.173751 0.472650 156.000000 144.000000 135.000000
-0.199003 -0.177303 0.484150 159.000000 143.000000 144.000000
-0.191855 -0.177970 0.486220 158.000000 143.000000 135.000000
-0.185282 -0.179250 0.489900 154.000000 142.000000 132.000000
-0.178118 -0.180045 0.492200 156.000000 139.000000 131.000000
-0.171300 -0.181279 0.495650 150.000000 143.000000 129.000000
-0.164313 -0.182445 0.498870 150.000000 142.000000 131.000000
-0.156659 -0.182952 0.500250 146.000000 141.000000 127.000000
-0.142151 -0.185179 0.506230 150.000000 141.000000 128.000000
-0.120231 -0.189420 0.517500 146.000000 132.000000 123.000000
-0.112416 -0.190395 0.520030 148.000000 136.000000 124.000000
-0.104702 -0.191710 0.523480 147.000000 138.000000 122.000000
-0.089044 -0.194596 0.531070 145.000000 136.000000 125.000000
-0.080868 -0.195659 0.533830 145.000000 138.000000 122.000000
-0.072535 -0.196551 0.536130 141.000000 134.000000 123.000000
-0.064341 -0.198115 0.540270 144.000000 135.000000 122.000000
-0.047240 -0.199965 0.545100 142.000000 137.000000 125.000000
-0.021229 -0.205188 0.559130 141.000000 135.000000 119.000000
0.006135 -0.209337 0.570400 141.000000 135.000000 128.000000
0.015522 -0.211014 0.575000 134.000000 129.000000 117.000000
0.025048 -0.212599 0.579370 143.000000 136.000000 122.000000
0.034602 -0.213501 0.581900 146.000000 134.000000 122.000000
0.044288 -0.214649 0.585120 139.000000 133.000000 117.000000
0.064183 -0.217684 0.593630 142.000000 131.000000 117.000000
0.074886 -0.220836 0.602370 137.000000 133.000000 121.000000
0.095323 -0.222909 0.608350 135.000000 136.000000 120.000000
0.116514 -0.225728 0.616400 143.000000 134.000000 121.000000
0.127462 -0.227430 0.621230 146.000000 134.000000 124.000000
0.161339 -0.232714 0.636180 142.000000 132.000000 122.000000
0.173345 -0.235018 0.642620 137.000000 130.000000 116.000000
0.196327 -0.237633 0.649980 137.000000 133.000000 121.000000
0.209475 -0.240641 0.658260 139.000000 133.000000 117.000000
0.221597 -0.242235 0.662630 143.000000 133.000000 123.000000
0.245490 -0.244646 0.669070 144.000000 136.000000 125.000000
0.259932 -0.248077 0.678270 134.000000 127.000000 118.000000
0.299980 -0.254039 0.693450 136.000000 131.000000 119.000000
0.327978 -0.258332 0.703800 135.000000 133.000000 117.000000
0.342777 -0.260867 0.709780 136.000000 131.000000 121.000000
-0.238858 -0.164391 0.466900 161.000000 148.000000 143.000000
-0.232430 -0.165256 0.470120 150.000000 146.000000 143.000000
-0.225543 -0.165840 0.472420 155.000000 155.000000 144.000000
-0.218229 -0.166140 0.473800 151.000000 147.000000 144.000000
-0.211343 -0.166796 0.476100 158.000000 148.000000 138.000000
-0.198156 -0.168760 0.482310 146.000000 145.000000 136.000000
-0.191334 -0.169657 0.485070 156.000000 141.000000 134.000000
-0.184801 -0.170898 0.488750 156.000000 145.000000 140.000000
-0.156603 -0.174821 0.500020 148.000000 143.000000 129.000000
-0.149066 -0.175492 0.501860 152.000000 139.000000 130.000000
-0.134681 -0.177985 0.508760 154.000000 141.000000 134.000000
-0.127495 -0.179483 0.512900 147.000000 137.000000 124.000000
-0.119748 -0.180342 0.515200 148.000000 138.000000 126.000000
-0.111973 -0.181284 0.517730 148.000000 137.000000 122.000000
-0.104528 -0.182953 0.522330 146.000000 141.000000 129.000000
-0.072429 -0.187614 0.534980 143.000000 133.000000 123.000000
-0.063949 -0.188229 0.536590 140.000000 135.000000 123.000000
-0.038732 -0.192868 0.549470 143.000000 135.000000 124.000000
-0.030031 -0.194348 0.553610 140.000000 135.000000 123.000000
-0.012227 -0.197449 0.562350 146.000000 140.000000 124.000000
-0.003106 -0.198746 0.566030 147.000000 137.000000 126.000000
0.015513 -0.201558 0.574080 141.000000 134.000000 125.000000
0.025011 -0.202911 0.577990 139.000000 137.000000 124.000000
0.044343 -0.205431 0.585350 137.000000 137.000000 123.000000
0.054245 -0.206922 0.589720 140.000000 133.000000 124.000000
0.064333 -0.208567 0.594550 139.000000 134.000000 122.000000
0.084733 -0.211272 0.602600 141.000000 131.000000 121.000000
0.095208 -0.212818 0.607200 143.000000 134.000000 121.000000
0.105825 -0.214360 0.611800 140.000000 133.000000 124.000000
0.116410 -0.215577 0.615480 143.000000 133.000000 125.000000
0.127532 -0.217516 0.621230 142.000000 133.000000 120.000000
0.149990 -0.220912 0.631350 139.000000 135.000000 118.000000
0.161458 -0.222612 0.636410 134.000000 131.000000 120.000000
0.173213 -0.224478 0.641930 142.000000 130.000000 121.000000
0.234188 -0.233395 0.667920 143.000000 132.000000 120.000000
0.247223 -0.235500 0.673900 140.000000 133.000000 124.000000
0.259953 -0.237148 0.678500 143.000000 132.000000 129.000000
0.272319 -0.238342 0.681720 129.000000 130.000000 123.000000
0.284645 -0.239407 0.684480 137.000000 129.000000 118.000000
0.298709 -0.241797 0.690920 141.000000 129.000000 117.000000
0.314088 -0.245038 0.699660 132.000000 129.000000 123.000000
0.328661 -0.247444 0.705870 140.000000 130.000000 119.000000
0.343432 -0.249828 0.711850 139.000000 133.000000 128.000000
-0.232204 -0.157472 0.470120 158.000000 147.000000 144.000000
-0.225027 -0.157821 0.471730 162.000000 152.000000 144.000000
-0.211222 -0.159006 0.476100 151.000000 147.000000 135.000000
-0.197521 -0.160454 0.480930 155.000000 150.000000 140.000000
-0.190471 -0.161097 0.483000 154.000000 147.000000 136.000000
-0.183991 -0.162296 0.486680 154.000000 143.000000 128.000000
-0.177248 -0.163359 0.489900 155.000000 143.000000 135.000000
-0.170340 -0.164361 0.492890 153.000000 140.000000 133.000000
-0.156342 -0.166478 0.499100 149.000000 144.000000 134.000000
-0.149035 -0.167360 0.501630 151.000000 141.000000 131.000000
-0.141843 -0.168481 0.504850 149.000000 138.000000 126.000000
-0.119539 -0.171724 0.514050 147.000000 135.000000 125.000000
-0.111736 -0.172555 0.516350 150.000000 138.000000 129.000000
-0.104129 -0.173850 0.520030 144.000000 134.000000 124.000000
-0.080455 -0.177499 0.530380 138.000000 137.000000 119.000000
-0.072389 -0.178865 0.534290 147.000000 138.000000 122.000000
-0.063888 -0.179380 0.535670 141.000000 129.000000 119.000000
-0.012236 -0.188510 0.562350 144.000000 134.000000 128.000000
0.015491 -0.191970 0.572700 139.000000 134.000000 122.000000
0.024965 -0.193183 0.576380 139.000000 134.000000 122.000000
0.034611 -0.194696 0.580980 140.000000 130.000000 119.000000
0.054272 -0.197465 0.589490 141.000000 136.000000 124.000000
0.064288 -0.198799 0.593630 139.000000 132.000000 119.000000
0.095279 -0.203146 0.607200 140.000000 133.000000 122.000000
0.105860 -0.204533 0.611570 139.000000 131.000000 123.000000
0.127374 -0.207219 0.620080 139.000000 132.000000 121.000000
0.138555 -0.208905 0.625370 141.000000 135.000000 121.000000
0.149573 -0.210130 0.629280 137.000000 130.000000 116.000000
0.160947 -0.211664 0.634110 142.000000 133.000000 120.000000
0.172784 -0.213586 0.640090 137.000000 130.000000 114.000000
0.184352 -0.214975 0.644460 144.000000 128.000000 117.000000
0.195647 -0.215911 0.647450 138.000000 130.000000 121.000000
0.207776 -0.217625 0.652740 139.000000 132.000000 121.000000
0.259383 -0.225703 0.677120 148.000000 130.000000 114.000000
0.271882 -0.226972 0.680800 148.000000 130.000000 118.000000
0.297775 -0.229910 0.689080 142.000000 130.000000 121.000000
0.312975 -0.232894 0.697590 139.000000 125.000000 114.000000
0.328320 -0.235771 0.705640 135.000000 136.000000 120.000000
0.342031 -0.237317 0.709550 135.000000 132.000000 119.000000
-0.231104 -0.149138 0.468280 161.000000 146.000000 144.000000
-0.224651 -0.149931 0.471270 160.000000 150.000000 142.000000
-0.217954 -0.150608 0.473800 160.000000 146.000000 146.000000
-0.211025 -0.151168 0.475870 160.000000 147.000000 140.000000
-0.196905 -0.152213 0.479550 160.000000 145.000000 139.000000
-0.190351 -0.153205 0.482770 152.000000 145.000000 133.000000
-0.183632 -0.154141 0.485760 153.000000 147.000000 140.000000
-0.176170 -0.154510 0.486910 151.000000 142.000000 138.000000
-0.169641 -0.155767 0.490820 156.000000 144.000000 137.000000
-0.149013 -0.159241 0.501400 152.000000 143.000000 132.000000
-0.141832 -0.160319 0.504620 150.000000 142.000000 133.000000
-0.134669 -0.161548 0.508300 147.000000 136.000000 130.000000
-0.127156 -0.162490 0.511060 150.000000 138.000000 129.000000
-0.111553 -0.163942 0.515200 148.000000 141.000000 130.000000
-0.104196 -0.165549 0.520030 150.000000 138.000000 131.000000
-0.072196 -0.169765 0.532450 141.000000 136.000000 126.000000
-0.064105 -0.171288 0.537050 145.000000 137.000000 130.000000
-0.055880 -0.172879 0.541880 135.000000 135.000000 126.000000
-0.029944 -0.175926 0.551080 143.000000 133.000000 125.000000
-0.021210 -0.177931 0.557290 142.000000 137.000000 127.000000
-0.012206 -0.178973 0.560510 140.000000 135.000000 125.000000
0.034507 -0.184714 0.578680 144.000000 134.000000 128.000000
0.054173 -0.187566 0.587880 141.000000 131.000000 121.000000
0.064220 -0.188979 0.592480 141.000000 131.000000 121.000000
0.084707 -0.191710 0.601450 134.000000 129.000000 119.000000
0.095065 -0.192882 0.605360 140.000000 133.000000 122.000000
0.105739 -0.194415 0.610420 140.000000 130.000000 117.000000
0.116307 -0.195504 0.614100 137.000000 130.000000 116.000000
0.127457 -0.197322 0.620080 138.000000 130.000000 121.000000
0.149493 -0.199854 0.628590 136.000000 128.000000 117.000000
0.183896 -0.204065 0.642620 142.000000 131.000000 119.000000
0.232764 -0.210556 0.663780 139.000000 133.000000 115.000000
0.258572 -0.214106 0.675050 140.000000 127.000000 120.000000
0.271838 -0.215950 0.680800 137.000000 133.000000 117.000000
0.284852 -0.217455 0.685400 134.000000 129.000000 119.000000
0.298164 -0.219065 0.690230 130.000000 127.000000 119.000000
0.313859 -0.222243 0.699890 132.000000 132.000000 120.000000
0.341787 -0.225664 0.709550 139.000000 127.000000 113.000000
-0.224084 -0.141943 0.470350 164.000000 153.000000 152.000000
-0.217325 -0.142534 0.472650 159.000000 150.000000 148.000000
-0.210848 -0.143358 0.475640 158.000000 154.000000 149.000000
-0.189975 -0.145126 0.481850 155.000000 148.000000 139.000000
-0.183025 -0.145820 0.484150 156.000000 146.000000 136.000000
-0.176519 -0.146943 0.487830 156.000000 145.000000 140.000000
-0.170147 -0.148287 0.492200 159.000000 142.000000 137.000000
-0.163719 -0.149712 0.496800 159.000000 142.000000 139.000000
-0.141957 -0.152303 0.504850 151.000000 143.000000 136.000000
-0.104312 -0.157312 0.520260 147.000000 140.000000 131.000000
-0.064131 -0.162653 0.536820 146.000000 139.000000 128.000000
-0.055810 -0.163890 0.540730 142.000000 137.000000 125.000000
-0.047475 -0.165539 0.546020 139.000000 138.000000 131.000000
-0.038750 -0.166275 0.548320 141.000000 134.000000 123.000000
-0.021193 -0.168770 0.556370 145.000000 138.000000 126.000000
-0.012195 -0.169762 0.559590 146.000000 134.000000 124.000000
-0.003091 -0.170744 0.562810 139.000000 133.000000 124.000000
0.006130 -0.172067 0.567180 127.000000 127.000000 114.000000
0.024966 -0.174475 0.575230 138.000000 128.000000 120.000000
0.034459 -0.175073 0.577300 140.000000 133.000000 124.000000
0.044206 -0.176429 0.581900 136.000000 131.000000 123.000000
0.064354 -0.179742 0.593170 140.000000 133.000000 124.000000
0.074418 -0.180724 0.596620 141.000000 129.000000 117.000000
0.084617 -0.181768 0.600300 141.000000 134.000000 125.000000
0.105423 -0.183977 0.608120 141.000000 135.000000 119.000000
0.116001 -0.185074 0.612030 131.000000 129.000000 116.000000
0.148707 -0.188694 0.624910 138.000000 128.000000 120.000000
0.171764 -0.191776 0.635720 133.000000 126.000000 115.000000
0.195990 -0.195354 0.648140 138.000000 129.000000 116.000000
0.232318 -0.199463 0.662400 131.000000 126.000000 112.000000
0.244784 -0.200880 0.667230 138.000000 129.000000 118.000000
0.271173 -0.204462 0.679190 141.000000 129.000000 117.000000
0.284803 -0.206356 0.685400 134.000000 127.000000 118.000000
0.298581 -0.208209 0.691380 138.000000 130.000000 112.000000
0.313228 -0.210510 0.698740 132.000000 130.000000 117.000000
0.327222 -0.212225 0.704030 138.000000 129.000000 118.000000
0.340476 -0.213358 0.707250 133.000000 123.000000 112.000000
-0.236228 -0.132547 0.463450 160.000000 149.000000 148.000000
-0.229219 -0.132868 0.465060 160.000000 151.000000 150.000000
-0.223430 -0.133942 0.469200 160.000000 152.000000 148.000000
-0.217139 -0.134778 0.472420 162.000000 151.000000 146.000000
-0.209976 -0.135113 0.473800 160.000000 153.000000 151.000000
-0.203103 -0.135665 0.475870 158.000000 148.000000 142.000000
-0.196668 -0.136564 0.479090 155.000000 149.000000 142.000000
-0.189975 -0.137349 0.481850 153.000000 145.000000 137.000000
-0.182691 -0.137754 0.483230 156.000000 151.000000 141.000000
-0.176546 -0.139091 0.487830 156.000000 144.000000 137.000000
-0.170105 -0.140308 0.491970 154.000000 146.000000 140.000000
-0.141636 -0.143819 0.503470 144.000000 141.000000 131.000000
-0.134256 -0.144679 0.506230 144.000000 142.000000 136.000000
-0.127126 -0.145936 0.510370 146.000000 144.000000 133.000000
-0.096520 -0.149925 0.523250 146.000000 138.000000 130.000000
-0.088664 -0.151051 0.526930 142.000000 137.000000 127.000000
-0.072347 -0.152833 0.532680 142.000000 137.000000 127.000000
-0.055717 -0.154859 0.539350 139.000000 137.000000 124.000000
-0.012186 -0.160564 0.558670 137.000000 132.000000 125.000000
-0.003090 -0.161628 0.562350 138.000000 135.000000 127.000000
0.015479 -0.163926 0.570400 136.000000 130.000000 125.000000
0.034548 -0.166121 0.578220 137.000000 132.000000 123.000000
0.054170 -0.168478 0.586730 140.000000 129.000000 121.000000
0.074399 -0.170998 0.595930 138.000000 130.000000 121.000000
0.105308 -0.173932 0.606970 137.000000 129.000000 120.000000
0.116089 -0.175293 0.612030 140.000000 133.000000 122.000000
0.137956 -0.177806 0.621460 140.000000 133.000000 124.000000
0.148691 -0.178566 0.624450 141.000000 134.000000 123.000000
0.160449 -0.180377 0.631120 140.000000 130.000000 119.000000
0.207450 -0.185735 0.651130 137.000000 129.000000 118.000000
0.219083 -0.186646 0.654580 139.000000 126.000000 119.000000
0.232287 -0.188748 0.662170 134.000000 123.000000 118.000000
0.245664 -0.190797 0.669530 141.000000 131.000000 121.000000
0.270803 -0.193238 0.678270 137.000000 127.000000 117.000000
0.284298 -0.194948 0.684250 134.000000 127.000000 116.000000
0.298029 -0.196683 0.690230 140.000000 128.000000 118.000000
0.311284 -0.197988 0.694600 138.000000 129.000000 116.000000
0.325066 -0.199523 0.699660 134.000000 127.000000 118.000000
0.338870 -0.200965 0.704260 140.000000 125.000000 119.000000
-0.235500 -0.124651 0.462300 163.000000 156.000000 158.000000
-0.229107 -0.125279 0.465060 162.000000 156.000000 149.000000
-0.222797 -0.125996 0.468050 153.000000 150.000000 144.000000
-0.216549 -0.126798 0.471270 158.000000 154.000000 149.000000
-0.209630 -0.127250 0.473110 150.000000 151.000000 144.000000
-0.203180 -0.128030 0.476100 155.000000 150.000000 147.000000
-0.196381 -0.128642 0.478400 155.000000 149.000000 146.000000
-0.183063 -0.130219 0.484150 158.000000 147.000000 144.000000
-0.176081 -0.130871 0.486450 160.000000 146.000000 144.000000
-0.169752 -0.132090 0.490820 154.000000 146.000000 140.000000
-0.162986 -0.133072 0.494270 153.000000 145.000000 139.000000
-0.141254 -0.135313 0.501860 151.000000 143.000000 134.000000
-0.134269 -0.136504 0.506000 152.000000 144.000000 137.000000
-0.088541 -0.142308 0.525780 144.000000 140.000000 128.000000
-0.055695 -0.146044 0.538660 137.000000 135.000000 129.000000
-0.047380 -0.147525 0.543950 144.000000 135.000000 131.000000
-0.038756 -0.148501 0.547400 145.000000 137.000000 128.000000
-0.029912 -0.148969 0.549010 139.000000 137.000000 126.000000
-0.021100 -0.150054 0.552920 143.000000 133.000000 123.000000
-0.012171 -0.151317 0.557520 137.000000 135.000000 122.000000
-0.003087 -0.152384 0.561430 141.000000 134.000000 125.000000
0.006131 -0.153567 0.565800 139.000000 133.000000 124.000000
0.015464 -0.154492 0.569250 143.000000 135.000000 124.000000
0.034570 -0.156811 0.577990 133.000000 126.000000 115.000000
0.044188 -0.157458 0.580520 136.000000 133.000000 123.000000
0.074266 -0.161030 0.594320 137.000000 129.000000 120.000000
0.084506 -0.162080 0.598460 134.000000 129.000000 119.000000
0.116136 -0.165438 0.611800 138.000000 131.000000 119.000000
0.127638 -0.167458 0.619620 136.000000 131.000000 121.000000
0.160195 -0.169896 0.629740 136.000000 128.000000 117.000000
0.172075 -0.171534 0.636180 134.000000 129.000000 119.000000
0.183693 -0.172740 0.641010 139.000000 127.000000 115.000000
0.195531 -0.174010 0.646070 134.000000 129.000000 119.000000
0.207017 -0.174852 0.649520 134.000000 129.000000 117.000000
0.219155 -0.176134 0.654580 135.000000 130.000000 118.000000
0.231944 -0.177796 0.661020 135.000000 130.000000 120.000000
0.245205 -0.179655 0.668150 129.000000 124.000000 112.000000
0.257477 -0.180661 0.672060 135.000000 125.000000 117.000000
0.270356 -0.181992 0.677120 136.000000 129.000000 115.000000
0.283715 -0.183528 0.682870 135.000000 125.000000 115.000000
-0.235381 -0.117104 0.462300 142.000000 160.000000 152.000000
-0.215658 -0.118693 0.469430 152.000000 155.000000 150.000000
-0.209196 -0.119361 0.472190 161.000000 155.000000 148.000000
-0.202778 -0.120105 0.475180 161.000000 153.000000 149.000000
-0.196292 -0.120865 0.478170 162.000000 151.000000 146.000000
-0.176123 -0.123045 0.486450 154.000000 147.000000 145.000000
-0.169405 -0.123909 0.489670 153.000000 146.000000 144.000000
-0.162741 -0.124898 0.493350 148.000000 144.000000 140.000000
-0.127051 -0.129342 0.509450 151.000000 142.000000 138.000000
-0.119584 -0.130240 0.512670 149.000000 145.000000 141.000000
-0.080042 -0.133892 0.525550 142.000000 142.000000 133.000000
-0.055460 -0.136707 0.535900 138.000000 137.000000 128.000000
-0.047083 -0.137810 0.540040 142.000000 139.000000 128.000000
-0.038693 -0.139376 0.546020 142.000000 137.000000 127.000000
-0.021040 -0.140664 0.550850 137.000000 132.000000 125.000000
-0.003081 -0.143034 0.560050 135.000000 131.000000 123.000000
0.034426 -0.146785 0.575000 135.000000 130.000000 120.000000
0.044179 -0.147979 0.579830 138.000000 135.000000 127.000000
0.053955 -0.148811 0.583280 137.000000 129.000000 122.000000
0.063885 -0.149753 0.587190 137.000000 131.000000 127.000000
0.074219 -0.151272 0.593400 139.000000 131.000000 125.000000
0.084386 -0.152138 0.597080 136.000000 131.000000 123.000000
0.115878 -0.155166 0.609960 138.000000 131.000000 117.000000
0.138048 -0.157781 0.621000 137.000000 127.000000 117.000000
0.148668 -0.158324 0.623530 137.000000 129.000000 118.000000
0.160061 -0.159566 0.628820 137.000000 129.000000 118.000000
0.171551 -0.160749 0.633880 137.000000 129.000000 120.000000
0.206297 -0.163785 0.646990 132.000000 125.000000 114.000000
0.219233 -0.165621 0.654580 133.000000 128.000000 116.000000
0.256902 -0.169435 0.670450 133.000000 122.000000 116.000000
0.268729 -0.170035 0.672980 141.000000 129.000000 117.000000
0.280759 -0.170710 0.675740 134.000000 128.000000 112.000000
0.294502 -0.172334 0.682180 135.000000 130.000000 120.000000
0.308498 -0.173982 0.688620 130.000000 127.000000 117.000000
0.322012 -0.175250 0.693450 135.000000 126.000000 113.000000
0.336857 -0.177131 0.700580 137.000000 119.000000 119.000000
-0.215520 -0.111038 0.469200 159.000000 155.000000 152.000000
-0.208977 -0.111619 0.471730 162.000000 154.000000 150.000000
-0.202190 -0.112107 0.473800 156.000000 154.000000 155.000000
-0.195552 -0.112717 0.476330 155.000000 150.000000 149.000000
-0.189125 -0.113504 0.479550 161.000000 153.000000 149.000000
-0.169063 -0.115763 0.488520 148.000000 149.000000 144.000000
-0.162424 -0.116696 0.492200 152.000000 148.000000 145.000000
-0.155235 -0.117308 0.494500 146.000000 142.000000 139.000000
-0.126844 -0.120889 0.508300 151.000000 146.000000 139.000000
-0.095978 -0.123776 0.519110 146.000000 140.000000 133.000000
-0.087946 -0.124397 0.521410 149.000000 145.000000 141.000000
-0.080074 -0.125399 0.525320 140.000000 139.000000 132.000000
-0.047085 -0.129027 0.539580 142.000000 139.000000 128.000000
-0.038517 -0.129891 0.543030 139.000000 133.000000 126.000000
-0.029930 -0.131188 0.548320 142.000000 136.000000 129.000000
-0.021138 -0.132312 0.552920 137.000000 132.000000 123.000000
-0.003054 -0.132828 0.554990 136.000000 133.000000 125.000000
0.006118 -0.134807 0.563270 137.000000 136.000000 127.000000
0.015466 -0.135951 0.568100 136.000000 133.000000 123.000000
0.024939 -0.136921 0.572240 134.000000 130.000000 122.000000
0.054071 -0.139610 0.583970 136.000000 131.000000 123.000000
0.063844 -0.140105 0.586270 136.000000 131.000000 121.000000
0.095249 -0.144122 0.603980 136.000000 131.000000 121.000000
0.126502 -0.146049 0.613180 135.000000 130.000000 120.000000
0.137482 -0.147102 0.618010 136.000000 132.000000 127.000000
0.160162 -0.149473 0.628820 136.000000 126.000000 118.000000
0.171216 -0.150192 0.632270 137.000000 129.000000 120.000000
0.193908 -0.151850 0.640090 134.000000 127.000000 118.000000
0.205506 -0.152738 0.644230 132.000000 126.000000 117.000000
0.218469 -0.154503 0.652050 136.000000 129.000000 115.000000
0.231927 -0.156437 0.660560 138.000000 129.000000 116.000000
0.256954 -0.158644 0.670450 134.000000 122.000000 110.000000
0.295791 -0.162029 0.685170 131.000000 126.000000 114.000000
0.309503 -0.163395 0.690920 132.000000 130.000000 115.000000
-0.234733 -0.101853 0.461380 162.000000 157.000000 156.000000
-0.228090 -0.102247 0.463450 158.000000 156.000000 150.000000
-0.208871 -0.103947 0.471500 158.000000 156.000000 152.000000
-0.201709 -0.104207 0.472650 161.000000 154.000000 152.000000
-0.195479 -0.104987 0.476100 155.000000 156.000000 149.000000
-0.182392 -0.106376 0.482080 157.000000 151.000000 148.000000
-0.168803 -0.107701 0.487600 157.000000 151.000000 148.000000
-0.162109 -0.108526 0.491050 154.000000 148.000000 143.000000
-0.155304 -0.109357 0.494500 153.000000 147.000000 142.000000
-0.148385 -0.110192 0.497950 155.000000 150.000000 147.000000
-0.095924 -0.115274 0.518420 149.000000 145.000000 139.000000
-0.088016 -0.116011 0.521410 148.000000 142.000000 135.000000
-0.080175 -0.116999 0.525550 142.000000 141.000000 137.000000
-0.072218 -0.118036 0.529920 142.000000 141.000000 137.000000
-0.055677 -0.119734 0.537050 141.000000 137.000000 133.000000
-0.038617 -0.121356 0.543950 144.000000 138.000000 134.000000
-0.021104 -0.123103 0.551540 137.000000 134.000000 126.000000
0.006120 -0.125636 0.562810 128.000000 127.000000 121.000000
0.024924 -0.127504 0.571320 136.000000 133.000000 125.000000
0.054143 -0.130264 0.584200 136.000000 132.000000 129.000000
0.063802 -0.130466 0.585350 134.000000 130.000000 124.000000
0.116148 -0.135670 0.610420 133.000000 127.000000 120.000000
0.126786 -0.136396 0.614100 135.000000 129.000000 124.000000
0.137989 -0.137577 0.619850 134.000000 134.000000 123.000000
0.170569 -0.139419 0.629510 136.000000 126.000000 118.000000
0.205965 -0.142637 0.645380 134.000000 127.000000 118.000000
0.218401 -0.143918 0.651590 134.000000 127.000000 116.000000
0.243285 -0.146143 0.662400 142.000000 132.000000 122.000000
0.256924 -0.147801 0.670220 123.000000 112.000000 109.000000
0.269177 -0.148557 0.673900 132.000000 127.000000 115.000000
0.310625 -0.152793 0.693450 133.000000 126.000000 117.000000
0.325768 -0.154634 0.701730 133.000000 126.000000 113.000000
0.337705 -0.154877 0.702650 132.000000 127.000000 115.000000
-0.234433 -0.094267 0.460920 156.000000 154.000000 155.000000
-0.227931 -0.094688 0.463220 169.000000 162.000000 160.000000
-0.221517 -0.095174 0.465750 164.000000 157.000000 157.000000
-0.214854 -0.095582 0.467820 167.000000 159.000000 153.000000
-0.208466 -0.096146 0.470580 160.000000 154.000000 149.000000
-0.202117 -0.096770 0.473570 164.000000 157.000000 157.000000
-0.195506 -0.097311 0.476100 156.000000 155.000000 151.000000
-0.188832 -0.097863 0.478630 157.000000 153.000000 150.000000
-0.182352 -0.098565 0.481850 157.000000 152.000000 152.000000
-0.105349 -0.059499 0.290720 153.000000 146.000000 144.000000
-0.161795 -0.100386 0.489900 155.000000 151.000000 145.000000
-0.155302 -0.101351 0.494270 152.000000 150.000000 148.000000
-0.133602 -0.103227 0.502320 158.000000 147.000000 146.000000
-0.118102 -0.103996 0.505310 158.000000 153.000000 144.000000
-0.072152 -0.109302 0.529000 146.000000 140.000000 135.000000
-0.064079 -0.110309 0.533600 144.000000 142.000000 138.000000
-0.029933 -0.113325 0.547400 139.000000 137.000000 133.000000
-0.003077 -0.115653 0.558440 141.000000 133.000000 129.000000
0.006120 -0.116412 0.562120 139.000000 133.000000 126.000000
0.073725 -0.121491 0.587880 135.000000 130.000000 122.000000
0.094536 -0.123536 0.598460 132.000000 126.000000 117.000000
0.105417 -0.124833 0.605130 137.000000 129.000000 122.000000
0.148692 -0.128021 0.622380 133.000000 128.000000 118.000000
0.159483 -0.128538 0.625370 137.000000 129.000000 122.000000
0.170544 -0.129195 0.629050 136.000000 128.000000 119.000000
0.182239 -0.130229 0.634570 140.000000 129.000000 121.000000
0.194170 -0.131311 0.640320 135.000000 130.000000 120.000000
0.205765 -0.132065 0.644460 137.000000 127.000000 121.000000
0.230553 -0.134290 0.656190 139.000000 131.000000 123.000000
0.243274 -0.135435 0.662170 136.000000 128.000000 119.000000
0.256547 -0.136775 0.669070 132.000000 119.000000 105.000000
0.282564 -0.138877 0.679880 131.000000 125.000000 118.000000
0.295524 -0.139783 0.684480 135.000000 125.000000 115.000000
0.308669 -0.140706 0.689080 138.000000 129.000000 116.000000
0.335890 -0.142756 0.698970 131.000000 126.000000 114.000000
-0.233912 -0.086618 0.460000 168.000000 161.000000 159.000000
-0.226425 -0.086624 0.460230 164.000000 159.000000 159.000000
-0.221280 -0.087554 0.465290 157.000000 158.000000 155.000000
-0.214533 -0.087894 0.467130 163.000000 157.000000 154.000000
-0.196010 -0.089851 0.477250 155.000000 156.000000 151.000000
-0.188873 -0.090148 0.478630 160.000000 158.000000 156.000000
-0.182139 -0.090671 0.481160 159.000000 157.000000 155.000000
-0.175832 -0.091460 0.485070 158.000000 154.000000 153.000000
-0.161558 -0.092320 0.488980 160.000000 149.000000 150.000000
-0.154939 -0.093127 0.492890 157.000000 148.000000 144.000000
-0.148189 -0.093937 0.496800 152.000000 148.000000 145.000000
-0.118070 -0.095759 0.504850 159.000000 140.000000 85.000000
-0.110411 -0.096270 0.507150 137.000000 103.000000 47.000000
-0.096108 -0.098597 0.518650 142.000000 143.000000 138.000000
-0.072084 -0.100581 0.528080 142.000000 141.000000 137.000000
-0.063882 -0.101292 0.531530 148.000000 144.000000 140.000000
-0.047107 -0.102697 0.538430 145.000000 142.000000 134.000000
-0.021078 -0.104977 0.549930 139.000000 136.000000 130.000000
0.015394 -0.107618 0.563730 138.000000 137.000000 130.000000
0.024861 -0.108565 0.568790 137.000000 134.000000 124.000000
0.034434 -0.109328 0.572930 137.000000 134.000000 126.000000
0.115490 -0.115158 0.606050 134.000000 131.000000 120.000000
0.126066 -0.115770 0.609730 134.000000 130.000000 115.000000
0.148403 -0.117682 0.620770 138.000000 129.000000 118.000000
0.170392 -0.118885 0.628130 135.000000 130.000000 120.000000
0.193708 -0.120650 0.638480 139.000000 133.000000 124.000000
0.244025 -0.125118 0.664010 131.000000 121.000000 115.000000
0.255291 -0.125349 0.665620 133.000000 122.000000 116.000000
0.267906 -0.126196 0.670450 139.000000 127.000000 115.000000
0.281173 -0.127269 0.676430 131.000000 129.000000 116.000000
0.294460 -0.128269 0.681950 134.000000 127.000000 118.000000
0.308268 -0.129413 0.688160 134.000000 122.000000 112.000000
0.322322 -0.130575 0.694370 136.000000 124.000000 119.000000
0.336412 -0.131670 0.700120 125.000000 126.000000 119.000000
-0.233754 -0.079124 0.459770 164.000000 159.000000 159.000000
-0.226740 -0.079294 0.460920 168.000000 166.000000 162.000000
-0.220832 -0.079874 0.464370 165.000000 162.000000 163.000000
-0.195289 -0.081837 0.475410 155.000000 153.000000 154.000000
-0.188825 -0.082391 0.478400 159.000000 155.000000 154.000000
-0.182101 -0.082874 0.480930 164.000000 155.000000 153.000000
-0.175471 -0.083442 0.483920 157.000000 153.000000 150.000000
-0.168587 -0.083936 0.486450 154.000000 152.000000 150.000000
-0.154718 -0.085018 0.491970 153.000000 151.000000 149.000000
-0.148261 -0.085922 0.496800 154.000000 153.000000 146.000000
-0.110933 -0.088434 0.509220 139.000000 137.000000 135.000000
-0.095834 -0.089889 0.516810 133.000000 137.000000 131.000000
-0.071825 -0.091631 0.525780 151.000000 152.000000 149.000000
-0.047044 -0.093773 0.537280 144.000000 145.000000 140.000000
0.024843 -0.099185 0.567870 141.000000 137.000000 131.000000
0.034326 -0.099642 0.570630 137.000000 135.000000 129.000000
0.044032 -0.100412 0.575230 133.000000 132.000000 125.000000
0.053858 -0.101134 0.579600 136.000000 130.000000 125.000000
0.063942 -0.102049 0.585120 134.000000 131.000000 120.000000
0.074395 -0.103238 0.592250 133.000000 132.000000 123.000000
0.084676 -0.103938 0.596620 136.000000 130.000000 125.000000
0.104573 -0.104278 0.599380 133.000000 128.000000 116.000000
0.115090 -0.104920 0.603520 131.000000 130.000000 121.000000
0.148771 -0.107858 0.621920 137.000000 132.000000 125.000000
0.159381 -0.108165 0.624220 137.000000 129.000000 120.000000
0.170174 -0.108550 0.626980 136.000000 128.000000 119.000000
0.205139 -0.110860 0.641930 131.000000 128.000000 120.000000
0.243425 -0.114101 0.662170 129.000000 124.000000 112.000000
0.255006 -0.114464 0.664700 134.000000 122.000000 112.000000
0.280551 -0.116088 0.674820 138.000000 129.000000 116.000000
0.294196 -0.117152 0.681260 127.000000 124.000000 113.000000
0.307463 -0.117993 0.686320 132.000000 124.000000 118.000000
-0.233255 -0.071536 0.458850 158.000000 160.000000 161.000000
-0.226950 -0.071910 0.461380 162.000000 160.000000 161.000000
-0.220719 -0.072333 0.464140 160.000000 156.000000 153.000000
-0.194663 -0.073916 0.473800 162.000000 157.000000 156.000000
-0.188141 -0.074387 0.476560 160.000000 156.000000 155.000000
-0.181280 -0.074756 0.478630 159.000000 159.000000 161.000000
-0.168248 -0.075907 0.485300 158.000000 153.000000 155.000000
-0.147574 -0.077501 0.494270 150.000000 152.000000 151.000000
-0.140606 -0.078110 0.497720 153.000000 151.000000 149.000000
-0.133149 -0.078503 0.499790 152.000000 153.000000 148.000000
-0.110801 -0.080046 0.508300 133.000000 136.000000 135.000000
-0.103263 -0.080655 0.511750 133.000000 132.000000 137.000000
-0.038269 -0.085081 0.537280 148.000000 148.000000 146.000000
-0.003057 -0.087802 0.554070 144.000000 145.000000 140.000000
0.024824 -0.089815 0.566950 140.000000 139.000000 132.000000
0.034423 -0.090556 0.571780 137.000000 131.000000 129.000000
0.084118 -0.093572 0.592250 137.000000 132.000000 125.000000
0.115167 -0.095146 0.603520 132.000000 126.000000 117.000000
0.125757 -0.095684 0.607430 136.000000 130.000000 125.000000
0.136815 -0.096473 0.612950 134.000000 129.000000 117.000000
0.148308 -0.097438 0.619620 135.000000 130.000000 120.000000
0.159235 -0.097930 0.623300 134.000000 130.000000 124.000000
0.169889 -0.098203 0.625600 132.000000 129.000000 123.000000
0.193192 -0.099687 0.636180 139.000000 131.000000 125.000000
0.205006 -0.100393 0.641240 137.000000 129.000000 122.000000
0.216897 -0.101064 0.646070 137.000000 129.000000 120.000000
0.230070 -0.102242 0.654120 133.000000 128.000000 118.000000
0.254103 -0.103352 0.662170 133.000000 126.000000 113.000000
0.281079 -0.105385 0.675970 133.000000 128.000000 107.000000
0.306560 -0.106596 0.684250 128.000000 124.000000 116.000000
0.321158 -0.107759 0.691840 131.000000 123.000000 116.000000
0.337378 -0.109367 0.702190 131.000000 125.000000 106.000000
-0.226827 -0.064417 0.461150 167.000000 165.000000 163.000000
-0.220830 -0.064866 0.464370 170.000000 165.000000 164.000000
-0.214345 -0.065195 0.466670 164.000000 159.000000 161.000000
-0.207918 -0.065567 0.469200 152.000000 159.000000 159.000000
-0.188093 -0.066662 0.476330 162.000000 160.000000 161.000000
-0.181241 -0.066997 0.478400 154.000000 151.000000 155.000000
-0.174995 -0.067595 0.482310 160.000000 158.000000 158.000000
-0.161290 -0.068448 0.487600 153.000000 151.000000 147.000000
-0.133276 -0.070445 0.500020 152.000000 154.000000 154.000000
-0.103047 -0.072158 0.510370 133.000000 135.000000 139.000000
-0.063275 -0.074535 0.525320 119.000000 125.000000 127.000000
-0.055035 -0.075065 0.528770 116.000000 123.000000 123.000000
-0.046710 -0.075655 0.532680 121.000000 125.000000 129.000000
-0.020905 -0.077359 0.544180 127.000000 127.000000 127.000000
0.024682 -0.080063 0.563270 141.000000 141.000000 139.000000
0.034256 -0.080793 0.568560 138.000000 141.000000 136.000000
0.053919 -0.082264 0.579370 132.000000 135.000000 130.000000
0.073781 -0.083187 0.586500 134.000000 133.000000 129.000000
0.083980 -0.083753 0.590870 136.000000 130.000000 125.000000
0.125834 -0.085835 0.607430 135.000000 129.000000 124.000000
0.170224 -0.088211 0.626520 132.000000 131.000000 122.000000
0.181614 -0.088775 0.631120 132.000000 130.000000 119.000000
0.193207 -0.089372 0.635950 134.000000 131.000000 120.000000
0.204795 -0.089904 0.640320 134.000000 133.000000 127.000000
0.229096 -0.091264 0.651130 133.000000 127.000000 120.000000
0.241543 -0.091964 0.656650 139.000000 131.000000 123.000000
0.253463 -0.092410 0.660330 138.000000 129.000000 116.000000
0.265877 -0.092992 0.664930 133.000000 126.000000 115.000000
0.293878 -0.095045 0.680340 134.000000 128.000000 121.000000
0.320212 -0.096301 0.689770 137.000000 129.000000 118.000000
-0.226370 -0.056848 0.460230 161.000000 166.000000 162.000000
-0.219851 -0.057107 0.462300 164.000000 164.000000 164.000000
-0.213620 -0.057459 0.465060 161.000000 161.000000 161.000000
-0.175129 -0.059830 0.482540 160.000000 157.000000 160.000000
-0.168040 -0.060109 0.484380 154.000000 153.000000 156.000000
-0.133093 -0.062225 0.499100 149.000000 149.000000 147.000000
-0.054855 -0.066187 0.526700 111.000000 121.000000 118.000000
-0.003038 -0.069249 0.550160 112.000000 117.000000 115.000000
0.024599 -0.070586 0.560970 126.000000 131.000000 129.000000
0.083739 -0.073875 0.588800 133.000000 134.000000 127.000000
0.104536 -0.074917 0.598000 135.000000 131.000000 128.000000
0.125666 -0.075825 0.606280 140.000000 134.000000 127.000000
0.136660 -0.076417 0.611570 135.000000 129.000000 124.000000
0.147641 -0.076920 0.616170 137.000000 132.000000 125.000000
0.181230 -0.078357 0.629510 134.000000 128.000000 121.000000
0.204505 -0.079406 0.639170 137.000000 132.000000 125.000000
0.216281 -0.079903 0.643770 136.000000 131.000000 123.000000
0.253085 -0.081607 0.659180 136.000000 124.000000 115.000000
0.265474 -0.082117 0.663780 129.000000 126.000000 116.000000
0.305487 -0.084199 0.681720 132.000000 127.000000 115.000000
0.317669 -0.084484 0.684250 137.000000 127.000000 119.000000
0.333074 -0.085577 0.693220 129.000000 119.000000 109.000000
-0.219313 -0.049513 0.461150 166.000000 163.000000 164.000000
-0.213002 -0.049798 0.463680 160.000000 162.000000 164.000000
-0.206944 -0.050164 0.466900 160.000000 162.000000 166.000000
-0.200511 -0.050463 0.469430 165.000000 165.000000 167.000000
-0.174675 -0.051878 0.481160 158.000000 160.000000 159.000000
-0.167612 -0.052123 0.483000 156.000000 158.000000 157.000000
-0.132966 -0.054050 0.498410 155.000000 155.000000 153.000000
-0.125393 -0.054304 0.500250 158.000000 159.000000 168.000000
-0.094952 -0.055658 0.510830 117.000000 124.000000 126.000000
-0.079401 -0.056525 0.517960 108.000000 117.000000 118.000000
-0.054791 -0.057488 0.525780 103.000000 107.000000 110.000000
-0.003032 -0.060104 0.548780 100.000000 105.000000 106.000000
0.053325 -0.062582 0.572240 110.000000 117.000000 117.000000
0.063112 -0.062950 0.575920 126.000000 126.000000 124.000000
0.073265 -0.063540 0.581670 135.000000 136.000000 131.000000
0.083657 -0.064174 0.587880 133.000000 136.000000 133.000000
0.104191 -0.064927 0.595700 137.000000 135.000000 131.000000
0.158292 -0.067118 0.618700 133.000000 132.000000 125.000000
0.169125 -0.067399 0.621920 137.000000 132.000000 125.000000
0.180574 -0.067878 0.626980 135.000000 131.000000 125.000000
0.204724 -0.069108 0.639630 130.000000 132.000000 124.000000
0.216351 -0.069487 0.643770 140.000000 129.000000 125.000000
0.228427 -0.069967 0.648830 138.000000 130.000000 123.000000
0.252616 -0.070810 0.657800 128.000000 129.000000 122.000000
0.265069 -0.071274 0.662630 133.000000 126.000000 117.000000
0.292967 -0.072835 0.678040 126.000000 128.000000 116.000000
0.305107 -0.073095 0.680800 134.000000 127.000000 116.000000
0.317371 -0.073363 0.683560 132.000000 126.000000 117.000000
0.331758 -0.074085 0.690460 134.000000 126.000000 120.000000
-0.213019 -0.042307 0.463680 166.000000 168.000000 168.000000
-0.206764 -0.042579 0.466440 164.000000 164.000000 164.000000
-0.193007 -0.042907 0.469430 160.000000 163.000000 162.000000
-0.174301 -0.043985 0.480010 161.000000 159.000000 159.000000
-0.167258 -0.044196 0.481850 159.000000 159.000000 161.000000
-0.160305 -0.044452 0.484150 155.000000 154.000000 161.000000
-0.094739 -0.047200 0.509450 124.000000 133.000000 132.000000
-0.079158 -0.047897 0.516120 109.000000 116.000000 116.000000
-0.054700 -0.048783 0.524630 113.000000 119.000000 122.000000
-0.046490 -0.049236 0.529230 112.000000 116.000000 119.000000
-0.038020 -0.049557 0.532450 94.000000 102.000000 108.000000
-0.003029 -0.051054 0.548090 61.000000 65.000000 66.000000
0.006032 -0.051288 0.550620 49.000000 54.000000 52.000000
0.033974 -0.052391 0.562810 100.000000 101.000000 107.000000
0.103880 -0.055018 0.593630 113.000000 118.000000 118.000000
0.114587 -0.055481 0.599150 128.000000 131.000000 125.000000
0.147000 -0.056592 0.612950 134.000000 133.000000 129.000000
0.192025 -0.058045 0.631350 134.000000 128.000000 121.000000
0.227517 -0.059214 0.646070 133.000000 127.000000 120.000000
0.252494 -0.060134 0.657340 135.000000 131.000000 116.000000
0.278405 -0.061108 0.669070 136.000000 131.000000 121.000000
0.305552 -0.062185 0.681720 132.000000 126.000000 117.000000
0.319424 -0.062723 0.687930 129.000000 126.000000 118.000000
-0.231565 -0.034180 0.455630 167.000000 169.000000 173.000000
-0.212931 -0.034796 0.463450 167.000000 164.000000 167.000000
-0.206480 -0.034989 0.465750 157.000000 160.000000 156.000000
-0.199485 -0.035099 0.466900 166.000000 168.000000 168.000000
-0.193415 -0.035385 0.470350 162.000000 161.000000 166.000000
-0.167299 -0.036388 0.481850 156.000000 158.000000 157.000000
-0.160652 -0.036670 0.485070 154.000000 153.000000 156.000000
-0.124910 -0.037851 0.497950 163.000000 164.000000 168.000000
-0.094564 -0.038793 0.508300 122.000000 130.000000 134.000000
-0.070912 -0.039576 0.517270 103.000000 107.000000 110.000000
-0.046512 -0.040565 0.529230 78.000000 85.000000 83.000000
-0.003015 -0.041853 0.545330 36.000000 41.000000 40.000000
0.043569 -0.043466 0.566950 83.000000 85.000000 87.000000
0.053144 -0.043656 0.569710 107.000000 108.000000 103.000000
0.072932 -0.044271 0.578450 102.000000 107.000000 103.000000
0.083377 -0.044766 0.585350 101.000000 103.000000 104.000000
0.093665 -0.045081 0.589950 99.000000 101.000000 100.000000
0.168746 -0.047050 0.620080 137.000000 134.000000 126.000000
0.179968 -0.047328 0.624450 140.000000 107.000000 41.000000
0.191173 -0.047571 0.628360 134.000000 129.000000 108.000000
0.204331 -0.048249 0.638020 132.000000 129.000000 121.000000
0.227248 -0.048682 0.645150 132.000000 131.000000 122.000000
0.253163 -0.049623 0.658950 133.000000 128.000000 118.000000
0.265351 -0.049889 0.663090 136.000000 127.000000 125.000000
0.277778 -0.050175 0.667460 131.000000 123.000000 116.000000
-0.206501 -0.027459 0.465750 166.000000 166.000000 166.000000
-0.200296 -0.027657 0.468740 165.000000 157.000000 167.000000
-0.193537 -0.027790 0.470580 166.000000 168.000000 170.000000
-0.160612 -0.028785 0.484840 157.000000 161.000000 165.000000
-0.124659 -0.029668 0.496800 160.000000 163.000000 169.000000
-0.086707 -0.030651 0.510600 107.000000 119.000000 126.000000
-0.046246 -0.031690 0.526010 57.000000 61.000000 69.000000
-0.037987 -0.032037 0.531530 47.000000 56.000000 56.000000
-0.029360 -0.032188 0.533830 47.000000 49.000000 51.000000
-0.003018 -0.032926 0.545790 49.000000 57.000000 48.000000
0.006016 -0.033092 0.548550 49.000000 60.000000 54.000000
0.015183 -0.033351 0.552920 55.000000 63.000000 55.000000
0.053230 -0.034354 0.570400 62.000000 66.000000 69.000000
0.093298 -0.035276 0.587420 98.000000 103.000000 101.000000
0.103518 -0.035465 0.591100 103.000000 108.000000 104.000000
0.114058 -0.035720 0.595930 106.000000 111.000000 107.000000
0.125116 -0.036082 0.602600 108.000000 108.000000 108.000000
0.146328 -0.036429 0.609730 108.000000 110.000000 109.000000
0.191712 -0.037460 0.629970 130.000000 129.000000 120.000000
0.203791 -0.037784 0.636180 131.000000 123.000000 116.000000
0.215824 -0.038067 0.641700 138.000000 130.000000 121.000000
0.238617 -0.038348 0.647910 136.000000 133.000000 125.000000
0.276571 -0.039208 0.664470 131.000000 128.000000 120.000000
0.316162 -0.040079 0.680800 129.000000 124.000000 114.000000
0.329929 -0.040396 0.686550 127.000000 128.000000 119.000000
-0.231341 -0.019422 0.455170 170.000000 175.000000 175.000000
-0.199728 -0.020015 0.467360 166.000000 166.000000 168.000000
-0.193466 -0.020164 0.470350 166.000000 168.000000 172.000000
-0.187210 -0.020325 0.473570 168.000000 168.000000 168.000000
-0.153382 -0.021009 0.486450 156.000000 162.000000 167.000000
-0.116879 -0.021633 0.497720 86.000000 90.000000 96.000000
-0.070676 -0.022532 0.515200 70.000000 80.000000 86.000000
-0.046139 -0.022991 0.524630 67.000000 76.000000 77.000000
-0.037950 -0.023275 0.530840 56.000000 66.000000 65.000000
0.015188 -0.024262 0.552920 59.000000 68.000000 65.000000
0.033989 -0.024662 0.562350 63.000000 70.000000 66.000000
0.082942 -0.025437 0.581900 96.000000 104.000000 101.000000
0.092814 -0.025514 0.584200 98.000000 103.000000 101.000000
0.103225 -0.025710 0.589260 104.000000 109.000000 107.000000
0.113649 -0.025874 0.593630 103.000000 110.000000 110.000000
0.124720 -0.026145 0.600530 109.000000 111.000000 111.000000
0.157261 -0.026629 0.613870 108.000000 110.000000 109.000000
0.168395 -0.026794 0.618470 113.000000 113.000000 111.000000
0.179791 -0.026978 0.623530 120.000000 116.000000 112.000000
0.191683 -0.027211 0.629740 129.000000 130.000000 125.000000
0.203316 -0.027383 0.634570 131.000000 130.000000 123.000000
0.237639 -0.027732 0.645150 134.000000 127.000000 118.000000
0.251123 -0.028053 0.653430 134.000000 127.000000 118.000000
0.276892 -0.028492 0.665160 131.000000 125.000000 118.000000
0.289431 -0.028649 0.669530 129.000000 130.000000 123.000000
0.329395 -0.029254 0.685400 131.000000 123.000000 116.000000
-0.230765 -0.012030 0.454020 166.000000 173.000000 173.000000
-0.224598 -0.012107 0.456550 160.000000 169.000000 170.000000
-0.218391 -0.012187 0.459080 163.000000 170.000000 170.000000
-0.212452 -0.012286 0.462300 168.000000 172.000000 173.000000
-0.193013 -0.012519 0.469200 162.000000 161.000000 166.000000
-0.146016 -0.013157 0.487830 156.000000 160.000000 168.000000
-0.116739 -0.013485 0.497030 97.000000 100.000000 110.000000
-0.078661 -0.013982 0.512210 98.000000 104.000000 108.000000
-0.070502 -0.014040 0.513820 115.000000 127.000000 127.000000
-0.029363 -0.014630 0.533600 42.000000 49.000000 47.000000
0.015161 -0.015135 0.551770 80.000000 89.000000 86.000000
0.024475 -0.015263 0.556600 80.000000 87.000000 85.000000
0.062856 -0.015663 0.572470 51.000000 63.000000 61.000000
0.072970 -0.015807 0.578220 94.000000 95.000000 90.000000
0.092835 -0.015939 0.584200 88.000000 96.000000 89.000000
0.103328 -0.016071 0.589720 97.000000 108.000000 107.000000
0.113894 -0.016190 0.594780 109.000000 113.000000 112.000000
0.124889 -0.016344 0.601220 106.000000 111.000000 107.000000
0.135660 -0.016447 0.605820 110.000000 113.000000 112.000000
0.146393 -0.016530 0.609730 109.000000 112.000000 109.000000
0.157054 -0.016593 0.612950 108.000000 110.000000 109.000000
0.167799 -0.016655 0.616170 109.000000 114.000000 110.000000
0.202905 -0.017035 0.633190 135.000000 130.000000 122.000000
0.215122 -0.017175 0.639400 128.000000 129.000000 122.000000
0.238093 -0.017306 0.646300 137.000000 129.000000 122.000000
0.249916 -0.017383 0.650210 132.000000 126.000000 121.000000
0.290552 -0.017890 0.672060 129.000000 123.000000 119.000000
0.302778 -0.017952 0.675280 130.000000 131.000000 126.000000
0.316207 -0.018076 0.680800 134.000000 126.000000 120.000000
0.328751 -0.018141 0.684020 128.000000 128.000000 119.000000
-0.230191 -0.004673 0.452870 170.000000 172.000000 173.000000
-0.224497 -0.004721 0.456320 166.000000 168.000000 170.000000
-0.192934 -0.004919 0.468970 161.000000 163.000000 169.000000
-0.145964 -0.005212 0.487600 159.000000 165.000000 172.000000
-0.124151 -0.005324 0.494500 154.000000 164.000000 172.000000
-0.078390 -0.005558 0.510370 109.000000 122.000000 127.000000
-0.062396 -0.005639 0.516350 114.000000 125.000000 130.000000
0.072865 -0.006301 0.577300 39.000000 46.000000 46.000000
0.083170 -0.006357 0.583280 87.000000 94.000000 94.000000
0.167569 -0.006601 0.615250 110.000000 113.000000 112.000000
0.191106 -0.006701 0.627670 131.000000 129.000000 125.000000
0.202485 -0.006727 0.631810 134.000000 131.000000 120.000000
0.214680 -0.006776 0.638020 128.000000 129.000000 124.000000
0.226659 -0.006811 0.643080 135.000000 129.000000 124.000000
0.248877 -0.006819 0.647450 134.000000 124.000000 116.000000
0.263823 -0.006921 0.658950 131.000000 125.000000 118.000000
0.278761 -0.007013 0.669530 129.000000 123.000000 121.000000
0.291667 -0.007046 0.674590 128.000000 122.000000 117.000000
0.303212 -0.007043 0.676200 134.000000 130.000000 126.000000
0.328991 -0.007090 0.684480 124.000000 121.000000 111.000000
-0.229503 0.002646 0.451490 166.000000 170.000000 169.000000
-0.222926 0.002642 0.453100 170.000000 174.000000 177.000000
-0.185985 0.002676 0.470350 162.000000 172.000000 171.000000
-0.070391 0.002830 0.512900 79.000000 89.000000 97.000000
-0.062234 0.002839 0.514970 84.000000 94.000000 100.000000
-0.029180 0.002917 0.530150 28.000000 29.000000 33.000000
-0.020577 0.002936 0.533830 42.000000 53.000000 54.000000
-0.011843 0.002954 0.537280 69.000000 77.000000 84.000000
-0.002992 0.002973 0.540730 86.000000 94.000000 96.000000
0.024379 0.003049 0.554300 89.000000 97.000000 94.000000
0.082651 0.003198 0.579600 86.000000 87.000000 93.000000
0.103189 0.003255 0.588800 55.000000 65.000000 64.000000
0.113653 0.003284 0.593400 62.000000 72.000000 67.000000
0.124150 0.003311 0.597540 100.000000 104.000000 108.000000
0.135173 0.003349 0.603520 111.000000 111.000000 111.000000
0.145814 0.003374 0.607200 108.000000 110.000000 109.000000
0.214307 0.003583 0.636870 132.000000 132.000000 120.000000
0.226511 0.003624 0.642620 132.000000 130.000000 119.000000
0.249335 0.003680 0.648600 125.000000 123.000000 110.000000
0.262457 0.003731 0.655500 134.000000 129.000000 119.000000
0.275905 0.003785 0.662630 131.000000 125.000000 118.000000
0.288801 0.003829 0.667920 130.000000 122.000000 113.000000
0.302198 0.003879 0.673900 136.000000 124.000000 117.000000
0.316139 0.003934 0.680570 136.000000 128.000000 121.000000
-0.229167 0.009937 0.450800 168.000000 170.000000 172.000000
-0.222487 0.009952 0.452180 167.000000 170.000000 178.000000
-0.217225 0.010035 0.456550 167.000000 171.000000 174.000000
-0.211431 0.010100 0.460000 167.000000 170.000000 176.000000
-0.179341 0.010346 0.472650 167.000000 168.000000 175.000000
-0.172284 0.010374 0.474030 162.000000 168.000000 173.000000
-0.062150 0.011287 0.514280 61.000000 69.000000 78.000000
-0.020560 0.011717 0.533370 43.000000 50.000000 48.000000
-0.011813 0.011773 0.535900 65.000000 74.000000 71.000000
0.043267 0.012348 0.562350 78.000000 83.000000 84.000000
0.082487 0.012689 0.578450 49.000000 56.000000 54.000000
0.092708 0.012791 0.583280 73.000000 76.000000 72.000000
0.103229 0.012913 0.589030 62.000000 70.000000 62.000000
0.124055 0.013081 0.597080 66.000000 73.000000 73.000000
0.166705 0.013393 0.612030 108.000000 110.000000 111.000000
0.189720 0.013630 0.623070 133.000000 131.000000 130.000000
0.201396 0.013744 0.628360 132.000000 130.000000 128.000000
0.213925 0.013905 0.635720 128.000000 127.000000 121.000000
0.226112 0.014031 0.641470 131.000000 130.000000 123.000000
0.249696 0.014213 0.649520 140.000000 133.000000 124.000000
0.262006 0.014323 0.654350 130.000000 129.000000 118.000000
0.275341 0.014481 0.661250 124.000000 122.000000 118.000000
0.288216 0.014606 0.666540 133.000000 127.000000 120.000000
0.300665 0.014703 0.670450 129.000000 125.000000 120.000000
0.313164 0.014798 0.674130 133.000000 125.000000 121.000000
0.329471 0.015062 0.685400 132.000000 124.000000 118.000000
-0.223633 0.017357 0.454480 164.000000 176.000000 176.000000
-0.217784 0.017467 0.457700 169.000000 173.000000 178.000000
-0.204847 0.017607 0.461840 149.000000 155.000000 160.000000
-0.178905 0.017969 0.471500 166.000000 169.000000 175.000000
-0.172283 0.018069 0.474030 160.000000 167.000000 179.000000
-0.159321 0.018334 0.480700 164.000000 168.000000 176.000000
-0.138200 0.018630 0.487830 158.000000 164.000000 171.000000
-0.101246 0.019146 0.500020 99.000000 114.000000 123.000000
-0.062145 0.019739 0.514280 51.000000 68.000000 76.000000
-0.054062 0.019878 0.517730 87.000000 102.000000 104.000000
-0.037733 0.020270 0.527620 34.000000 38.000000 39.000000
-0.020549 0.020490 0.533140 46.000000 51.000000 49.000000
-0.002991 0.020775 0.540500 61.000000 75.000000 75.000000
0.043193 0.021565 0.561430 66.000000 74.000000 67.000000
0.092481 0.022307 0.581900 67.000000 71.000000 70.000000
0.145033 0.023091 0.603980 101.000000 108.000000 106.000000
0.166446 0.023338 0.611110 112.000000 111.000000 114.000000
0.177727 0.023519 0.616170 120.000000 117.000000 106.000000
0.189644 0.023762 0.622840 132.000000 129.000000 121.000000
0.226190 0.024453 0.641700 131.000000 128.000000 122.000000
0.238051 0.024614 0.646070 131.000000 130.000000 123.000000
0.249343 0.024706 0.648600 133.000000 128.000000 118.000000
0.262101 0.024932 0.654580 129.000000 126.000000 118.000000
0.287528 0.025331 0.664930 134.000000 129.000000 117.000000
0.314033 0.025770 0.675970 129.000000 126.000000 116.000000
-0.217248 0.024812 0.456550 171.000000 172.000000 180.000000
-0.210920 0.024927 0.458850 172.000000 171.000000 180.000000
-0.137796 0.026506 0.486450 164.000000 170.000000 177.000000
-0.130580 0.026648 0.488750 161.000000 169.000000 178.000000
-0.002983 0.029597 0.539120 65.000000 73.000000 77.000000
0.015052 0.030073 0.547860 54.000000 65.000000 64.000000
0.082303 0.031615 0.577300 43.000000 49.000000 54.000000
0.103125 0.032196 0.588570 88.000000 90.000000 92.000000
0.123648 0.032521 0.595240 68.000000 78.000000 75.000000
0.189628 0.033898 0.622840 132.000000 132.000000 128.000000
0.237533 0.035018 0.644690 132.000000 129.000000 121.000000
0.249336 0.035219 0.648600 129.000000 123.000000 119.000000
0.288228 0.036178 0.666540 128.000000 123.000000 115.000000
0.327960 0.037057 0.682180 125.000000 123.000000 112.000000
-0.216713 0.032120 0.455400 168.000000 172.000000 177.000000
-0.203630 0.032366 0.459080 169.000000 175.000000 179.000000
-0.130252 0.034536 0.487600 157.000000 164.000000 173.000000
-0.115912 0.035008 0.493580 73.000000 86.000000 93.000000
-0.093381 0.035650 0.501630 113.000000 129.000000 133.000000
-0.077865 0.036085 0.507150 77.000000 89.000000 98.000000
-0.053872 0.036777 0.516120 73.000000 85.000000 97.000000
-0.045692 0.037036 0.519570 80.000000 91.000000 97.000000
0.005964 0.038793 0.543720 51.000000 65.000000 65.000000
0.133834 0.042405 0.597770 71.000000 83.000000 79.000000
0.144383 0.042636 0.601450 87.000000 95.000000 90.000000
0.155030 0.042867 0.605130 97.000000 106.000000 106.000000
0.165652 0.043065 0.608350 103.000000 114.000000 115.000000
0.200542 0.044214 0.625830 125.000000 128.000000 125.000000
0.224538 0.044959 0.637100 128.000000 129.000000 122.000000
0.247732 0.045438 0.644460 127.000000 126.000000 118.000000
0.274287 0.046419 0.658720 129.000000 126.000000 118.000000
0.286537 0.046690 0.662630 129.000000 124.000000 116.000000
0.300689 0.047242 0.670450 126.000000 121.000000 111.000000
0.314592 0.047720 0.677120 136.000000 124.000000 115.000000
0.327426 0.048011 0.681030 124.000000 116.000000 110.000000
-0.209983 0.039603 0.456780 167.000000 170.000000 178.000000
-0.203224 0.039719 0.458160 164.000000 170.000000 175.000000
-0.092928 0.043656 0.499330 101.000000 112.000000 120.000000
-0.045617 0.045507 0.518880 74.000000 87.000000 92.000000
0.062337 0.049790 0.568100 66.000000 73.000000 71.000000
0.082127 0.050464 0.576380 46.000000 55.000000 45.000000
0.102872 0.051368 0.587420 65.000000 78.000000 71.000000
0.112957 0.051576 0.590180 83.000000 88.000000 86.000000
0.188941 0.053979 0.620770 128.000000 129.000000 124.000000
0.200069 0.054263 0.624450 131.000000 129.000000 125.000000
0.224592 0.055316 0.637330 127.000000 126.000000 122.000000
0.236307 0.055646 0.641470 126.000000 119.000000 117.000000
0.247447 0.055821 0.643770 127.000000 126.000000 118.000000
0.285837 0.057274 0.661020 122.000000 125.000000 117.000000
0.298733 0.057711 0.666080 129.000000 124.000000 116.000000
0.313428 0.058456 0.674590 121.000000 118.000000 110.000000
0.326894 0.058931 0.679880 133.000000 125.000000 119.000000
-0.228114 0.046204 0.448500 170.000000 176.000000 181.000000
-0.209673 0.046927 0.456090 171.000000 172.000000 180.000000
-0.203225 0.047136 0.458160 166.000000 173.000000 175.000000
-0.197125 0.047447 0.461150 171.000000 175.000000 181.000000
-0.164312 0.048766 0.473110 165.000000 171.000000 176.000000
-0.157417 0.049008 0.475180 166.000000 165.000000 175.000000
-0.150449 0.049253 0.477250 159.000000 165.000000 172.000000
-0.129578 0.050187 0.485300 141.000000 149.000000 160.000000
-0.085310 0.052186 0.502550 63.000000 80.000000 86.000000
-0.037296 0.054370 0.522100 49.000000 47.000000 57.000000
0.024134 0.057240 0.549470 46.000000 52.000000 59.000000
0.033432 0.057657 0.553610 42.000000 48.000000 53.000000
0.042875 0.058095 0.557980 68.000000 72.000000 75.000000
0.052431 0.058504 0.562120 64.000000 68.000000 72.000000
0.072318 0.059646 0.573620 47.000000 52.000000 50.000000
0.154306 0.062328 0.602600 81.000000 91.000000 87.000000
0.188690 0.063997 0.620080 134.000000 130.000000 124.000000
0.200030 0.064404 0.624450 132.000000 129.000000 123.000000
0.224478 0.065629 0.637100 130.000000 129.000000 120.000000
0.236617 0.066139 0.642390 127.000000 120.000000 111.000000
0.247864 0.066369 0.644920 129.000000 126.000000 118.000000
0.260211 0.066865 0.649980 128.000000 123.000000 115.000000
0.285533 0.067900 0.660330 128.000000 127.000000 121.000000
0.297704 0.068253 0.663780 129.000000 126.000000 116.000000
0.311517 0.068946 0.670450 121.000000 121.000000 110.000000
0.326364 0.069816 0.678730 122.000000 117.000000 107.000000
-0.203123 0.054527 0.457930 167.000000 170.000000 178.000000
-0.196726 0.054804 0.460230 169.000000 175.000000 179.000000
-0.163884 0.056303 0.471960 168.000000 171.000000 181.000000
-0.156927 0.056556 0.473800 164.000000 170.000000 177.000000
-0.115002 0.058747 0.490130 56.000000 68.000000 77.000000
-0.020313 0.063647 0.527850 35.000000 34.000000 39.000000
0.042907 0.067319 0.558670 55.000000 66.000000 67.000000
0.072053 0.068810 0.571780 28.000000 33.000000 33.000000
0.102028 0.070043 0.583050 31.000000 37.000000 44.000000
0.112214 0.070439 0.586730 75.000000 79.000000 80.000000
0.153962 0.071998 0.601450 88.000000 96.000000 93.000000
0.188573 0.074041 0.619850 126.000000 125.000000 119.000000
0.211611 0.075069 0.629280 130.000000 128.000000 122.000000
0.223142 0.075518 0.633420 133.000000 132.000000 125.000000
0.235057 0.076054 0.638250 127.000000 121.000000 118.000000
0.259636 0.077224 0.648600 127.000000 122.000000 110.000000
0.285028 0.078450 0.659180 128.000000 124.000000 116.000000
0.298944 0.079323 0.666540 122.000000 118.000000 115.000000
0.313561 0.080317 0.674820 127.000000 121.000000 116.000000
0.325948 0.080694 0.677810 130.000000 121.000000 110.000000
-0.213709 0.060750 0.448960 170.000000 174.000000 182.000000
-0.157272 0.064397 0.474950 164.000000 168.000000 176.000000
-0.143672 0.065229 0.480470 160.000000 169.000000 173.000000
-0.136661 0.065617 0.483000 163.000000 175.000000 184.000000
-0.077322 0.068892 0.504390 104.000000 114.000000 122.000000
-0.045332 0.070657 0.516350 111.000000 121.000000 129.000000
-0.028800 0.071801 0.524400 49.000000 58.000000 62.000000
-0.020267 0.072161 0.526930 27.000000 38.000000 39.000000
0.014911 0.074496 0.543950 43.000000 47.000000 53.000000
0.033313 0.075599 0.552230 43.000000 48.000000 47.000000
0.081723 0.078457 0.574310 51.000000 52.000000 56.000000
0.122353 0.080389 0.589950 65.000000 72.000000 72.000000
0.164469 0.082157 0.604670 97.000000 100.000000 97.000000
0.175981 0.082942 0.610880 126.000000 127.000000 122.000000
0.199491 0.084482 0.623070 128.000000 127.000000 121.000000
0.211098 0.085083 0.627900 130.000000 129.000000 120.000000
0.222450 0.085533 0.631580 129.000000 126.000000 118.000000
0.233662 0.085893 0.634570 121.000000 116.000000 116.000000
0.258597 0.087380 0.646070 128.000000 124.000000 116.000000
0.271071 0.088042 0.651130 128.000000 123.000000 115.000000
0.284026 0.088806 0.656880 123.000000 120.000000 112.000000
0.297606 0.089706 0.663550 129.000000 121.000000 114.000000
0.311333 0.090588 0.669990 124.000000 118.000000 109.000000
0.323103 0.090862 0.671830 127.000000 122.000000 112.000000
-0.220851 0.067988 0.448500 173.000000 179.000000 184.000000
-0.190151 0.070031 0.462300 174.000000 175.000000 182.000000
-0.107678 0.075240 0.493350 73.000000 83.000000 94.000000
-0.100096 0.075606 0.495420 73.000000 84.000000 92.000000
-0.011680 0.081451 0.531300 26.000000 36.000000 42.000000
0.033264 0.084551 0.551770 55.000000 65.000000 64.000000
0.081415 0.087541 0.572470 36.000000 40.000000 44.000000
0.121674 0.089533 0.586960 49.000000 54.000000 54.000000
0.132053 0.090067 0.590870 45.000000 49.000000 50.000000
0.153020 0.091059 0.598230 65.000000 71.000000 67.000000
0.164282 0.091904 0.604210 117.000000 120.000000 126.000000
0.175920 0.092854 0.610880 132.000000 126.000000 117.000000
0.187340 0.093594 0.616170 126.000000 127.000000 122.000000
0.198771 0.094267 0.621000 130.000000 128.000000 124.000000
0.221915 0.095552 0.630200 126.000000 127.000000 120.000000
0.233366 0.096063 0.633880 120.000000 116.000000 108.000000
0.258753 0.097905 0.646530 130.000000 122.000000 113.000000
0.271244 0.098648 0.651590 127.000000 120.000000 111.000000
0.282925 0.099054 0.654350 128.000000 124.000000 109.000000
0.296168 0.099959 0.660330 126.000000 121.000000 109.000000
0.309429 0.100810 0.665850 125.000000 117.000000 109.000000
0.323250 0.101781 0.672060 122.000000 119.000000 107.000000
-0.227240 0.074972 0.446430 170.000000 174.000000 182.000000
-0.069096 0.085490 0.505080 70.000000 80.000000 88.000000
-0.011668 0.090080 0.531070 42.000000 52.000000 60.000000
0.061569 0.095282 0.562580 33.000000 43.000000 40.000000
0.081235 0.096707 0.571550 55.000000 62.000000 59.000000
0.091247 0.097392 0.575920 44.000000 51.000000 49.000000
0.131782 0.099510 0.589950 50.000000 58.000000 51.000000
0.152894 0.100728 0.598000 55.000000 65.000000 62.000000
0.175920 0.102796 0.611110 131.000000 125.000000 118.000000
0.187625 0.103772 0.617320 130.000000 121.000000 117.000000
0.198416 0.104171 0.620080 133.000000 127.000000 122.000000
0.209906 0.104883 0.624680 128.000000 127.000000 123.000000
0.221782 0.105715 0.629970 128.000000 124.000000 119.000000
0.233744 0.106514 0.635030 130.000000 119.000000 116.000000
0.258265 0.108174 0.645380 122.000000 124.000000 114.000000
0.270365 0.108845 0.649520 126.000000 118.000000 114.000000
0.282522 0.109490 0.653430 129.000000 117.000000 112.000000
0.296487 0.110766 0.661020 119.000000 119.000000 107.000000
0.310631 0.112020 0.668380 124.000000 122.000000 109.000000
0.323958 0.112907 0.673440 122.000000 117.000000 107.000000
-0.227071 0.082149 0.445970 173.000000 176.000000 184.000000
-0.182768 0.085058 0.462530 165.000000 170.000000 180.000000
-0.099803 0.091534 0.494500 72.000000 85.000000 88.000000
-0.061186 0.094344 0.508300 59.000000 65.000000 70.000000
-0.045045 0.095485 0.514050 65.000000 72.000000 81.000000
-0.002949 0.099331 0.534290 77.000000 93.000000 97.000000
0.033091 0.102147 0.549700 32.000000 40.000000 44.000000
0.091044 0.106580 0.575000 33.000000 44.000000 45.000000
0.131763 0.109122 0.590180 63.000000 77.000000 72.000000
0.152705 0.110336 0.597540 47.000000 52.000000 50.000000
0.163643 0.111154 0.602370 134.000000 132.000000 133.000000
0.175453 0.112439 0.609730 126.000000 127.000000 118.000000
0.187208 0.113555 0.616170 129.000000 124.000000 124.000000
0.198204 0.114123 0.619620 125.000000 124.000000 117.000000
0.232682 0.116279 0.632270 130.000000 119.000000 116.000000
0.244156 0.116872 0.635720 123.000000 121.000000 115.000000
0.268052 0.118342 0.644000 126.000000 119.000000 110.000000
0.280333 0.119138 0.648370 122.000000 119.000000 107.000000
0.295366 0.121007 0.658490 124.000000 118.000000 111.000000
0.309595 0.122430 0.666080 120.000000 116.000000 108.000000
0.322131 0.123112 0.669530 121.000000 121.000000 112.000000
-0.226327 0.089088 0.444360 172.000000 173.000000 179.000000
-0.220432 0.089615 0.447350 170.000000 171.000000 175.000000
-0.176433 0.093165 0.465520 162.000000 166.000000 171.000000
-0.053047 0.103056 0.510370 57.000000 73.000000 77.000000
0.051849 0.112683 0.557980 100.000000 106.000000 109.000000
0.080798 0.114809 0.569250 84.000000 93.000000 95.000000
0.090618 0.115444 0.572700 81.000000 87.000000 92.000000
0.110770 0.116933 0.580750 69.000000 69.000000 67.000000
0.131792 0.118776 0.590640 62.000000 66.000000 67.000000
0.142052 0.119301 0.593630 64.000000 69.000000 68.000000
0.186508 0.123108 0.614100 129.000000 123.000000 121.000000
0.197696 0.123868 0.618240 127.000000 123.000000 119.000000
0.220460 0.125404 0.626520 127.000000 121.000000 116.000000
0.232382 0.126367 0.631580 126.000000 119.000000 110.000000
0.243943 0.127062 0.635260 121.000000 117.000000 112.000000
0.268424 0.128948 0.644920 133.000000 120.000000 113.000000
0.294047 0.131079 0.655500 122.000000 116.000000 114.000000
0.307819 0.132450 0.662170 126.000000 116.000000 105.000000
0.320979 0.133475 0.667000 125.000000 117.000000 111.000000
-0.226298 0.096285 0.444130 175.000000 177.000000 183.000000
-0.220046 0.096698 0.446430 171.000000 172.000000 180.000000
-0.214212 0.097331 0.449650 167.000000 173.000000 180.000000
-0.176059 0.100498 0.464600 166.000000 169.000000 177.000000
-0.128852 0.105009 0.483920 60.000000 71.000000 72.000000
0.051680 0.121427 0.556600 59.000000 63.000000 66.000000
0.061257 0.122335 0.560970 58.000000 58.000000 58.000000
0.080576 0.123780 0.568100 65.000000 66.000000 70.000000
0.141920 0.128853 0.593400 50.000000 58.000000 53.000000
0.152082 0.129274 0.595700 54.000000 63.000000 63.000000
0.163242 0.130443 0.601450 127.000000 126.000000 122.000000
0.174312 0.131414 0.606280 129.000000 124.000000 116.000000
0.197115 0.133513 0.616630 127.000000 121.000000 118.000000
0.219678 0.135084 0.624450 123.000000 120.000000 110.000000
0.244175 0.137486 0.635950 127.000000 121.000000 116.000000
0.257179 0.138952 0.642850 125.000000 122.000000 114.000000
0.281243 0.140588 0.650440 118.000000 117.000000 110.000000
0.294284 0.141807 0.655960 125.000000 118.000000 107.000000
0.307873 0.143198 0.662170 118.000000 112.000000 103.000000
0.320947 0.144266 0.666770 126.000000 115.000000 107.000000
-0.169298 0.108521 0.466670 161.000000 167.000000 169.000000
-0.114076 0.113866 0.487830 60.000000 61.000000 68.000000
-0.084498 0.116962 0.500020 37.000000 44.000000 46.000000
-0.060888 0.118735 0.506920 70.000000 79.000000 83.000000
-0.044723 0.119895 0.511520 70.000000 79.000000 85.000000
0.005830 0.125650 0.535670 68.000000 78.000000 84.000000
0.061057 0.131087 0.559590 56.000000 67.000000 68.000000
0.100118 0.134342 0.574540 62.000000 66.000000 67.000000
0.110186 0.135183 0.578450 63.000000 73.000000 72.000000
0.120939 0.136665 0.585120 59.000000 60.000000 57.000000
0.141566 0.138172 0.592250 52.000000 57.000000 53.000000
0.152003 0.138897 0.595700 53.000000 58.000000 56.000000
0.163165 0.140159 0.601450 106.000000 106.000000 106.000000
0.185457 0.142258 0.611110 125.000000 124.000000 117.000000
0.208351 0.144375 0.620770 131.000000 122.000000 119.000000
0.220274 0.145604 0.626290 127.000000 119.000000 115.000000
0.244499 0.147985 0.636870 129.000000 124.000000 112.000000
0.257164 0.149356 0.642850 123.000000 116.000000 104.000000
0.269951 0.150689 0.648600 122.000000 119.000000 111.000000
0.281562 0.151292 0.651130 121.000000 117.000000 112.000000
0.294636 0.152612 0.656650 125.000000 119.000000 110.000000
0.307726 0.153850 0.661710 124.000000 115.000000 104.000000
-0.219542 0.110924 0.445050 171.000000 175.000000 183.000000
-0.213250 0.111406 0.447350 164.000000 170.000000 177.000000
-0.168937 0.115839 0.465750 159.000000 164.000000 176.000000
-0.162623 0.116727 0.469200 163.000000 167.000000 175.000000
-0.121321 0.121104 0.485530 148.000000 159.000000 171.000000
-0.044708 0.128215 0.511750 87.000000 98.000000 104.000000
0.005801 0.133785 0.533600 77.000000 86.000000 90.000000
0.060781 0.139605 0.557520 58.000000 70.000000 68.000000
0.070450 0.140703 0.562120 67.000000 71.000000 74.000000
0.120624 0.145822 0.583970 61.000000 70.000000 70.000000
0.151748 0.148339 0.595010 52.000000 59.000000 59.000000
0.162838 0.149636 0.600530 114.000000 107.000000 107.000000
0.174030 0.150878 0.605820 128.000000 122.000000 117.000000
0.207523 0.153830 0.618470 124.000000 121.000000 113.000000
0.219984 0.155553 0.625600 120.000000 121.000000 112.000000
0.243681 0.157774 0.634800 122.000000 118.000000 113.000000
0.255777 0.158907 0.639400 118.000000 116.000000 105.000000
0.268526 0.160342 0.645150 126.000000 115.000000 107.000000
0.280997 0.161513 0.649750 116.000000 112.000000 107.000000
0.294279 0.163051 0.655730 123.000000 115.000000 106.000000
0.307381 0.164387 0.660790 120.000000 115.000000 103.000000
0.319496 0.165125 0.663320 117.000000 110.000000 98.000000
-0.201139 0.120088 0.453100 165.000000 170.000000 182.000000
-0.133689 0.125766 0.474030 151.000000 152.000000 147.000000
0.014566 0.142747 0.534980 135.000000 141.000000 146.000000
0.079903 0.150379 0.564650 82.000000 86.000000 87.000000
0.120356 0.154991 0.583050 60.000000 67.000000 67.000000
0.130608 0.155891 0.586730 72.000000 77.000000 76.000000
0.151318 0.157566 0.593630 73.000000 76.000000 72.000000
0.162138 0.158711 0.598230 128.000000 124.000000 116.000000
0.173231 0.159980 0.603290 119.000000 119.000000 117.000000
0.195013 0.161801 0.610650 124.000000 123.000000 114.000000
0.218810 0.164810 0.622380 122.000000 118.000000 115.000000
0.242696 0.167379 0.632270 122.000000 114.000000 107.000000
0.255044 0.168779 0.637560 121.000000 115.000000 112.000000
0.267208 0.169954 0.641930 117.000000 116.000000 109.000000
0.292803 0.172804 0.652280 120.000000 114.000000 100.000000
0.307056 0.174912 0.659870 121.000000 109.000000 102.000000
0.319743 0.176019 0.663550 117.000000 108.000000 95.000000
-0.161768 0.131251 0.466900 161.000000 163.000000 169.000000
-0.060914 0.143645 0.508300 138.000000 144.000000 151.000000
0.070222 0.158553 0.561200 125.000000 130.000000 128.000000
0.089598 0.160442 0.568330 127.000000 132.000000 132.000000
0.130326 0.165081 0.585810 129.000000 131.000000 130.000000
0.172238 0.168802 0.600070 129.000000 121.000000 114.000000
0.194591 0.171334 0.609500 124.000000 118.000000 109.000000
0.206268 0.172839 0.615020 118.000000 117.000000 110.000000
0.218372 0.174548 0.621230 115.000000 117.000000 107.000000
0.241544 0.176780 0.629280 122.000000 112.000000 102.000000
0.266767 0.180055 0.640780 123.000000 115.000000 106.000000
0.279016 0.181277 0.644920 126.000000 116.000000 105.000000
0.292274 0.183045 0.650900 126.000000 109.000000 99.000000
0.306217 0.185105 0.657800 117.000000 109.000000 101.000000
0.319573 0.186685 0.662860 115.000000 110.000000 98.000000
-0.194314 0.135139 0.454250 162.000000 165.000000 173.000000
-0.052801 0.152478 0.510370 140.000000 141.000000 150.000000
0.032615 0.162936 0.545100 130.000000 134.000000 135.000000
0.041860 0.164278 0.549700 132.000000 131.000000 136.000000
0.089496 0.169511 0.568100 131.000000 127.000000 126.000000
0.119257 0.172389 0.578450 127.000000 127.000000 125.000000
0.129177 0.173069 0.580980 127.000000 123.000000 119.000000
0.159754 0.175529 0.589950 120.000000 116.000000 88.000000
0.171779 0.178066 0.598690 118.000000 113.000000 99.000000
0.183665 0.180198 0.606050 124.000000 118.000000 111.000000
0.230340 0.186156 0.626520 122.000000 114.000000 105.000000
0.242347 0.187597 0.631350 122.000000 114.000000 107.000000
0.254537 0.189059 0.636180 119.000000 114.000000 104.000000
0.266342 0.190135 0.639630 113.000000 108.000000 98.000000
0.278998 0.191717 0.644690 126.000000 117.000000 101.000000
0.318655 0.196880 0.660560 117.000000 112.000000 98.000000
-0.154483 0.146662 0.467820 158.000000 160.000000 161.000000
-0.052666 0.160382 0.509450 142.000000 143.000000 149.000000
-0.002924 0.167393 0.531300 138.000000 140.000000 144.000000
0.089323 0.178420 0.567410 130.000000 127.000000 128.000000
0.160999 0.186549 0.594780 123.000000 119.000000 114.000000
0.183198 0.189545 0.604670 121.000000 116.000000 108.000000
0.194430 0.190947 0.609270 121.000000 117.000000 112.000000
0.205817 0.192360 0.613870 120.000000 116.000000 108.000000
0.217930 0.194292 0.620080 124.000000 116.000000 107.000000
0.229922 0.195952 0.625370 122.000000 112.000000 106.000000
0.241488 0.197127 0.629050 129.000000 115.000000 103.000000
0.265361 0.199765 0.637100 121.000000 112.000000 99.000000
0.292320 0.204185 0.650440 125.000000 112.000000 98.000000
0.306011 0.206310 0.656650 118.000000 110.000000 102.000000
0.318325 0.207397 0.659410 120.000000 107.000000 103.000000
-0.187941 0.150667 0.456550 164.000000 164.000000 175.000000
-0.141037 0.156164 0.473570 145.000000 151.000000 160.000000
-0.098526 0.162112 0.490820 148.000000 145.000000 153.000000
-0.052604 0.168477 0.509220 140.000000 144.000000 147.000000
0.014540 0.177494 0.536130 135.000000 134.000000 139.000000
0.033344 0.145150 0.438610 135.000000 130.000000 134.000000
0.050824 0.182180 0.550620 129.000000 129.000000 129.000000
0.060359 0.183886 0.555910 132.000000 130.000000 128.000000
0.089189 0.187375 0.566950 128.000000 123.000000 123.000000
0.099063 0.188606 0.570860 131.000000 127.000000 126.000000
0.109404 0.190442 0.576610 129.000000 123.000000 123.000000
0.150691 0.195354 0.592250 124.000000 121.000000 113.000000
0.161442 0.196741 0.596620 119.000000 118.000000 110.000000
0.182810 0.198929 0.603520 118.000000 117.000000 108.000000
0.194035 0.200417 0.608120 120.000000 116.000000 110.000000
0.205494 0.201993 0.612950 122.000000 113.000000 109.000000
0.228335 0.204665 0.621000 118.000000 112.000000 105.000000
0.240647 0.206600 0.626750 120.000000 114.000000 107.000000
0.264116 0.209109 0.633880 125.000000 113.000000 101.000000
0.278037 0.211892 0.641930 123.000000 110.000000 94.000000
0.292386 0.214790 0.650210 111.000000 111.000000 97.000000
0.305581 0.216671 0.655270 114.000000 103.000000 98.000000
0.319477 0.218907 0.661250 123.000000 107.000000 94.000000
-0.225988 0.153752 0.440680 172.000000 171.000000 180.000000
-0.219425 0.154194 0.442750 171.000000 175.000000 181.000000
0.060114 0.192158 0.554070 131.000000 123.000000 128.000000
0.089096 0.196392 0.566720 129.000000 123.000000 121.000000
0.098923 0.197611 0.570400 125.000000 123.000000 121.000000
0.109038 0.199146 0.575000 124.000000 122.000000 120.000000
0.150638 0.204895 0.592250 122.000000 113.000000 109.000000
0.160898 0.205726 0.594780 124.000000 115.000000 112.000000
0.183549 0.209559 0.606050 128.000000 113.000000 106.000000
0.194753 0.211055 0.610420 123.000000 115.000000 106.000000
0.205494 0.211929 0.612950 120.000000 117.000000 106.000000
0.216251 0.212741 0.615250 122.000000 112.000000 104.000000
0.240445 0.216578 0.626060 117.000000 111.000000 102.000000
0.253085 0.218736 0.632040 118.000000 112.000000 103.000000
0.264526 0.219732 0.634570 118.000000 110.000000 102.000000
0.277200 0.221641 0.639630 114.000000 104.000000 94.000000
0.289898 0.223433 0.644230 111.000000 109.000000 96.000000
0.303364 0.225674 0.649980 116.000000 109.000000 93.000000
-0.206630 0.162707 0.447120 165.000000 173.000000 179.000000
-0.186804 0.164479 0.453330 159.000000 165.000000 172.000000
-0.154179 0.169081 0.466900 158.000000 154.000000 160.000000
-0.140662 0.171066 0.472420 158.000000 155.000000 158.000000
-0.133393 0.171576 0.473800 152.000000 148.000000 156.000000
-0.105539 0.176436 0.486910 141.000000 145.000000 150.000000
-0.090903 0.178765 0.493120 144.000000 146.000000 150.000000
-0.083525 0.180141 0.496800 140.000000 144.000000 149.000000
-0.060316 0.183262 0.505080 135.000000 139.000000 143.000000
-0.052534 0.184798 0.509220 136.000000 135.000000 140.000000
-0.028066 0.187463 0.516350 144.000000 141.000000 144.000000
-0.011400 0.189993 0.523250 140.000000 137.000000 143.000000
-0.002896 0.191165 0.526470 131.000000 135.000000 136.000000
0.005731 0.192916 0.531300 128.000000 132.000000 138.000000
0.014477 0.194159 0.534750 132.000000 131.000000 134.000000
0.023323 0.195313 0.537970 133.000000 130.000000 134.000000
0.041374 0.197852 0.545100 137.000000 130.000000 133.000000
0.050536 0.198987 0.548320 131.000000 126.000000 130.000000
0.059872 0.200368 0.552230 127.000000 125.000000 128.000000
0.069387 0.201910 0.556600 130.000000 126.000000 125.000000
0.088718 0.204734 0.564650 132.000000 124.000000 127.000000
0.098590 0.206184 0.568790 125.000000 123.000000 121.000000
0.108808 0.208050 0.574080 125.000000 118.000000 116.000000
0.118768 0.209165 0.577300 119.000000 118.000000 112.000000
0.139425 0.212070 0.585580 123.000000 119.000000 118.000000
0.150128 0.213778 0.590410 119.000000 112.000000 110.000000
0.160551 0.214911 0.593630 122.000000 117.000000 110.000000
0.171016 0.215969 0.596620 127.000000 116.000000 111.000000
0.182350 0.217954 0.602140 118.000000 115.000000 107.000000
0.194019 0.220119 0.608120 126.000000 115.000000 112.000000
0.205125 0.221468 0.611800 125.000000 111.000000 100.000000
0.216288 0.222754 0.615250 115.000000 110.000000 98.000000
0.228095 0.224562 0.620080 117.000000 111.000000 104.000000
0.240266 0.226563 0.625370 121.000000 109.000000 102.000000
0.252373 0.228346 0.629970 114.000000 109.000000 101.000000
0.265254 0.230665 0.635950 115.000000 106.000000 93.000000
0.277393 0.232191 0.639630 117.000000 110.000000 98.000000
0.289516 0.233597 0.642850 117.000000 108.000000 95.000000
0.303012 0.235976 0.648600 114.000000 110.000000 95.000000
0.318138 0.239424 0.657110 116.000000 106.000000 100.000000
