311.000000 174.000000 -0.020354 -0.102971
178.000000 209.000000 -0.238057 -0.045085
179.000000 214.000000 -0.236466 -0.036927
496.000000 217.000000 0.281957 -0.031891
432.000000 228.000000 0.178495 -0.014139
447.000000 268.000000 0.202866 0.051373
262.000000 301.000000 -0.101018 0.105709
390.000000 326.000000 0.109537 0.146546
410.000000 340.000000 0.142131 0.169201
311.000000 344.000000 -0.020321 0.176138
354.000000 345.000000 0.050368 0.177712
408.000000 348.000000 0.138793 0.182227
352.000000 355.000000 0.047046 0.193984
148.000000 382.000000 -0.285463 0.236236
146.000000 383.000000 -0.288674 0.237827
151.000000 386.000000 -0.280580 0.242731
146.000000 387.000000 -0.288627 0.244286
151.000000 397.000000 -0.280449 0.260484
