-0.227862 -0.164064 0.444820 154.000000 147.000000 145.000000
-0.221538 -0.164784 0.447580 158.000000 154.000000 151.000000
-0.196192 -0.168150 0.458850 153.000000 150.000000 144.000000
-0.189454 -0.168796 0.460920 153.000000 145.000000 139.000000
-0.176670 -0.170919 0.467130 163.000000 151.000000 142.000000
-0.156813 -0.174118 0.476100 157.000000 145.000000 138.000000
-0.149816 -0.174961 0.478400 158.000000 143.000000 137.000000
-0.142824 -0.175900 0.480930 150.000000 140.000000 132.000000
-0.121733 -0.179275 0.489900 144.000000 137.000000 123.000000
-0.114620 -0.180581 0.493350 148.000000 136.000000 124.000000
-0.107445 -0.181975 0.497030 147.000000 135.000000 125.000000
-0.045486 -0.192540 0.524860 148.000000 139.000000 124.000000
-0.037180 -0.193667 0.527850 145.000000 138.000000 126.000000
-0.028861 -0.195380 0.532450 138.000000 131.000000 117.000000
-0.002989 -0.199971 0.544870 142.000000 130.000000 123.000000
0.005905 -0.201487 0.549010 144.000000 136.000000 125.000000
0.014945 -0.203164 0.553610 143.000000 134.000000 121.000000
0.052235 -0.208451 0.568330 136.000000 129.000000 113.000000
0.071741 -0.211561 0.577070 142.000000 132.000000 124.000000
0.091863 -0.214819 0.586270 140.000000 133.000000 122.000000
0.102139 -0.216442 0.590870 140.000000 131.000000 115.000000
0.112210 -0.217390 0.593630 140.000000 130.000000 119.000000
0.122271 -0.218168 0.595930 143.000000 127.000000 116.000000
0.133522 -0.220799 0.603290 142.000000 131.000000 119.000000
0.145227 -0.223768 0.611570 137.000000 128.000000 115.000000
0.178198 -0.227910 0.623300 141.000000 130.000000 125.000000
0.189311 -0.229140 0.626750 136.000000 126.000000 118.000000
0.226785 -0.236450 0.646760 140.000000 130.000000 117.000000
0.252880 -0.241347 0.659870 139.000000 126.000000 119.000000
0.265616 -0.243209 0.664700 134.000000 128.000000 114.000000
0.304187 -0.248272 0.677120 137.000000 129.000000 118.000000
0.317367 -0.249974 0.681030 138.000000 130.000000 112.000000
0.333002 -0.253429 0.689540 146.000000 134.000000 120.000000
-0.227563 -0.156617 0.444820 157.000000 153.000000 148.000000
-0.215221 -0.158250 0.450800 153.000000 151.000000 138.000000
-0.208165 -0.158478 0.451950 153.000000 152.000000 145.000000
-0.195588 -0.160236 0.457700 155.000000 147.000000 141.000000
-0.189462 -0.161356 0.461150 158.000000 153.000000 146.000000
-0.182443 -0.161774 0.462530 157.000000 147.000000 141.000000
-0.156210 -0.165799 0.474260 153.000000 140.000000 133.000000
-0.149543 -0.166940 0.477480 151.000000 141.000000 131.000000
-0.142439 -0.167690 0.479550 150.000000 142.000000 133.000000
-0.114509 -0.172452 0.492660 150.000000 140.000000 134.000000
-0.107447 -0.173955 0.496800 150.000000 140.000000 132.000000
-0.028821 -0.186516 0.531300 137.000000 132.000000 123.000000
0.014891 -0.193483 0.551080 140.000000 130.000000 119.000000
0.024075 -0.195321 0.556370 144.000000 134.000000 126.000000
0.061944 -0.200821 0.572470 144.000000 134.000000 124.000000
0.071710 -0.202139 0.576380 143.000000 132.000000 120.000000
0.081790 -0.203934 0.581670 135.000000 130.000000 118.000000
0.102046 -0.206705 0.589950 140.000000 129.000000 121.000000
0.133487 -0.211002 0.602830 141.000000 131.000000 123.000000
0.144690 -0.213105 0.609040 136.000000 129.000000 115.000000
0.155565 -0.214487 0.613180 137.000000 129.000000 118.000000
0.177913 -0.217506 0.622150 141.000000 135.000000 121.000000
0.189761 -0.219550 0.628130 133.000000 126.000000 117.000000
0.227656 -0.226885 0.649290 140.000000 130.000000 117.000000
0.264785 -0.231748 0.662860 136.000000 126.000000 107.000000
0.277950 -0.233776 0.668380 137.000000 127.000000 117.000000
0.304072 -0.237224 0.677350 139.000000 127.000000 117.000000
0.317738 -0.239220 0.682410 137.000000 133.000000 121.000000
0.334444 -0.243290 0.693220 140.000000 126.000000 115.000000
-0.227187 -0.149139 0.444590 158.000000 156.000000 150.000000
-0.220957 -0.149845 0.447350 160.000000 156.000000 155.000000
-0.194713 -0.152156 0.455860 148.000000 147.000000 139.000000
-0.188358 -0.153011 0.458620 155.000000 147.000000 143.000000
-0.181945 -0.153886 0.461380 155.000000 147.000000 141.000000
-0.175644 -0.154933 0.464600 156.000000 150.000000 143.000000
-0.169176 -0.155920 0.467590 155.000000 145.000000 137.000000
-0.155620 -0.157551 0.472420 151.000000 143.000000 134.000000
-0.148994 -0.158652 0.475640 151.000000 141.000000 135.000000
-0.142133 -0.159610 0.478400 151.000000 143.000000 136.000000
-0.114030 -0.163810 0.490360 141.000000 141.000000 130.000000
-0.107057 -0.165330 0.494730 149.000000 139.000000 131.000000
-0.099708 -0.166468 0.497950 150.000000 142.000000 131.000000
-0.061611 -0.172988 0.516580 141.000000 136.000000 124.000000
-0.053583 -0.174189 0.520030 147.000000 142.000000 130.000000
-0.045457 -0.175463 0.523710 144.000000 135.000000 122.000000
-0.020326 -0.179168 0.534520 140.000000 135.000000 125.000000
-0.011711 -0.180415 0.538200 141.000000 134.000000 123.000000
0.005892 -0.183192 0.546480 140.000000 133.000000 120.000000
0.014875 -0.184337 0.549930 141.000000 135.000000 121.000000
0.024009 -0.185782 0.554300 142.000000 132.000000 122.000000
0.071654 -0.192657 0.575460 136.000000 131.000000 119.000000
0.081692 -0.194288 0.580520 136.000000 132.000000 117.000000
0.091670 -0.195451 0.584200 137.000000 129.000000 118.000000
0.112308 -0.198380 0.593400 141.000000 131.000000 121.000000
0.144271 -0.202681 0.606970 133.000000 121.000000 109.000000
0.155343 -0.204294 0.612030 142.000000 128.000000 114.000000
0.166513 -0.205834 0.616860 138.000000 128.000000 120.000000
0.202578 -0.212180 0.636410 137.000000 128.000000 113.000000
0.225967 -0.214805 0.644460 140.000000 126.000000 115.000000
0.263615 -0.220071 0.660100 138.000000 129.000000 116.000000
0.275938 -0.221367 0.663780 138.000000 125.000000 120.000000
0.305029 -0.226981 0.679880 136.000000 128.000000 119.000000
0.318475 -0.228701 0.684480 139.000000 127.000000 117.000000
0.333051 -0.231086 0.690920 140.000000 130.000000 119.000000
-0.225792 -0.141046 0.442290 156.000000 152.000000 148.000000
-0.219753 -0.141813 0.445280 163.000000 151.000000 153.000000
-0.213797 -0.142687 0.448500 164.000000 151.000000 151.000000
-0.187934 -0.145278 0.457700 158.000000 149.000000 147.000000
-0.181918 -0.146417 0.461380 158.000000 153.000000 144.000000
-0.175285 -0.147135 0.463680 155.000000 149.000000 144.000000
-0.142246 -0.152010 0.478630 149.000000 143.000000 136.000000
-0.135497 -0.153158 0.482080 151.000000 146.000000 139.000000
-0.128758 -0.154457 0.485990 150.000000 140.000000 134.000000
-0.106822 -0.156990 0.493350 148.000000 140.000000 134.000000
-0.099725 -0.158447 0.497720 150.000000 140.000000 134.000000
-0.084973 -0.161140 0.505770 141.000000 138.000000 125.000000
-0.061387 -0.164025 0.514280 142.000000 139.000000 128.000000
-0.028857 -0.169538 0.531070 141.000000 136.000000 126.000000
-0.020299 -0.170294 0.533370 139.000000 133.000000 124.000000
-0.011695 -0.171483 0.537050 139.000000 133.000000 126.000000
0.033259 -0.178033 0.557750 137.000000 129.000000 120.000000
0.071428 -0.182757 0.573160 136.000000 129.000000 113.000000
0.112386 -0.188914 0.593400 139.000000 132.000000 119.000000
0.155362 -0.194433 0.611800 135.000000 131.000000 116.000000
0.166214 -0.195522 0.615480 134.000000 128.000000 112.000000
0.201383 -0.200720 0.632500 144.000000 129.000000 121.000000
0.213584 -0.202567 0.638480 143.000000 129.000000 115.000000
0.237676 -0.205500 0.647910 140.000000 130.000000 117.000000
0.250291 -0.207249 0.653430 140.000000 126.000000 115.000000
0.318074 -0.217352 0.684020 133.000000 123.000000 110.000000
-0.225134 -0.133479 0.441370 160.000000 156.000000 155.000000
-0.219485 -0.134434 0.445050 158.000000 154.000000 153.000000
-0.181542 -0.138684 0.460460 156.000000 150.000000 145.000000
-0.175113 -0.139516 0.463220 148.000000 141.000000 141.000000
-0.168446 -0.140223 0.465520 157.000000 154.000000 146.000000
-0.135231 -0.145087 0.480930 150.000000 144.000000 139.000000
-0.121156 -0.146952 0.486680 150.000000 144.000000 139.000000
-0.092378 -0.151609 0.501170 150.000000 140.000000 132.000000
-0.077084 -0.153619 0.507380 142.000000 141.000000 135.000000
-0.045395 -0.158287 0.522100 139.000000 134.000000 122.000000
-0.011684 -0.162645 0.536130 142.000000 131.000000 126.000000
0.033209 -0.168726 0.556370 136.000000 131.000000 121.000000
0.081051 -0.174107 0.575000 134.000000 129.000000 117.000000
0.090949 -0.175148 0.578680 134.000000 129.000000 117.000000
0.122815 -0.180467 0.597080 132.000000 130.000000 117.000000
0.133627 -0.181977 0.602370 133.000000 128.000000 116.000000
0.154629 -0.183674 0.608580 139.000000 125.000000 116.000000
0.165674 -0.184976 0.613180 139.000000 127.000000 115.000000
0.189104 -0.188491 0.625370 140.000000 131.000000 115.000000
0.212710 -0.191478 0.635720 139.000000 125.000000 116.000000
0.225219 -0.193368 0.642160 131.000000 124.000000 110.000000
0.237359 -0.194787 0.646990 137.000000 128.000000 115.000000
0.249939 -0.196430 0.652510 133.000000 122.000000 114.000000
0.263092 -0.198369 0.658950 131.000000 123.000000 105.000000
0.276202 -0.200124 0.664700 143.000000 129.000000 117.000000
0.290634 -0.202668 0.672980 136.000000 124.000000 115.000000
0.303639 -0.204066 0.677350 138.000000 124.000000 113.000000
-0.218223 -0.126494 0.442750 159.000000 158.000000 151.000000
-0.212368 -0.127310 0.445970 161.000000 160.000000 153.000000
-0.206673 -0.128282 0.449650 164.000000 155.000000 149.000000
-0.193876 -0.129502 0.454250 163.000000 157.000000 154.000000
-0.187415 -0.130139 0.456550 162.000000 154.000000 148.000000
-0.174692 -0.131722 0.462070 155.000000 154.000000 150.000000
-0.168139 -0.132468 0.464600 157.000000 148.000000 142.000000
-0.161993 -0.133617 0.468510 150.000000 147.000000 137.000000
-0.134907 -0.136986 0.479550 155.000000 144.000000 141.000000
-0.128034 -0.137974 0.482770 151.000000 148.000000 140.000000
-0.120996 -0.138899 0.485760 153.000000 145.000000 139.000000
-0.045336 -0.149620 0.520950 139.000000 138.000000 129.000000
-0.002964 -0.155017 0.539350 136.000000 132.000000 127.000000
0.005887 -0.156337 0.543950 139.000000 133.000000 126.000000
0.023913 -0.158155 0.550390 137.000000 132.000000 125.000000
0.033147 -0.159381 0.554760 139.000000 131.000000 123.000000
0.042605 -0.160929 0.560280 139.000000 132.000000 121.000000
0.081121 -0.164924 0.575000 137.000000 132.000000 125.000000
0.091315 -0.166432 0.580520 135.000000 130.000000 120.000000
0.165948 -0.175355 0.613870 138.000000 129.000000 114.000000
0.212309 -0.180875 0.634340 139.000000 127.000000 117.000000
0.289091 -0.190784 0.669530 134.000000 128.000000 112.000000
0.302626 -0.192481 0.675280 133.000000 127.000000 109.000000
0.329684 -0.195517 0.685170 138.000000 126.000000 116.000000
-0.218116 -0.119269 0.442750 168.000000 161.000000 159.000000
-0.212287 -0.120052 0.445970 156.000000 152.000000 146.000000
-0.206086 -0.120672 0.448500 155.000000 152.000000 160.000000
-0.199745 -0.121249 0.450800 162.000000 157.000000 156.000000
-0.174366 -0.124032 0.461150 155.000000 149.000000 144.000000
-0.168172 -0.124992 0.464600 160.000000 151.000000 150.000000
-0.154795 -0.126384 0.469430 154.000000 148.000000 143.000000
-0.127861 -0.129989 0.481850 148.000000 146.000000 145.000000
-0.120667 -0.130683 0.484150 156.000000 150.000000 143.000000
-0.084629 -0.136021 0.502550 146.000000 143.000000 137.000000
-0.037046 -0.141949 0.523250 140.000000 139.000000 130.000000
0.042455 -0.151282 0.557750 136.000000 131.000000 119.000000
0.091465 -0.157270 0.580980 138.000000 130.000000 121.000000
0.101600 -0.158309 0.585120 140.000000 130.000000 117.000000
0.133045 -0.161770 0.598920 134.000000 127.000000 116.000000
0.176970 -0.166418 0.617550 137.000000 128.000000 113.000000
0.188014 -0.167320 0.621230 138.000000 129.000000 116.000000
0.224358 -0.171981 0.639400 138.000000 126.000000 112.000000
0.237017 -0.173656 0.645840 136.000000 126.000000 118.000000
0.301533 -0.180920 0.672980 136.000000 126.000000 118.000000
0.330327 -0.184798 0.686780 140.000000 123.000000 113.000000
-0.224256 -0.111569 0.440450 165.000000 160.000000 162.000000
-0.211785 -0.112575 0.445050 165.000000 156.000000 154.000000
-0.205514 -0.113110 0.447350 158.000000 161.000000 153.000000
-0.199210 -0.113664 0.449650 159.000000 157.000000 153.000000
-0.193356 -0.114524 0.453100 160.000000 157.000000 151.000000
-0.168129 -0.117460 0.464370 157.000000 152.000000 144.000000
-0.127567 -0.121910 0.480470 152.000000 149.000000 143.000000
-0.076995 -0.128794 0.505540 146.000000 144.000000 140.000000
-0.036982 -0.133211 0.521870 144.000000 140.000000 135.000000
-0.028698 -0.134357 0.526240 139.000000 138.000000 131.000000
0.005864 -0.138038 0.540500 140.000000 139.000000 130.000000
0.023832 -0.139769 0.547400 138.000000 134.000000 131.000000
0.051998 -0.143413 0.562120 137.000000 132.000000 125.000000
0.122187 -0.150687 0.592710 136.000000 128.000000 117.000000
0.132680 -0.151645 0.596850 137.000000 127.000000 119.000000
0.176667 -0.156162 0.616170 134.000000 127.000000 118.000000
0.187824 -0.157119 0.620310 141.000000 131.000000 123.000000
0.224102 -0.161472 0.638480 138.000000 125.000000 120.000000
0.287353 -0.168151 0.665620 135.000000 125.000000 115.000000
0.300152 -0.169275 0.669990 134.000000 130.000000 113.000000
0.328895 -0.172944 0.684020 134.000000 124.000000 114.000000
-0.205484 -0.105867 0.447350 165.000000 161.000000 156.000000
-0.198788 -0.106177 0.448730 166.000000 156.000000 161.000000
-0.161183 -0.110367 0.465750 158.000000 153.000000 144.000000
-0.147581 -0.111524 0.470120 156.000000 150.000000 145.000000
-0.127397 -0.113977 0.479550 154.000000 147.000000 145.000000
-0.113275 -0.115495 0.485300 137.000000 131.000000 127.000000
-0.084028 -0.118855 0.498180 151.000000 151.000000 153.000000
-0.028611 -0.125410 0.524170 144.000000 140.000000 135.000000
0.014803 -0.130116 0.543720 141.000000 135.000000 132.000000
0.071407 -0.136251 0.570400 135.000000 130.000000 122.000000
0.081174 -0.137007 0.573850 138.000000 130.000000 123.000000
0.101368 -0.138992 0.582820 134.000000 129.000000 117.000000
0.111553 -0.139839 0.586730 131.000000 124.000000 122.000000
0.143061 -0.142627 0.599610 137.000000 127.000000 119.000000
0.223205 -0.150555 0.635720 138.000000 131.000000 117.000000
0.235277 -0.151683 0.640780 134.000000 127.000000 118.000000
0.247346 -0.152712 0.645380 133.000000 126.000000 113.000000
0.274852 -0.156441 0.661480 137.000000 129.000000 122.000000
0.299715 -0.158228 0.669070 140.000000 124.000000 111.000000
0.313950 -0.159944 0.676200 132.000000 125.000000 114.000000
0.328039 -0.161470 0.682410 139.000000 127.000000 117.000000
-0.198682 -0.098877 0.448500 164.000000 158.000000 155.000000
-0.185941 -0.099864 0.452870 159.000000 155.000000 154.000000
-0.179632 -0.100451 0.455400 162.000000 157.000000 156.000000
-0.160920 -0.102671 0.464830 160.000000 153.000000 153.000000
-0.154137 -0.103188 0.466900 154.000000 154.000000 154.000000
-0.147431 -0.103812 0.469430 158.000000 152.000000 150.000000
-0.134477 -0.105633 0.477020 150.000000 151.000000 144.000000
-0.113136 -0.107489 0.484380 139.000000 137.000000 137.000000
-0.106010 -0.108278 0.487600 137.000000 140.000000 137.000000
0.023891 -0.122217 0.547630 141.000000 137.000000 133.000000
0.101090 -0.129160 0.580750 135.000000 131.000000 123.000000
0.111422 -0.130150 0.585580 133.000000 128.000000 116.000000
0.142828 -0.132683 0.598230 134.000000 127.000000 118.000000
0.153932 -0.133862 0.603980 134.000000 128.000000 121.000000
0.164773 -0.134682 0.608120 134.000000 128.000000 123.000000
0.199506 -0.138163 0.625140 134.000000 127.000000 116.000000
0.210923 -0.138991 0.629280 134.000000 126.000000 120.000000
0.246961 -0.142070 0.644230 140.000000 130.000000 117.000000
0.286170 -0.146059 0.662860 128.000000 123.000000 113.000000
0.300220 -0.147675 0.670220 134.000000 127.000000 116.000000
0.328309 -0.150568 0.683100 126.000000 121.000000 111.000000
-0.222384 -0.089422 0.437230 165.000000 162.000000 163.000000
-0.216727 -0.090034 0.440450 166.000000 166.000000 166.000000
-0.198277 -0.091447 0.447580 167.000000 160.000000 158.000000
-0.192399 -0.092117 0.450800 162.000000 156.000000 160.000000
-0.186156 -0.092657 0.453330 162.000000 160.000000 159.000000
-0.147931 -0.096540 0.470810 153.000000 149.000000 146.000000
-0.112887 -0.099405 0.483000 140.000000 139.000000 142.000000
-0.076166 -0.103019 0.498870 126.000000 131.000000 129.000000
-0.052837 -0.105317 0.509220 124.000000 128.000000 129.000000
-0.044836 -0.106120 0.512900 127.000000 127.000000 127.000000
-0.036624 -0.106678 0.515430 135.000000 137.000000 136.000000
-0.028511 -0.107944 0.521410 143.000000 148.000000 147.000000
0.023854 -0.113096 0.546250 137.000000 133.000000 130.000000
0.033008 -0.113783 0.549700 134.000000 133.000000 129.000000
0.111288 -0.120480 0.584430 136.000000 128.000000 121.000000
0.122032 -0.121674 0.590640 135.000000 130.000000 120.000000
0.235162 -0.130919 0.640090 141.000000 129.000000 119.000000
0.246846 -0.131603 0.643770 134.000000 124.000000 116.000000
0.272527 -0.133943 0.655730 137.000000 129.000000 120.000000
0.285594 -0.135086 0.661480 131.000000 123.000000 114.000000
0.299191 -0.136386 0.667920 134.000000 129.000000 119.000000
0.314536 -0.138362 0.677580 139.000000 125.000000 116.000000
0.327380 -0.139139 0.681260 127.000000 124.000000 111.000000
-0.222217 -0.082287 0.437000 170.000000 165.000000 166.000000
-0.191830 -0.084584 0.449420 163.000000 161.000000 160.000000
-0.185525 -0.085044 0.451720 168.000000 159.000000 158.000000
-0.179706 -0.085773 0.455400 162.000000 160.000000 161.000000
-0.173258 -0.086250 0.457700 161.000000 159.000000 157.000000
-0.147203 -0.088477 0.468280 159.000000 154.000000 156.000000
-0.140643 -0.089153 0.471500 152.000000 150.000000 148.000000
-0.112960 -0.091615 0.483000 140.000000 137.000000 143.000000
-0.105854 -0.092297 0.486220 133.000000 135.000000 139.000000
-0.098354 -0.092715 0.488060 129.000000 136.000000 136.000000
-0.052690 -0.096735 0.507380 119.000000 121.000000 123.000000
-0.028384 -0.098986 0.518650 118.000000 121.000000 120.000000
-0.020029 -0.099752 0.522560 121.000000 121.000000 121.000000
0.014659 -0.102481 0.536820 138.000000 141.000000 138.000000
0.032817 -0.104193 0.546020 137.000000 138.000000 133.000000
0.164340 -0.114662 0.605820 130.000000 127.000000 119.000000
0.187358 -0.116695 0.617550 133.000000 133.000000 121.000000
0.210322 -0.118298 0.626980 137.000000 129.000000 118.000000
0.222309 -0.119257 0.632500 133.000000 126.000000 117.000000
0.259543 -0.122256 0.649520 132.000000 126.000000 119.000000
0.285621 -0.124419 0.661480 133.000000 126.000000 117.000000
0.298171 -0.125174 0.665620 131.000000 126.000000 114.000000
0.312820 -0.126725 0.673900 135.000000 124.000000 112.000000
-0.221593 -0.075008 0.435850 161.000000 158.000000 161.000000
-0.214973 -0.075179 0.437000 158.000000 159.000000 156.000000
-0.191461 -0.077175 0.448500 163.000000 163.000000 163.000000
-0.184990 -0.077522 0.450340 159.000000 159.000000 159.000000
-0.179383 -0.078272 0.454480 165.000000 160.000000 162.000000
-0.166880 -0.079357 0.460230 156.000000 155.000000 160.000000
-0.147195 -0.080884 0.468050 156.000000 154.000000 153.000000
-0.140710 -0.081546 0.471500 149.000000 154.000000 152.000000
-0.133782 -0.082012 0.473800 155.000000 155.000000 153.000000
-0.112545 -0.083453 0.480930 134.000000 133.000000 136.000000
-0.105472 -0.084080 0.484150 130.000000 132.000000 136.000000
-0.068337 -0.087182 0.500250 113.000000 117.000000 120.000000
-0.019992 -0.091041 0.521180 112.000000 116.000000 117.000000
0.070668 -0.098066 0.562580 138.000000 137.000000 130.000000
0.100841 -0.100556 0.577990 137.000000 134.000000 126.000000
0.132472 -0.103077 0.593860 134.000000 130.000000 122.000000
0.175553 -0.105633 0.610650 133.000000 132.000000 123.000000
0.246623 -0.110701 0.642850 132.000000 126.000000 117.000000
0.258864 -0.111471 0.647680 127.000000 123.000000 108.000000
0.271754 -0.112447 0.653660 132.000000 127.000000 115.000000
0.284959 -0.113474 0.659870 135.000000 123.000000 114.000000
0.297571 -0.114197 0.664240 136.000000 126.000000 120.000000
-0.221213 -0.067842 0.435160 166.000000 166.000000 168.000000
-0.215523 -0.068290 0.438150 166.000000 170.000000 171.000000
-0.209453 -0.068641 0.440450 167.000000 159.000000 162.000000
-0.203347 -0.069004 0.442750 172.000000 165.000000 168.000000
-0.190996 -0.069759 0.447350 163.000000 161.000000 164.000000
-0.184741 -0.070148 0.449650 159.000000 159.000000 159.000000
-0.179334 -0.070904 0.454250 161.000000 160.000000 163.000000
-0.173353 -0.071487 0.457700 156.000000 158.000000 159.000000
-0.160274 -0.072309 0.462300 160.000000 157.000000 160.000000
-0.140501 -0.073787 0.470580 158.000000 155.000000 156.000000
-0.133524 -0.074175 0.472650 162.000000 162.000000 162.000000
-0.105085 -0.075917 0.482080 131.000000 135.000000 136.000000
-0.097926 -0.076486 0.485300 128.000000 134.000000 139.000000
-0.052628 -0.080063 0.506000 109.000000 116.000000 116.000000
-0.044641 -0.080644 0.509450 112.000000 115.000000 114.000000
-0.019946 -0.082319 0.519570 102.000000 106.000000 107.000000
-0.011478 -0.082841 0.522790 87.000000 95.000000 99.000000
-0.002906 -0.083465 0.526700 98.000000 103.000000 101.000000
0.005787 -0.083973 0.529920 82.000000 87.000000 85.000000
0.023525 -0.085115 0.537280 93.000000 95.000000 96.000000
0.070404 -0.088539 0.560050 119.000000 119.000000 117.000000
0.090272 -0.090023 0.570170 135.000000 134.000000 130.000000
0.142418 -0.093568 0.595010 131.000000 128.000000 120.000000
0.153007 -0.094099 0.598920 131.000000 129.000000 125.000000
0.175045 -0.095446 0.608580 137.000000 132.000000 123.000000
0.197874 -0.096900 0.618930 137.000000 132.000000 123.000000
0.210334 -0.098006 0.626520 134.000000 131.000000 118.000000
0.223518 -0.099330 0.635490 133.000000 128.000000 118.000000
0.257818 -0.100597 0.644920 133.000000 126.000000 115.000000
0.284102 -0.102508 0.657800 137.000000 127.000000 117.000000
0.310374 -0.104140 0.668610 139.000000 127.000000 113.000000
-0.221425 -0.060864 0.435620 169.000000 168.000000 171.000000
-0.215514 -0.061205 0.438150 160.000000 170.000000 166.000000
-0.208908 -0.061364 0.439300 165.000000 162.000000 165.000000
-0.178920 -0.063411 0.453100 158.000000 158.000000 158.000000
-0.133521 -0.066496 0.472420 154.000000 159.000000 157.000000
-0.126288 -0.066751 0.473800 159.000000 161.000000 165.000000
-0.104895 -0.067938 0.480930 123.000000 132.000000 133.000000
-0.052473 -0.071571 0.504160 105.000000 114.000000 116.000000
-0.002902 -0.074758 0.525780 48.000000 52.000000 55.000000
0.023483 -0.076173 0.535900 42.000000 47.000000 45.000000
0.032621 -0.076936 0.541420 83.000000 83.000000 83.000000
0.080155 -0.079939 0.563960 105.000000 108.000000 105.000000
0.174995 -0.085540 0.608120 138.000000 135.000000 127.000000
0.209253 -0.087405 0.623070 134.000000 128.000000 121.000000
0.221732 -0.088330 0.630200 132.000000 126.000000 117.000000
0.234775 -0.089387 0.638250 139.000000 132.000000 119.000000
0.246312 -0.089803 0.641700 123.000000 120.000000 110.000000
0.269747 -0.090655 0.648600 131.000000 128.000000 118.000000
0.310816 -0.093476 0.669530 127.000000 127.000000 116.000000
0.324780 -0.094365 0.675970 136.000000 124.000000 119.000000
-0.220241 -0.053531 0.433320 166.000000 168.000000 170.000000
-0.214491 -0.053865 0.436080 164.000000 164.000000 164.000000
-0.178506 -0.055952 0.451950 166.000000 163.000000 168.000000
-0.172572 -0.056420 0.455400 159.000000 159.000000 161.000000
-0.166197 -0.056778 0.457930 158.000000 157.000000 164.000000
-0.133385 -0.058757 0.471730 156.000000 158.000000 157.000000
-0.126040 -0.058928 0.472650 161.000000 163.000000 165.000000
-0.104500 -0.059869 0.478860 125.000000 129.000000 134.000000
-0.097436 -0.060354 0.482310 127.000000 131.000000 136.000000
-0.052387 -0.063210 0.503010 100.000000 104.000000 108.000000
-0.044480 -0.063732 0.506920 91.000000 100.000000 104.000000
-0.011448 -0.065539 0.520720 39.000000 43.000000 44.000000
-0.002897 -0.066035 0.524630 34.000000 37.000000 38.000000
0.099952 -0.071632 0.571780 100.000000 108.000000 101.000000
0.152575 -0.074408 0.596620 127.000000 120.000000 120.000000
0.174476 -0.075437 0.606050 134.000000 108.000000 33.000000
0.208940 -0.077191 0.621920 138.000000 130.000000 121.000000
0.232557 -0.078310 0.632040 137.000000 129.000000 120.000000
0.257104 -0.079528 0.642850 127.000000 123.000000 119.000000
0.268839 -0.079903 0.646300 133.000000 126.000000 113.000000
0.282492 -0.080797 0.653890 131.000000 124.000000 108.000000
0.323901 -0.083220 0.674130 135.000000 130.000000 118.000000
-0.219881 -0.046448 0.432630 170.000000 168.000000 171.000000
-0.214378 -0.046791 0.435850 165.000000 168.000000 164.000000
-0.208265 -0.047019 0.437920 161.000000 165.000000 168.000000
-0.172090 -0.048910 0.454020 160.000000 164.000000 165.000000
-0.165741 -0.049224 0.456550 168.000000 166.000000 166.000000
-0.159231 -0.049517 0.458850 161.000000 163.000000 165.000000
-0.153101 -0.049961 0.462530 162.000000 161.000000 164.000000
-0.104249 -0.051931 0.477480 122.000000 128.000000 133.000000
-0.097206 -0.052354 0.480930 124.000000 128.000000 131.000000
-0.052274 -0.054847 0.501630 64.000000 71.000000 71.000000
-0.002887 -0.057233 0.522560 47.000000 60.000000 51.000000
0.089966 -0.061868 0.567180 96.000000 104.000000 97.000000
0.120770 -0.063361 0.582360 107.000000 107.000000 105.000000
0.141480 -0.064088 0.590180 106.000000 106.000000 104.000000
0.152173 -0.064524 0.594780 116.000000 114.000000 110.000000
0.208544 -0.066980 0.620540 137.000000 129.000000 120.000000
0.231688 -0.067822 0.629510 133.000000 127.000000 122.000000
0.244578 -0.068557 0.636870 124.000000 124.000000 108.000000
0.256605 -0.068998 0.641470 132.000000 127.000000 113.000000
0.281539 -0.069994 0.651590 133.000000 126.000000 117.000000
0.322917 -0.072111 0.672060 135.000000 130.000000 118.000000
-0.213702 -0.039620 0.434470 171.000000 173.000000 172.000000
-0.207947 -0.039880 0.437230 170.000000 168.000000 171.000000
-0.201924 -0.040103 0.439530 169.000000 168.000000 171.000000
-0.196262 -0.040416 0.442750 169.000000 168.000000 171.000000
-0.171431 -0.041397 0.452180 161.000000 163.000000 165.000000
-0.165532 -0.041772 0.455860 160.000000 162.000000 166.000000
-0.159195 -0.042066 0.458620 161.000000 163.000000 165.000000
-0.125835 -0.043471 0.471500 160.000000 164.000000 167.000000
-0.118522 -0.043622 0.472650 122.000000 128.000000 133.000000
-0.096924 -0.044368 0.479320 116.000000 124.000000 128.000000
-0.090034 -0.044856 0.484150 105.000000 114.000000 118.000000
-0.082581 -0.045129 0.486680 98.000000 109.000000 112.000000
-0.044349 -0.046968 0.504850 66.000000 75.000000 72.000000
-0.036214 -0.047202 0.507150 55.000000 62.000000 59.000000
-0.002886 -0.048633 0.522100 55.000000 65.000000 62.000000
0.005760 -0.048974 0.525780 63.000000 70.000000 66.000000
0.023489 -0.049815 0.534980 65.000000 73.000000 68.000000
0.060674 -0.051440 0.553380 54.000000 57.000000 52.000000
0.080065 -0.052203 0.562350 95.000000 99.000000 98.000000
0.151998 -0.054772 0.593860 112.000000 112.000000 112.000000
0.185380 -0.056036 0.609500 131.000000 129.000000 125.000000
0.208296 -0.056847 0.619620 130.000000 127.000000 119.000000
0.232592 -0.057851 0.631810 130.000000 127.000000 117.000000
0.244632 -0.058262 0.636870 129.000000 122.000000 108.000000
0.256378 -0.058570 0.640780 135.000000 125.000000 115.000000
0.280782 -0.059303 0.649750 138.000000 129.000000 118.000000
0.294521 -0.059941 0.657110 132.000000 124.000000 118.000000
0.322821 -0.061235 0.671830 131.000000 122.000000 119.000000
-0.207412 -0.032727 0.436080 164.000000 168.000000 174.000000
-0.201518 -0.032931 0.438610 166.000000 166.000000 168.000000
-0.196284 -0.033261 0.442750 170.000000 172.000000 171.000000
-0.158914 -0.034564 0.457700 157.000000 162.000000 163.000000
-0.152653 -0.034844 0.460920 165.000000 167.000000 168.000000
-0.146138 -0.035091 0.463680 164.000000 165.000000 169.000000
-0.125570 -0.035714 0.470350 157.000000 163.000000 168.000000
-0.089643 -0.036775 0.481850 113.000000 124.000000 127.000000
-0.036214 -0.038873 0.506920 68.000000 72.000000 73.000000
0.005761 -0.040334 0.525550 82.000000 87.000000 85.000000
0.014558 -0.040700 0.530380 79.000000 84.000000 83.000000
0.023480 -0.041009 0.534520 83.000000 87.000000 88.000000
0.109970 -0.043842 0.574770 105.000000 108.000000 107.000000
0.130047 -0.044245 0.581210 104.000000 107.000000 106.000000
0.162424 -0.045287 0.596850 111.000000 114.000000 113.000000
0.173405 -0.045603 0.601680 102.000000 102.000000 102.000000
0.220037 -0.047137 0.624680 131.000000 130.000000 121.000000
0.244857 -0.047995 0.637330 121.000000 121.000000 112.000000
0.255963 -0.048124 0.639630 130.000000 128.000000 115.000000
0.281911 -0.048997 0.652280 124.000000 121.000000 113.000000
0.295377 -0.049465 0.658950 130.000000 121.000000 117.000000
0.307700 -0.049714 0.662630 126.000000 125.000000 116.000000
0.321732 -0.050211 0.669530 129.000000 123.000000 119.000000
-0.201323 -0.025814 0.438150 167.000000 171.000000 172.000000
-0.195386 -0.025981 0.440680 167.000000 168.000000 175.000000
-0.189878 -0.026218 0.444360 164.000000 165.000000 162.000000
-0.158548 -0.027074 0.456550 163.000000 165.000000 164.000000
-0.152459 -0.027324 0.460230 161.000000 167.000000 169.000000
-0.118311 -0.028157 0.471500 111.000000 119.000000 126.000000
-0.111234 -0.028326 0.473800 105.000000 115.000000 123.000000
-0.059743 -0.029770 0.494730 112.000000 122.000000 128.000000
-0.036097 -0.030443 0.505080 82.000000 90.000000 97.000000
-0.028070 -0.030773 0.510370 37.000000 37.000000 37.000000
0.070233 -0.033493 0.556830 48.000000 53.000000 49.000000
0.089901 -0.033992 0.566030 81.000000 86.000000 80.000000
0.184503 -0.036052 0.606280 134.000000 128.000000 123.000000
0.208088 -0.036703 0.618700 133.000000 126.000000 124.000000
0.219597 -0.036933 0.623300 137.000000 129.000000 122.000000
0.255543 -0.037711 0.638480 130.000000 128.000000 113.000000
0.267955 -0.037987 0.643770 126.000000 126.000000 114.000000
-0.219066 -0.018392 0.431020 171.000000 172.000000 176.000000
-0.160860 -0.014965 0.350060 166.000000 168.000000 172.000000
-0.194996 -0.018815 0.439760 164.000000 168.000000 172.000000
-0.189309 -0.018971 0.442980 165.000000 166.000000 173.000000
-0.183533 -0.019129 0.446200 165.000000 165.000000 169.000000
-0.145768 -0.019966 0.462300 160.000000 163.000000 171.000000
-0.139040 -0.020091 0.464600 157.000000 163.000000 170.000000
-0.118109 -0.020428 0.470580 103.000000 113.000000 121.000000
-0.028015 -0.022336 0.509220 25.000000 30.000000 28.000000
0.032390 -0.023502 0.535900 84.000000 94.000000 89.000000
0.172695 -0.025913 0.598920 121.000000 119.000000 120.000000
0.206967 -0.026515 0.615250 134.000000 126.000000 122.000000
0.218501 -0.026688 0.620080 136.000000 128.000000 121.000000
0.242637 -0.027105 0.631350 130.000000 123.000000 109.000000
0.255577 -0.027379 0.638480 131.000000 125.000000 116.000000
0.268083 -0.027585 0.644000 128.000000 128.000000 117.000000
0.279886 -0.027704 0.647450 126.000000 121.000000 111.000000
0.306038 -0.028146 0.658950 127.000000 123.000000 117.000000
0.319336 -0.028361 0.664470 131.000000 124.000000 112.000000
-0.200296 -0.011583 0.435850 157.000000 165.000000 171.000000
-0.194298 -0.011659 0.438150 170.000000 167.000000 173.000000
-0.188736 -0.011766 0.441600 161.000000 164.000000 172.000000
-0.182700 -0.011850 0.444130 167.000000 168.000000 175.000000
-0.145428 -0.012418 0.461150 164.000000 163.000000 170.000000
-0.117726 -0.012705 0.468970 108.000000 119.000000 124.000000
-0.111013 -0.012823 0.472650 84.000000 94.000000 100.000000
-0.067283 -0.013399 0.490360 89.000000 97.000000 104.000000
-0.019686 -0.014010 0.510830 37.000000 44.000000 42.000000
0.089582 -0.015380 0.563730 54.000000 64.000000 59.000000
0.172128 -0.016108 0.596850 127.000000 132.000000 128.000000
0.206997 -0.016526 0.615250 125.000000 129.000000 121.000000
0.184035 -0.013376 0.499560 131.000000 130.000000 119.000000
0.241429 -0.016793 0.628130 136.000000 126.000000 116.000000
0.254132 -0.016946 0.634800 137.000000 127.000000 117.000000
0.267919 -0.017154 0.643540 129.000000 126.000000 114.000000
0.292259 -0.017328 0.651820 142.000000 130.000000 121.000000
0.305525 -0.017466 0.657800 132.000000 124.000000 118.000000
0.318581 -0.017580 0.662860 129.000000 121.000000 110.000000
-0.217565 -0.004417 0.428030 175.000000 170.000000 174.000000
-0.211824 -0.004455 0.430560 169.000000 173.000000 178.000000
-0.188259 -0.004607 0.440450 167.000000 170.000000 176.000000
-0.182147 -0.004644 0.442750 170.000000 169.000000 176.000000
-0.110649 -0.005082 0.471040 73.000000 84.000000 90.000000
-0.067135 -0.005336 0.489210 82.000000 91.000000 95.000000
-0.011310 -0.005629 0.513130 57.000000 69.000000 67.000000
0.005720 -0.005718 0.521180 66.000000 76.000000 70.000000
0.041495 -0.005906 0.539350 67.000000 74.000000 74.000000
0.099434 -0.006165 0.567410 70.000000 77.000000 72.000000
0.139674 -0.006270 0.581670 100.000000 102.000000 99.000000
0.171816 -0.006376 0.595700 126.000000 131.000000 127.000000
0.183543 -0.006436 0.602830 129.000000 125.000000 122.000000
0.241893 -0.006628 0.629280 120.000000 115.000000 105.000000
0.266983 -0.006716 0.641240 129.000000 124.000000 116.000000
0.317273 -0.006838 0.660100 130.000000 121.000000 108.000000
-0.217811 0.002511 0.428490 170.000000 176.000000 179.000000
-0.212062 0.002513 0.431020 171.000000 172.000000 180.000000
-0.188270 0.002523 0.440450 164.000000 168.000000 176.000000
-0.181685 0.002521 0.441600 166.000000 169.000000 175.000000
-0.176072 0.002533 0.445280 165.000000 172.000000 174.000000
-0.138055 0.002581 0.461150 163.000000 167.000000 170.000000
-0.103632 0.002629 0.473800 106.000000 111.000000 121.000000
-0.096549 0.002642 0.476790 104.000000 117.000000 126.000000
-0.059371 0.002708 0.491280 61.000000 72.000000 75.000000
-0.011311 0.002822 0.513130 55.000000 64.000000 66.000000
0.041392 0.002961 0.537970 59.000000 66.000000 64.000000
0.099159 0.003128 0.565800 78.000000 85.000000 85.000000
0.109028 0.003150 0.569250 81.000000 87.000000 78.000000
0.129558 0.003210 0.578450 100.000000 100.000000 100.000000
0.139684 0.003232 0.581670 95.000000 97.000000 99.000000
0.218404 0.003495 0.619620 133.000000 127.000000 120.000000
0.231181 0.003549 0.627440 134.000000 129.000000 119.000000
0.290749 0.003732 0.648370 131.000000 121.000000 113.000000
-0.212075 0.009486 0.431020 171.000000 173.000000 174.000000
-0.181976 0.009689 0.442290 164.000000 170.000000 175.000000
-0.175987 0.009746 0.445050 166.000000 169.000000 175.000000
-0.169828 0.009798 0.447580 164.000000 170.000000 175.000000
-0.130973 0.010119 0.462300 165.000000 171.000000 178.000000
-0.096409 0.010434 0.476100 114.000000 125.000000 130.000000
0.041321 0.011793 0.537050 63.000000 68.000000 66.000000
0.060016 0.011994 0.546480 70.000000 76.000000 79.000000
0.108852 0.012455 0.568330 83.000000 87.000000 88.000000
0.171100 0.012978 0.593170 134.000000 134.000000 134.000000
0.182717 0.013127 0.600070 131.000000 128.000000 120.000000
0.194245 0.013256 0.606050 135.000000 130.000000 120.000000
0.242004 0.013775 0.629510 129.000000 126.000000 118.000000
0.253994 0.013885 0.634340 133.000000 128.000000 118.000000
0.265860 0.013982 0.638480 131.000000 123.000000 116.000000
0.277475 0.014062 0.641700 124.000000 118.000000 111.000000
0.289732 0.014168 0.646070 127.000000 126.000000 118.000000
0.316867 0.014486 0.659180 122.000000 119.000000 111.000000
-0.216907 0.016310 0.426650 166.000000 172.000000 177.000000
-0.211184 0.016391 0.429180 171.000000 172.000000 178.000000
-0.175898 0.016951 0.444820 163.000000 169.000000 174.000000
-0.130968 0.017655 0.462300 162.000000 167.000000 179.000000
-0.051516 0.018942 0.493350 65.000000 66.000000 70.000000
0.088680 0.021390 0.557980 29.000000 32.000000 24.000000
0.108447 0.021685 0.566260 83.000000 88.000000 84.000000
0.118743 0.021876 0.571550 86.000000 89.000000 85.000000
0.205562 0.023287 0.610880 128.000000 127.000000 123.000000
0.228983 0.023676 0.621460 132.000000 126.000000 119.000000
0.253168 0.024082 0.632270 122.000000 124.000000 114.000000
0.266344 0.024363 0.639630 126.000000 125.000000 116.000000
0.302921 0.024858 0.652050 121.000000 118.000000 107.000000
-0.216809 0.023205 0.426420 168.000000 172.000000 175.000000
-0.205209 0.023437 0.431250 170.000000 174.000000 179.000000
-0.199291 0.023552 0.433550 170.000000 169.000000 176.000000
-0.169649 0.024292 0.447120 163.000000 167.000000 173.000000
-0.163415 0.024438 0.449650 163.000000 168.000000 178.000000
-0.156700 0.024523 0.451030 161.000000 170.000000 172.000000
-0.088904 0.026115 0.477480 80.000000 95.000000 101.000000
-0.043619 0.027199 0.495880 70.000000 80.000000 86.000000
0.014382 0.028735 0.523480 67.000000 74.000000 76.000000
0.108168 0.030882 0.564880 66.000000 82.000000 79.000000
0.149340 0.031780 0.582820 93.000000 94.000000 98.000000
0.193636 0.032865 0.604210 127.000000 127.000000 125.000000
0.216369 0.033357 0.613870 126.000000 125.000000 116.000000
0.252888 0.034286 0.631580 125.000000 123.000000 110.000000
0.266343 0.034719 0.639630 125.000000 123.000000 112.000000
0.277287 0.034805 0.641240 128.000000 126.000000 108.000000
0.288925 0.034971 0.644230 121.000000 121.000000 108.000000
0.302399 0.035343 0.650900 124.000000 118.000000 109.000000
-0.210649 0.030204 0.428030 166.000000 172.000000 179.000000
-0.199192 0.030554 0.433320 165.000000 171.000000 178.000000
-0.168942 0.031414 0.445280 165.000000 171.000000 178.000000
-0.156207 0.031750 0.449650 162.000000 168.000000 170.000000
-0.123494 0.032744 0.462300 96.000000 108.000000 118.000000
-0.116846 0.032995 0.465520 83.000000 91.000000 100.000000
0.108101 0.040110 0.564650 64.000000 71.000000 71.000000
0.118368 0.040459 0.569940 75.000000 85.000000 81.000000
0.128479 0.040708 0.573850 79.000000 84.000000 83.000000
0.159013 0.041339 0.583970 69.000000 75.000000 75.000000
0.169859 0.041668 0.589030 143.000000 138.000000 130.000000
0.215621 0.043174 0.611800 127.000000 123.000000 115.000000
0.250945 0.044176 0.626750 127.000000 123.000000 115.000000
0.264423 0.044750 0.635030 127.000000 122.000000 112.000000
0.300273 0.045548 0.646300 130.000000 121.000000 108.000000
0.313936 0.046033 0.652970 129.000000 124.000000 112.000000
-0.210214 0.037056 0.427110 170.000000 173.000000 184.000000
-0.204685 0.037299 0.430100 173.000000 174.000000 181.000000
-0.198775 0.037489 0.432400 162.000000 170.000000 177.000000
-0.162552 0.038831 0.447350 157.000000 167.000000 175.000000
-0.156188 0.039050 0.449650 159.000000 165.000000 172.000000
-0.123407 0.040259 0.462070 70.000000 82.000000 89.000000
-0.027600 0.044040 0.501860 49.000000 61.000000 59.000000
0.031973 0.046434 0.529230 37.000000 39.000000 40.000000
0.078522 0.048249 0.551080 51.000000 58.000000 58.000000
0.169827 0.051255 0.589030 125.000000 130.000000 128.000000
0.181661 0.051899 0.596850 130.000000 129.000000 118.000000
0.203875 0.052631 0.606050 129.000000 121.000000 114.000000
0.263935 0.054930 0.633880 128.000000 126.000000 110.000000
0.276886 0.055480 0.640320 125.000000 117.000000 111.000000
0.313734 0.056559 0.652510 124.000000 119.000000 107.000000
-0.198676 0.044466 0.432170 165.000000 173.000000 179.000000
-0.192410 0.044628 0.433780 167.000000 173.000000 180.000000
-0.156164 0.046348 0.449650 164.000000 165.000000 169.000000
-0.150102 0.046731 0.453100 162.000000 167.000000 177.000000
-0.116500 0.048057 0.464370 70.000000 80.000000 86.000000
0.031890 0.054998 0.528080 53.000000 65.000000 61.000000
0.041002 0.055556 0.533600 40.000000 49.000000 53.000000
0.059512 0.056445 0.542570 56.000000 63.000000 59.000000
0.087930 0.057524 0.553840 49.000000 56.000000 54.000000
0.117392 0.058626 0.565570 56.000000 61.000000 61.000000
0.127429 0.058989 0.569480 49.000000 54.000000 54.000000
0.158126 0.060047 0.580980 67.000000 70.000000 67.000000
0.169522 0.060740 0.588110 125.000000 125.000000 125.000000
0.180852 0.061338 0.594320 126.000000 125.000000 116.000000
0.250267 0.064310 0.625140 127.000000 119.000000 115.000000
0.262581 0.064860 0.630660 122.000000 119.000000 109.000000
0.275388 0.065488 0.636870 126.000000 114.000000 104.000000
0.288007 0.066030 0.642160 123.000000 120.000000 112.000000
0.299975 0.066392 0.645610 122.000000 114.000000 107.000000
-0.198155 0.051327 0.431020 171.000000 170.000000 177.000000
-0.191901 0.051515 0.432630 167.000000 170.000000 176.000000
-0.149691 0.053948 0.451950 163.000000 164.000000 170.000000
-0.109282 0.055825 0.465750 69.000000 74.000000 83.000000
-0.102495 0.056278 0.469200 78.000000 88.000000 96.000000
-0.019339 0.060596 0.502550 94.000000 105.000000 111.000000
0.040876 0.064132 0.532220 55.000000 62.000000 57.000000
0.059358 0.065188 0.541420 57.000000 62.000000 63.000000
0.117109 0.067713 0.564420 42.000000 47.000000 45.000000
0.191587 0.071410 0.598230 127.000000 126.000000 120.000000
0.237228 0.073527 0.617320 130.000000 120.000000 112.000000
0.273989 0.075411 0.633650 124.000000 118.000000 109.000000
0.285637 0.075792 0.636870 121.000000 118.000000 107.000000
0.311570 0.077135 0.647910 131.000000 119.000000 109.000000
-0.191800 0.058489 0.432400 162.000000 170.000000 179.000000
-0.186299 0.058958 0.435850 165.000000 171.000000 178.000000
-0.143056 0.061598 0.454020 162.000000 165.000000 173.000000
-0.136519 0.061982 0.456550 166.000000 172.000000 179.000000
-0.065836 0.065692 0.480700 67.000000 73.000000 78.000000
-0.011130 0.069303 0.506000 98.000000 103.000000 111.000000
-0.002822 0.069936 0.510600 63.000000 74.000000 77.000000
0.049913 0.073284 0.535670 69.000000 87.000000 76.000000
0.097354 0.075946 0.556600 30.000000 37.000000 37.000000
0.126816 0.077231 0.567180 43.000000 48.000000 47.000000
0.137253 0.077895 0.572470 59.000000 66.000000 64.000000
0.237196 0.083522 0.617320 124.000000 122.000000 109.000000
0.248654 0.084021 0.621230 118.000000 118.000000 106.000000
0.285640 0.086099 0.636870 121.000000 117.000000 98.000000
0.310382 0.087285 0.645380 120.000000 115.000000 105.000000
-0.191292 0.065317 0.431250 169.000000 174.000000 184.000000
-0.185703 0.065806 0.434470 160.000000 168.000000 177.000000
-0.174082 0.066738 0.440450 154.000000 162.000000 171.000000
-0.142435 0.068682 0.452180 161.000000 165.000000 170.000000
-0.095263 0.071956 0.471500 72.000000 78.000000 85.000000
-0.058381 0.074133 0.484380 52.000000 65.000000 70.000000
-0.002814 0.078105 0.509450 100.000000 104.000000 110.000000
0.058813 0.082207 0.537050 95.000000 99.000000 100.000000
0.107009 0.085486 0.560050 85.000000 93.000000 86.000000
0.147137 0.087558 0.575230 77.000000 82.000000 80.000000
0.201691 0.091035 0.600070 130.000000 121.000000 117.000000
0.236720 0.093339 0.616170 125.000000 116.000000 115.000000
0.248628 0.094074 0.621230 122.000000 119.000000 111.000000
0.261287 0.095027 0.627670 126.000000 119.000000 108.000000
0.273378 0.095711 0.632270 122.000000 115.000000 101.000000
0.285749 0.096443 0.637100 124.000000 115.000000 102.000000
0.298634 0.097293 0.642620 121.000000 117.000000 102.000000
0.311745 0.098159 0.648140 116.000000 114.000000 101.000000
-0.214713 0.070839 0.421820 168.000000 176.000000 183.000000
-0.179637 0.073235 0.436770 165.000000 165.000000 177.000000
-0.135742 0.076405 0.454250 162.000000 161.000000 168.000000
-0.094981 0.079427 0.470350 30.000000 32.000000 31.000000
0.040553 0.089663 0.529000 76.000000 82.000000 84.000000
0.106643 0.094320 0.558440 53.000000 57.000000 58.000000
0.146954 0.096815 0.574770 47.000000 52.000000 50.000000
0.157214 0.097368 0.578450 66.000000 68.000000 68.000000
0.178957 0.098978 0.588800 119.000000 118.000000 112.000000
0.200863 0.100365 0.597770 126.000000 120.000000 113.000000
0.212956 0.101508 0.604900 122.000000 119.000000 111.000000
0.248048 0.103895 0.619850 122.000000 111.000000 110.000000
0.259355 0.104413 0.623070 119.000000 114.000000 104.000000
0.271583 0.105251 0.628130 120.000000 110.000000 102.000000
0.284829 0.106411 0.635030 123.000000 116.000000 104.000000
0.298124 0.107510 0.641470 120.000000 113.000000 102.000000
0.311677 0.108627 0.647910 122.000000 113.000000 100.000000
-0.178964 0.080010 0.435160 161.000000 164.000000 172.000000
-0.172861 0.080448 0.437460 164.000000 165.000000 169.000000
-0.135486 0.083636 0.453560 153.000000 161.000000 168.000000
-0.129227 0.084366 0.457240 77.000000 87.000000 93.000000
-0.087719 0.087543 0.472650 34.000000 44.000000 43.000000
-0.050501 0.090155 0.485530 77.000000 88.000000 89.000000
0.014136 0.096071 0.516810 66.000000 73.000000 73.000000
0.067976 0.100332 0.540730 54.000000 58.000000 59.000000
0.106229 0.103047 0.556600 55.000000 65.000000 60.000000
0.116161 0.103790 0.560970 58.000000 59.000000 56.000000
0.126063 0.104402 0.564650 47.000000 57.000000 52.000000
0.146827 0.106089 0.574540 53.000000 56.000000 51.000000
0.189817 0.109294 0.593400 125.000000 123.000000 121.000000
0.212986 0.111337 0.605130 121.000000 120.000000 114.000000
0.224302 0.112092 0.609500 120.000000 116.000000 108.000000
0.258000 0.113904 0.619850 122.000000 112.000000 106.000000
0.270488 0.114954 0.625600 130.000000 115.000000 109.000000
0.282883 0.115893 0.630660 126.000000 120.000000 104.000000
0.296445 0.117230 0.637790 127.000000 110.000000 100.000000
0.309405 0.118248 0.643080 122.000000 113.000000 109.000000
-0.214026 0.084246 0.420210 173.000000 177.000000 180.000000
-0.178293 0.086734 0.433550 168.000000 170.000000 174.000000
-0.173025 0.087620 0.437920 165.000000 171.000000 176.000000
-0.166844 0.088101 0.440220 156.000000 160.000000 168.000000
-0.122356 0.092239 0.459310 127.000000 140.000000 142.000000
-0.080369 0.095725 0.474950 40.000000 49.000000 51.000000
0.156262 0.115502 0.575460 62.000000 62.000000 60.000000
0.212529 0.120892 0.603980 122.000000 117.000000 107.000000
0.224681 0.122179 0.610650 119.000000 118.000000 110.000000
0.258372 0.124120 0.620770 122.000000 112.000000 104.000000
0.270591 0.125130 0.625830 119.000000 112.000000 101.000000
0.295951 0.127343 0.636640 118.000000 113.000000 99.000000
0.308361 0.128228 0.640780 117.000000 112.000000 100.000000
-0.213876 0.090999 0.419750 171.000000 172.000000 180.000000
-0.127884 0.098215 0.452870 132.000000 115.000000 103.000000
-0.034925 0.107180 0.491050 132.000000 140.000000 147.000000
0.067270 0.116819 0.535900 77.000000 84.000000 81.000000
0.076792 0.117967 0.541420 71.000000 78.000000 76.000000
0.115830 0.121759 0.560050 62.000000 66.000000 60.000000
0.125612 0.122385 0.563270 66.000000 68.000000 68.000000
0.177778 0.126856 0.585580 124.000000 118.000000 109.000000
0.199299 0.128471 0.593630 125.000000 119.000000 112.000000
0.223284 0.131256 0.606970 120.000000 114.000000 107.000000
0.234196 0.131867 0.609960 115.000000 114.000000 103.000000
0.257888 0.133921 0.619620 122.000000 112.000000 104.000000
0.270005 0.134971 0.624450 118.000000 113.000000 99.000000
0.295896 0.137627 0.636410 117.000000 115.000000 100.000000
0.309987 0.139339 0.644000 118.000000 114.000000 97.000000
-0.213856 0.097803 0.419520 169.000000 167.000000 177.000000
-0.208106 0.098299 0.422050 166.000000 169.000000 177.000000
-0.115001 0.107310 0.460000 147.000000 149.000000 151.000000
-0.065424 0.112278 0.479550 126.000000 129.000000 137.000000
-0.027045 0.115961 0.494500 122.000000 121.000000 126.000000
-0.019073 0.116788 0.497950 117.000000 119.000000 121.000000
0.031200 0.121823 0.519570 128.000000 134.000000 137.000000
0.076604 0.126508 0.540500 123.000000 126.000000 123.000000
0.105499 0.129432 0.553840 117.000000 122.000000 118.000000
0.135463 0.132216 0.566720 79.000000 83.000000 72.000000
0.177570 0.136208 0.585120 125.000000 120.000000 108.000000
0.075335 0.054853 0.235750 124.000000 115.000000 112.000000
0.199242 0.138063 0.593630 128.000000 115.000000 111.000000
0.222906 0.140855 0.606050 116.000000 114.000000 101.000000
0.233638 0.141412 0.608580 120.000000 113.000000 102.000000
0.246031 0.142890 0.615020 118.000000 111.000000 100.000000
0.269627 0.144879 0.623530 121.000000 110.000000 94.000000
0.281633 0.145877 0.627670 119.000000 109.000000 96.000000
0.294677 0.147326 0.633650 116.000000 107.000000 92.000000
0.308529 0.149070 0.640780 122.000000 109.000000 88.000000
-0.207629 0.104905 0.420900 166.000000 169.000000 177.000000
-0.201738 0.105392 0.423200 162.000000 167.000000 177.000000
-0.195818 0.105898 0.425500 168.000000 164.000000 173.000000
-0.108207 0.115542 0.462990 145.000000 148.000000 154.000000
-0.057888 0.120760 0.482310 135.000000 139.000000 145.000000
0.040039 0.131394 0.524400 118.000000 120.000000 122.000000
0.057948 0.133097 0.531530 113.000000 120.000000 120.000000
0.135112 0.141075 0.565570 121.000000 117.000000 112.000000
0.145472 0.142203 0.570400 123.000000 120.000000 112.000000
0.177014 0.145253 0.583510 129.000000 115.000000 103.000000
0.188461 0.146792 0.589950 130.000000 122.000000 111.000000
0.199111 0.147594 0.593400 124.000000 117.000000 103.000000
0.234058 0.151543 0.609730 120.000000 115.000000 105.000000
0.245657 0.152619 0.614100 116.000000 108.000000 99.000000
0.258283 0.154226 0.620540 123.000000 114.000000 101.000000
0.270553 0.155510 0.625600 128.000000 113.000000 102.000000
0.282409 0.156474 0.629280 121.000000 106.000000 95.000000
0.294864 0.157693 0.633880 115.000000 110.000000 101.000000
-0.159405 0.116427 0.439530 161.000000 157.000000 166.000000
-0.042765 0.130639 0.489900 138.000000 135.000000 138.000000
0.095252 0.145655 0.547400 123.000000 124.000000 119.000000
0.114896 0.147960 0.556600 126.000000 120.000000 113.000000
0.145162 0.151156 0.569480 116.000000 113.000000 105.000000
0.187595 0.155646 0.587420 126.000000 117.000000 101.000000
0.197981 0.156325 0.590180 118.000000 113.000000 99.000000
0.233249 0.160864 0.607660 115.000000 111.000000 94.000000
0.244831 0.162020 0.612030 117.000000 112.000000 98.000000
0.258113 0.164169 0.620080 117.000000 108.000000 97.000000
0.270398 0.165549 0.625140 113.000000 109.000000 94.000000
0.282685 0.166832 0.629740 116.000000 110.000000 91.000000
0.295283 0.168206 0.634570 116.000000 107.000000 94.000000
0.306998 0.169002 0.637100 116.000000 110.000000 89.000000
-0.195534 0.119522 0.424580 171.000000 165.000000 172.000000
-0.189453 0.120030 0.426650 153.000000 156.000000 162.000000
-0.158890 0.123152 0.438150 155.000000 159.000000 164.000000
-0.146707 0.124876 0.444130 152.000000 153.000000 160.000000
-0.100698 0.130655 0.463450 147.000000 146.000000 151.000000
0.048845 0.149226 0.527850 130.000000 126.000000 125.000000
0.057952 0.150481 0.532450 130.000000 128.000000 126.000000
0.105153 0.156021 0.553150 129.000000 118.000000 115.000000
0.114918 0.157052 0.557060 123.000000 119.000000 116.000000
0.154900 0.160910 0.571780 124.000000 111.000000 104.000000
0.187174 0.164804 0.586270 122.000000 112.000000 104.000000
0.209317 0.167310 0.595470 121.000000 111.000000 101.000000
0.232363 0.170060 0.605360 115.000000 108.000000 94.000000
0.244662 0.171816 0.611570 119.000000 109.000000 96.000000
0.257670 0.173916 0.618930 115.000000 110.000000 101.000000
0.269662 0.175200 0.623300 111.000000 103.000000 95.000000
0.280914 0.175930 0.625600 116.000000 104.000000 90.000000
0.293904 0.177662 0.631350 111.000000 105.000000 96.000000
0.306156 0.178848 0.635030 122.000000 106.000000 91.000000
-0.100242 0.137566 0.461610 146.000000 144.000000 152.000000
-0.042576 0.145987 0.488520 138.000000 141.000000 140.000000
0.005520 0.152331 0.509450 133.000000 131.000000 132.000000
0.013931 0.153284 0.512670 130.000000 130.000000 132.000000
0.057804 0.158764 0.531530 128.000000 126.000000 125.000000
0.066974 0.159950 0.535670 128.000000 123.000000 123.000000
0.104778 0.164438 0.551540 122.000000 118.000000 115.000000
0.114752 0.165877 0.556600 126.000000 119.000000 117.000000
0.144317 0.168683 0.566720 126.000000 118.000000 112.000000
0.154585 0.169849 0.570860 122.000000 113.000000 109.000000
0.164982 0.171020 0.575000 120.000000 114.000000 107.000000
0.197901 0.175394 0.590180 120.000000 110.000000 100.000000
0.208889 0.176599 0.594320 117.000000 110.000000 96.000000
0.219517 0.177409 0.597080 117.000000 112.000000 96.000000
0.243954 0.181199 0.609730 119.000000 106.000000 92.000000
0.255903 0.182683 0.614560 116.000000 107.000000 96.000000
0.268148 0.184262 0.619620 122.000000 108.000000 96.000000
0.292334 0.186900 0.627670 113.000000 107.000000 89.000000
0.305563 0.188791 0.633420 116.000000 105.000000 88.000000
-0.189101 0.133619 0.425500 166.000000 162.000000 170.000000
-0.183066 0.134256 0.427800 163.000000 162.000000 169.000000
-0.063637 0.055012 0.175490 149.000000 155.000000 160.000000
-0.139765 0.139544 0.445050 153.000000 149.000000 157.000000
-0.086462 0.147193 0.468280 144.000000 138.000000 145.000000
-0.015216 0.125641 0.398820 132.000000 131.000000 136.000000
0.013886 0.161148 0.511520 132.000000 130.000000 128.000000
0.066663 0.167899 0.533600 127.000000 122.000000 121.000000
0.104362 0.172724 0.549700 125.000000 118.000000 116.000000
0.124251 0.175554 0.559130 126.000000 117.000000 116.000000
0.164927 0.180291 0.575000 123.000000 110.000000 101.000000
0.175533 0.181614 0.579370 123.000000 111.000000 99.000000
0.186430 0.183090 0.584200 117.000000 115.000000 102.000000
0.197875 0.184937 0.590180 117.000000 110.000000 94.000000
0.208877 0.186221 0.594320 119.000000 107.000000 97.000000
0.219436 0.187016 0.596850 117.000000 108.000000 93.000000
0.243263 0.190539 0.607890 119.000000 109.000000 96.000000
0.254919 0.191904 0.612030 119.000000 110.000000 94.000000
0.267153 0.193587 0.617090 117.000000 108.000000 95.000000
0.291541 0.196554 0.625600 117.000000 105.000000 93.000000
0.304779 0.198571 0.631350 119.000000 102.000000 94.000000
-0.170822 0.142560 0.432170 151.000000 151.000000 163.000000
-0.152576 0.145210 0.440450 145.000000 151.000000 158.000000
-0.100288 0.152644 0.462300 143.000000 144.000000 148.000000
-0.072229 0.157016 0.474950 140.000000 139.000000 144.000000
-0.049871 0.159726 0.482770 131.000000 138.000000 140.000000
-0.042311 0.160901 0.486220 136.000000 136.000000 136.000000
-0.026928 0.163769 0.494730 135.000000 135.000000 137.000000
-0.018984 0.164852 0.497950 132.000000 132.000000 132.000000
-0.002770 0.166694 0.503470 134.000000 132.000000 133.000000
0.013848 0.169042 0.510600 132.000000 132.000000 132.000000
0.022314 0.170091 0.513820 132.000000 124.000000 127.000000
0.030854 0.170982 0.516580 130.000000 126.000000 125.000000
0.048341 0.173276 0.523710 128.000000 121.000000 121.000000
0.057387 0.174832 0.528540 127.000000 125.000000 128.000000
0.066526 0.176231 0.532910 119.000000 117.000000 116.000000
0.075606 0.177168 0.535900 124.000000 120.000000 117.000000
0.084992 0.178558 0.540270 128.000000 121.000000 121.000000
0.103950 0.180947 0.547860 120.000000 116.000000 112.000000
0.123625 0.183710 0.556600 123.000000 114.000000 110.000000
0.133502 0.184865 0.560280 119.000000 111.000000 105.000000
0.153787 0.187412 0.568330 119.000000 113.000000 106.000000
0.164287 0.188884 0.572930 118.000000 112.000000 96.000000
0.175217 0.190666 0.578450 115.000000 112.000000 100.000000
0.186036 0.192155 0.583050 119.000000 108.000000 103.000000
0.197398 0.194035 0.588800 112.000000 107.000000 95.000000
0.209363 0.196309 0.595700 116.000000 107.000000 96.000000
0.220301 0.197464 0.599150 121.000000 106.000000 95.000000
0.230933 0.198260 0.601450 113.000000 109.000000 94.000000
0.242683 0.199915 0.606280 116.000000 109.000000 97.000000
0.254054 0.201142 0.609730 118.000000 108.000000 86.000000
0.265883 0.202629 0.613870 114.000000 102.000000 93.000000
0.277699 0.204001 0.617550 112.000000 102.000000 89.000000
0.291315 0.206556 0.624680 112.000000 105.000000 94.000000
0.305031 0.209009 0.631350 109.000000 102.000000 75.000000
-0.212896 0.144844 0.415150 166.000000 160.000000 169.000000
-0.206886 0.145382 0.417450 158.000000 159.000000 168.000000
-0.194754 0.146493 0.421820 161.000000 159.000000 169.000000
-0.182758 0.147888 0.426650 154.000000 156.000000 162.000000
-0.164242 0.149960 0.433320 153.000000 154.000000 161.000000
-0.139372 0.153544 0.443900 152.000000 146.000000 155.000000
-0.133139 0.154668 0.447120 149.000000 149.000000 151.000000
-0.113720 0.157931 0.456320 148.000000 142.000000 148.000000
-0.106978 0.158923 0.459080 139.000000 141.000000 143.000000
-0.093170 0.160839 0.464370 139.000000 141.000000 143.000000
-0.085941 0.161441 0.465980 140.000000 143.000000 142.000000
-0.079042 0.162839 0.469890 140.000000 137.000000 141.000000
-0.071975 0.164158 0.473570 136.000000 138.000000 139.000000
-0.064597 0.164997 0.475870 137.000000 139.000000 143.000000
-0.057165 0.165913 0.478400 133.000000 135.000000 137.000000
-0.049813 0.167384 0.482540 141.000000 136.000000 137.000000
-0.042221 0.168453 0.485530 136.000000 136.000000 138.000000
-0.034512 0.169437 0.488290 136.000000 131.000000 131.000000
-0.026721 0.170496 0.491280 136.000000 131.000000 133.000000
-0.018901 0.172188 0.496110 133.000000 132.000000 135.000000
-0.010886 0.173315 0.499330 132.000000 130.000000 130.000000
-0.002766 0.174517 0.502780 138.000000 135.000000 136.000000
0.005454 0.175312 0.505080 132.000000 128.000000 129.000000
0.013829 0.177139 0.510370 128.000000 126.000000 127.000000
0.022305 0.178400 0.514050 130.000000 126.000000 125.000000
0.030815 0.179176 0.516350 129.000000 122.000000 127.000000
0.039396 0.179946 0.518650 128.000000 123.000000 123.000000
0.048282 0.181588 0.523480 127.000000 121.000000 118.000000
0.057144 0.182665 0.526700 127.000000 123.000000 119.000000
0.066249 0.184137 0.531070 124.000000 122.000000 120.000000
0.075392 0.185364 0.534750 125.000000 118.000000 116.000000
0.084540 0.186349 0.537740 122.000000 118.000000 113.000000
0.094137 0.188049 0.542800 127.000000 116.000000 111.000000
0.103586 0.189189 0.546250 122.000000 117.000000 110.000000
0.113378 0.190726 0.550850 117.000000 103.000000 103.000000
0.123109 0.191945 0.554530 123.000000 114.000000 110.000000
0.133393 0.193804 0.560050 118.000000 115.000000 109.000000
0.143326 0.194949 0.563500 118.000000 110.000000 106.000000
0.153307 0.196020 0.566720 117.000000 110.000000 106.000000
0.164119 0.197974 0.572470 117.000000 109.000000 103.000000
0.174911 0.199697 0.577530 118.000000 111.000000 98.000000
0.185361 0.200876 0.580980 120.000000 108.000000 101.000000
0.196935 0.203102 0.587420 116.000000 109.000000 97.000000
0.208895 0.205504 0.594320 116.000000 107.000000 94.000000
0.219830 0.206733 0.597770 111.000000 104.000000 93.000000
0.230816 0.207906 0.600990 110.000000 96.000000 85.000000
0.242586 0.209662 0.605820 111.000000 106.000000 92.000000
0.254651 0.211529 0.610880 110.000000 103.000000 92.000000
0.266734 0.213273 0.615480 117.000000 105.000000 91.000000
0.278410 0.214579 0.618700 118.000000 107.000000 88.000000
0.291341 0.216730 0.624220 110.000000 104.000000 85.000000
0.304991 0.219255 0.630660 116.000000 103.000000 94.000000
-0.213084 0.151762 0.414920 159.000000 161.000000 165.000000
-0.207032 0.152300 0.417220 161.000000 159.000000 167.000000
-0.200657 0.152629 0.418830 163.000000 164.000000 168.000000
-0.194938 0.153501 0.421820 170.000000 167.000000 175.000000
-0.188566 0.153904 0.423430 161.000000 157.000000 168.000000
-0.182883 0.154922 0.426650 164.000000 166.000000 165.000000
-0.176284 0.155216 0.427800 158.000000 159.000000 166.000000
-0.169776 0.155618 0.429180 156.000000 155.000000 160.000000
-0.163950 0.156709 0.432400 151.000000 152.000000 159.000000
-0.158128 0.157902 0.435850 157.000000 150.000000 155.000000
-0.151975 0.158861 0.438610 156.000000 150.000000 157.000000
-0.145520 0.159586 0.440680 147.000000 144.000000 150.000000
-0.139372 0.160740 0.443900 150.000000 149.000000 156.000000
-0.132855 0.161572 0.446200 147.000000 146.000000 153.000000
-0.126270 0.162414 0.448500 145.000000 140.000000 146.000000
-0.113517 0.165038 0.455630 144.000000 140.000000 146.000000
-0.106674 0.165901 0.457930 149.000000 146.000000 152.000000
-0.100155 0.167435 0.462070 144.000000 141.000000 144.000000
-0.092945 0.167971 0.463450 148.000000 141.000000 141.000000
-0.085857 0.168843 0.465750 140.000000 138.000000 139.000000
-0.078884 0.170133 0.469200 142.000000 140.000000 143.000000
-0.064278 0.171877 0.473800 137.000000 137.000000 137.000000
-0.057103 0.173498 0.478170 131.000000 133.000000 135.000000
-0.049734 0.174949 0.482080 141.000000 139.000000 140.000000
-0.042173 0.176146 0.485300 136.000000 131.000000 135.000000
-0.034440 0.177005 0.487600 130.000000 130.000000 130.000000
-0.026678 0.178194 0.490820 133.000000 132.000000 135.000000
-0.018836 0.179628 0.494730 124.000000 127.000000 126.000000
-0.010869 0.181140 0.498870 134.000000 129.000000 128.000000
-0.002764 0.182480 0.502550 134.000000 127.000000 127.000000
0.005445 0.183312 0.504850 134.000000 125.000000 126.000000
0.013779 0.184806 0.508990 131.000000 127.000000 126.000000
0.022236 0.186211 0.512900 128.000000 126.000000 127.000000
0.030777 0.187359 0.516120 123.000000 124.000000 119.000000
0.039524 0.189003 0.520720 128.000000 123.000000 125.000000
0.048225 0.189889 0.523250 120.000000 120.000000 118.000000
0.056979 0.190687 0.525550 125.000000 121.000000 122.000000
0.066033 0.192149 0.529690 125.000000 121.000000 122.000000
0.075215 0.193606 0.533830 126.000000 115.000000 112.000000
0.084345 0.194644 0.536820 124.000000 115.000000 116.000000
0.093846 0.196263 0.541420 121.000000 117.000000 114.000000
0.103359 0.197631 0.545330 122.000000 112.000000 104.000000
0.113089 0.199166 0.549700 122.000000 114.000000 107.000000
0.122957 0.200702 0.554070 119.000000 112.000000 103.000000
0.133018 0.202324 0.558670 116.000000 113.000000 105.000000
0.142993 0.203618 0.562350 117.000000 112.000000 100.000000
0.153087 0.204919 0.566030 118.000000 110.000000 102.000000
0.163567 0.206561 0.570630 117.000000 107.000000 99.000000
0.174201 0.208213 0.575230 116.000000 103.000000 94.000000
0.184994 0.209879 0.579830 119.000000 109.000000 98.000000
0.196565 0.212226 0.586270 116.000000 103.000000 94.000000
0.207798 0.214010 0.591100 121.000000 106.000000 88.000000
0.218365 0.214983 0.593630 118.000000 107.000000 92.000000
0.229574 0.216481 0.597540 118.000000 101.000000 89.000000
0.241869 0.218842 0.603750 119.000000 107.000000 97.000000
0.254606 0.221405 0.610420 111.000000 105.000000 100.000000
0.266820 0.223341 0.615250 113.000000 103.000000 91.000000
0.279054 0.225156 0.619620 108.000000 109.000000 86.000000
0.291085 0.226687 0.623070 113.000000 103.000000 93.000000
0.304553 0.229200 0.629050 116.000000 100.000000 101.000000
