-0.074805 -0.180991 0.493810 146.000000 141.000000 127.000000
-0.036240 -0.188773 0.514510 146.000000 139.000000 128.000000
-0.002343 -0.156752 0.427110 140.000000 133.000000 120.000000
0.005786 -0.197435 0.537970 144.000000 136.000000 127.000000
0.014647 -0.199113 0.542570 140.000000 133.000000 122.000000
0.042042 -0.203765 0.555450 140.000000 133.000000 120.000000
0.091431 -0.213808 0.583510 140.000000 130.000000 117.000000
0.101463 -0.215010 0.586960 133.000000 129.000000 112.000000
0.168133 -0.227952 0.623300 140.000000 130.000000 119.000000
0.271222 -0.248342 0.678730 134.000000 123.000000 108.000000
0.285066 -0.250832 0.685170 133.000000 127.000000 109.000000
0.314726 -0.256874 0.700580 140.000000 131.000000 115.000000
0.330979 -0.260696 0.710240 143.000000 128.000000 119.000000
0.347220 -0.264249 0.718980 139.000000 132.000000 121.000000
-0.104071 -0.129594 0.370530 157.000000 146.000000 134.000000
-0.067229 -0.174144 0.496570 144.000000 139.000000 130.000000
0.014612 -0.189849 0.540730 140.000000 133.000000 122.000000
0.051516 -0.196511 0.560050 137.000000 133.000000 121.000000
0.061073 -0.197997 0.564420 142.000000 132.000000 122.000000
0.090989 -0.203387 0.580290 137.000000 129.000000 118.000000
0.122480 -0.208899 0.596620 143.000000 134.000000 119.000000
0.133232 -0.210599 0.601680 142.000000 133.000000 116.000000
0.203200 -0.223133 0.638480 140.000000 128.000000 116.000000
0.243004 -0.231482 0.662400 138.000000 126.000000 112.000000
0.255987 -0.233531 0.668150 136.000000 129.000000 113.000000
0.283689 -0.238603 0.682180 127.000000 128.000000 110.000000
0.297118 -0.240510 0.687240 138.000000 131.000000 119.000000
0.312539 -0.243829 0.696210 144.000000 130.000000 117.000000
0.328661 -0.247444 0.705870 132.000000 127.000000 113.000000
0.345096 -0.251039 0.715300 140.000000 128.000000 118.000000
-0.185184 -0.144709 0.433550 160.000000 154.000000 147.000000
-0.142293 -0.151518 0.454250 164.000000 144.000000 96.000000
-0.103324 -0.159566 0.477480 149.000000 143.000000 136.000000
0.090262 -0.192450 0.575230 135.000000 131.000000 116.000000
0.167134 -0.206602 0.619160 139.000000 133.000000 117.000000
0.215316 -0.214597 0.643770 130.000000 123.000000 109.000000
0.255507 -0.222330 0.667000 134.000000 130.000000 115.000000
0.269035 -0.224595 0.673670 137.000000 130.000000 116.000000
0.310395 -0.230974 0.691840 135.000000 125.000000 115.000000
0.326822 -0.234695 0.702420 133.000000 127.000000 111.000000
0.341255 -0.236779 0.707940 131.000000 126.000000 114.000000
-0.142401 -0.144297 0.454480 157.000000 152.000000 142.000000
-0.059602 -0.159257 0.499330 144.000000 140.000000 128.000000
0.023544 -0.173363 0.543030 139.000000 133.000000 126.000000
0.090333 -0.183282 0.575230 139.000000 132.000000 119.000000
0.100640 -0.185038 0.580980 143.000000 132.000000 120.000000
0.111472 -0.187376 0.588570 137.000000 130.000000 116.000000
0.132419 -0.189992 0.597310 138.000000 131.000000 119.000000
0.178301 -0.197857 0.623070 136.000000 127.000000 112.000000
0.190286 -0.199832 0.629510 138.000000 129.000000 118.000000
0.215122 -0.204027 0.643080 133.000000 126.000000 115.000000
0.254343 -0.210604 0.664010 143.000000 127.000000 114.000000
0.295382 -0.217021 0.683790 137.000000 128.000000 113.000000
0.309011 -0.218811 0.689080 140.000000 134.000000 118.000000
0.324918 -0.222030 0.698740 133.000000 126.000000 115.000000
0.340346 -0.224713 0.706560 134.000000 127.000000 116.000000
-0.178556 -0.131008 0.434930 154.000000 155.000000 148.000000
-0.102505 -0.142989 0.473110 139.000000 136.000000 130.000000
-0.051774 -0.152039 0.501630 143.000000 144.000000 137.000000
-0.002911 -0.160766 0.529920 143.000000 140.000000 132.000000
0.023548 -0.164569 0.542570 141.000000 135.000000 128.000000
0.100718 -0.175767 0.580980 141.000000 129.000000 121.000000
0.143890 -0.182582 0.604670 136.000000 126.000000 116.000000
0.155155 -0.184299 0.610650 136.000000 131.000000 119.000000
0.178115 -0.187598 0.622150 136.000000 125.000000 113.000000
0.189800 -0.189185 0.627670 136.000000 129.000000 111.000000
0.227558 -0.195376 0.648830 137.000000 128.000000 115.000000
0.253199 -0.198991 0.661020 134.000000 128.000000 112.000000
0.266398 -0.200862 0.667230 139.000000 125.000000 114.000000
0.294508 -0.205369 0.681950 135.000000 125.000000 117.000000
0.308382 -0.207253 0.687930 136.000000 126.000000 118.000000
0.323801 -0.210006 0.696670 130.000000 122.000000 111.000000
0.339036 -0.212456 0.704260 137.000000 127.000000 117.000000
-0.207113 -0.120055 0.420210 160.000000 158.000000 158.000000
-0.172383 -0.124630 0.437230 161.000000 152.000000 151.000000
-0.011408 -0.150318 0.523020 141.000000 142.000000 135.000000
0.032625 -0.156870 0.546020 143.000000 135.000000 124.000000
0.143105 -0.171857 0.600990 137.000000 133.000000 119.000000
0.189391 -0.178662 0.626060 134.000000 128.000000 114.000000
0.201368 -0.180289 0.632040 138.000000 131.000000 115.000000
0.227204 -0.184618 0.647680 136.000000 128.000000 117.000000
0.243047 -0.188765 0.662400 141.000000 130.000000 115.000000
0.280380 -0.192261 0.674820 128.000000 129.000000 113.000000
0.294056 -0.194061 0.681030 141.000000 131.000000 111.000000
0.308192 -0.196021 0.687700 135.000000 124.000000 112.000000
0.323143 -0.198342 0.695520 128.000000 123.000000 111.000000
0.338759 -0.200899 0.704030 127.000000 124.000000 111.000000
-0.206786 -0.113074 0.419750 165.000000 163.000000 159.000000
-0.177120 -0.116025 0.431480 154.000000 158.000000 152.000000
-0.171485 -0.116961 0.434930 161.000000 160.000000 151.000000
-0.051367 -0.134695 0.496800 121.000000 126.000000 125.000000
-0.019581 -0.139255 0.513130 144.000000 142.000000 140.000000
0.111072 -0.158223 0.585120 137.000000 132.000000 123.000000
0.142705 -0.161676 0.598920 138.000000 128.000000 120.000000
0.154169 -0.163505 0.606050 139.000000 134.000000 122.000000
0.165418 -0.164899 0.611570 131.000000 126.000000 112.000000
0.200786 -0.169589 0.629970 136.000000 128.000000 117.000000
0.225649 -0.172971 0.643080 143.000000 128.000000 119.000000
0.279702 -0.180932 0.673210 137.000000 128.000000 115.000000
0.305346 -0.183208 0.681490 131.000000 126.000000 110.000000
0.321444 -0.186120 0.692070 129.000000 121.000000 110.000000
0.338514 -0.189378 0.703800 132.000000 120.000000 110.000000
-0.200730 -0.106699 0.421820 165.000000 159.000000 157.000000
-0.166046 -0.111024 0.439070 153.000000 156.000000 155.000000
-0.134545 -0.114539 0.451950 139.000000 139.000000 134.000000
-0.011257 -0.131574 0.515200 138.000000 136.000000 132.000000
0.051168 -0.141124 0.553150 140.000000 134.000000 127.000000
0.090239 -0.145851 0.572700 137.000000 132.000000 125.000000
0.154206 -0.153730 0.605820 134.000000 128.000000 121.000000
0.165202 -0.154800 0.610420 138.000000 130.000000 121.000000
0.188868 -0.157992 0.623760 132.000000 125.000000 114.000000
0.200796 -0.159418 0.629740 133.000000 126.000000 117.000000
0.236903 -0.163152 0.645380 134.000000 129.000000 117.000000
0.250821 -0.165424 0.654580 140.000000 128.000000 118.000000
0.264412 -0.167303 0.662170 136.000000 129.000000 113.000000
0.278083 -0.169083 0.669300 137.000000 127.000000 121.000000
0.292516 -0.171172 0.677580 138.000000 129.000000 116.000000
0.306334 -0.172762 0.683790 132.000000 127.000000 115.000000
0.321478 -0.174960 0.692300 138.000000 129.000000 116.000000
0.337410 -0.177422 0.701730 137.000000 130.000000 116.000000
-0.051006 -0.117710 0.492430 110.000000 117.000000 117.000000
-0.011221 -0.122804 0.513130 107.000000 107.000000 105.000000
0.032213 -0.128583 0.537510 137.000000 140.000000 134.000000
0.041504 -0.130142 0.544180 140.000000 138.000000 134.000000
0.080068 -0.135140 0.566030 139.000000 134.000000 122.000000
0.090316 -0.136658 0.572700 137.000000 133.000000 121.000000
0.121282 -0.140023 0.587880 139.000000 133.000000 128.000000
0.131956 -0.141190 0.593170 139.000000 131.000000 123.000000
0.164987 -0.144728 0.609270 136.000000 129.000000 115.000000
0.176498 -0.146051 0.615250 137.000000 128.000000 115.000000
0.199563 -0.148321 0.625600 135.000000 130.000000 122.000000
0.212073 -0.149980 0.632960 131.000000 123.000000 116.000000
0.236459 -0.152445 0.644000 134.000000 124.000000 116.000000
0.250431 -0.154617 0.653430 138.000000 128.000000 120.000000
0.263989 -0.156365 0.661020 133.000000 126.000000 113.000000
0.277050 -0.157693 0.666770 134.000000 127.000000 116.000000
0.292117 -0.160017 0.676660 133.000000 123.000000 110.000000
0.306515 -0.161818 0.684250 136.000000 126.000000 116.000000
0.320892 -0.163480 0.691150 135.000000 123.000000 116.000000
0.337105 -0.165932 0.701270 131.000000 122.000000 107.000000
-0.194372 -0.093307 0.423200 159.000000 160.000000 155.000000
-0.159225 -0.097032 0.439530 159.000000 156.000000 157.000000
-0.051004 -0.109683 0.491970 72.000000 77.000000 76.000000
-0.011226 -0.114492 0.512900 75.000000 75.000000 75.000000
0.032079 -0.119315 0.534750 123.000000 120.000000 121.000000
0.090065 -0.126987 0.570630 134.000000 134.000000 123.000000
0.164835 -0.134733 0.608350 139.000000 131.000000 125.000000
0.176330 -0.135960 0.614330 137.000000 132.000000 125.000000
0.211694 -0.139499 0.631580 132.000000 125.000000 112.000000
0.236611 -0.142135 0.644230 134.000000 127.000000 118.000000
0.250047 -0.143845 0.652280 137.000000 127.000000 117.000000
0.263757 -0.145566 0.660330 133.000000 124.000000 108.000000
0.290042 -0.148035 0.671830 128.000000 128.000000 115.000000
0.304856 -0.149955 0.680570 127.000000 128.000000 112.000000
0.318401 -0.151137 0.685860 141.000000 131.000000 123.000000
0.335384 -0.153813 0.697820 125.000000 123.000000 112.000000
-0.193833 -0.086231 0.422050 165.000000 165.000000 167.000000
-0.043328 -0.102551 0.495650 57.000000 63.000000 59.000000
-0.035464 -0.103298 0.499100 44.000000 46.000000 47.000000
0.005674 -0.107934 0.521180 92.000000 90.000000 91.000000
0.014306 -0.108590 0.524400 105.000000 108.000000 107.000000
0.041213 -0.111607 0.539350 105.000000 108.000000 107.000000
0.050608 -0.112850 0.545560 108.000000 111.000000 105.000000
0.089486 -0.116937 0.566490 130.000000 131.000000 128.000000
0.099928 -0.118332 0.573620 131.000000 130.000000 123.000000
0.110105 -0.119200 0.578220 134.000000 135.000000 126.000000
0.176096 -0.125840 0.613180 140.000000 130.000000 119.000000
0.187893 -0.127066 0.619620 137.000000 132.000000 123.000000
0.199523 -0.128059 0.624910 136.000000 131.000000 123.000000
0.211394 -0.129101 0.630430 129.000000 124.000000 114.000000
0.248786 -0.132638 0.648830 134.000000 128.000000 123.000000
0.262337 -0.134178 0.656650 135.000000 130.000000 122.000000
0.274917 -0.135118 0.661480 131.000000 126.000000 112.000000
0.288672 -0.136542 0.668610 137.000000 128.000000 126.000000
0.304342 -0.138734 0.679420 136.000000 126.000000 116.000000
0.333569 -0.141769 0.694140 134.000000 127.000000 118.000000
-0.187893 -0.079807 0.424120 166.000000 168.000000 170.000000
-0.043183 -0.094143 0.493580 43.000000 45.000000 44.000000
0.005680 -0.099505 0.521180 48.000000 55.000000 50.000000
0.050631 -0.103988 0.545330 105.000000 110.000000 108.000000
0.069457 -0.105421 0.553380 105.000000 103.000000 102.000000
0.089302 -0.107483 0.564880 108.000000 109.000000 106.000000
0.120121 -0.110312 0.580980 134.000000 130.000000 124.000000
0.141255 -0.112014 0.590870 151.000000 135.000000 93.000000
0.175198 -0.115309 0.609730 138.000000 130.000000 121.000000
0.187009 -0.116478 0.616400 136.000000 130.000000 125.000000
0.198657 -0.117430 0.621920 131.000000 130.000000 123.000000
0.210708 -0.118515 0.628130 134.000000 124.000000 114.000000
0.223926 -0.120124 0.637100 136.000000 131.000000 121.000000
0.262484 -0.123641 0.656880 136.000000 124.000000 115.000000
0.275437 -0.124673 0.662630 132.000000 126.000000 119.000000
0.289892 -0.126279 0.671370 140.000000 123.000000 115.000000
0.305074 -0.128072 0.681030 136.000000 128.000000 117.000000
0.317731 -0.128715 0.684480 136.000000 124.000000 117.000000
0.332875 -0.130286 0.692760 132.000000 126.000000 117.000000
-0.175637 -0.073602 0.427570 163.000000 165.000000 162.000000
-0.114496 -0.079357 0.457700 114.000000 118.000000 122.000000
-0.080004 -0.082307 0.472880 67.000000 76.000000 75.000000
0.014327 -0.091569 0.524170 60.000000 62.000000 64.000000
0.059945 -0.095671 0.548550 107.000000 109.000000 110.000000
0.069455 -0.096382 0.552920 103.000000 108.000000 106.000000
0.099677 -0.099396 0.571320 108.000000 110.000000 109.000000
0.109914 -0.100202 0.576380 112.000000 116.000000 108.000000
0.120584 -0.101243 0.582820 117.000000 115.000000 111.000000
0.141233 -0.102393 0.590410 116.000000 99.000000 62.000000
0.151688 -0.102944 0.594090 132.000000 121.000000 102.000000
0.163619 -0.104369 0.602830 129.000000 124.000000 116.000000
0.186680 -0.106300 0.615020 135.000000 130.000000 122.000000
0.198451 -0.107246 0.621000 134.000000 126.000000 120.000000
0.248917 -0.111731 0.648830 133.000000 128.000000 118.000000
0.274623 -0.113634 0.660560 134.000000 127.000000 118.000000
0.302311 -0.116016 0.674820 133.000000 126.000000 117.000000
0.316024 -0.117030 0.680800 128.000000 123.000000 113.000000
0.330535 -0.118259 0.687930 136.000000 128.000000 117.000000
-0.181275 -0.066208 0.424580 163.000000 161.000000 162.000000
-0.065714 -0.075977 0.480700 70.000000 80.000000 77.000000
0.014308 -0.082871 0.523020 67.000000 75.000000 70.000000
0.059967 -0.086733 0.548320 103.000000 106.000000 103.000000
0.109725 -0.090649 0.575000 109.000000 111.000000 111.000000
0.120186 -0.091445 0.580520 110.000000 115.000000 113.000000
0.152772 -0.093955 0.598000 133.000000 127.000000 120.000000
0.174715 -0.095266 0.607430 133.000000 132.000000 123.000000
0.198241 -0.097080 0.620080 132.000000 131.000000 122.000000
0.210643 -0.098150 0.627440 135.000000 130.000000 118.000000
0.234620 -0.099651 0.638020 132.000000 124.000000 116.000000
0.247130 -0.100516 0.644000 131.000000 126.000000 114.000000
0.274576 -0.102947 0.660330 131.000000 126.000000 114.000000
0.315072 -0.105717 0.678730 133.000000 126.000000 117.000000
0.329753 -0.106895 0.686320 128.000000 125.000000 112.000000
-0.209149 -0.057489 0.411470 173.000000 170.000000 175.000000
-0.175797 -0.059835 0.427800 163.000000 165.000000 166.000000
-0.019315 -0.071474 0.502780 88.000000 92.000000 93.000000
0.023110 -0.074963 0.527390 75.000000 85.000000 79.000000
0.050430 -0.076941 0.541880 88.000000 91.000000 86.000000
0.069268 -0.078098 0.550620 102.000000 106.000000 105.000000
0.079305 -0.079091 0.557980 111.000000 111.000000 107.000000
0.109179 -0.080865 0.571780 113.000000 114.000000 109.000000
0.119592 -0.081577 0.577300 111.000000 114.000000 111.000000
0.163475 -0.084713 0.601680 134.000000 128.000000 121.000000
0.197660 -0.086772 0.618010 133.000000 126.000000 124.000000
0.209640 -0.087566 0.624220 132.000000 127.000000 115.000000
0.233929 -0.089065 0.635950 128.000000 125.000000 114.000000
0.247018 -0.090061 0.643540 130.000000 126.000000 121.000000
0.259899 -0.090901 0.649980 132.000000 126.000000 117.000000
0.314873 -0.094696 0.678270 136.000000 125.000000 113.000000
0.328758 -0.095520 0.684250 129.000000 125.000000 110.000000
0.032145 -0.067065 0.533140 71.000000 78.000000 76.000000
0.041255 -0.067619 0.537740 47.000000 50.000000 47.000000
0.069226 -0.069044 0.549930 103.000000 106.000000 105.000000
0.079062 -0.069749 0.555910 103.000000 105.000000 107.000000
0.089076 -0.070448 0.561890 109.000000 111.000000 113.000000
0.119898 -0.072345 0.578450 110.000000 113.000000 112.000000
0.163176 -0.074794 0.600300 135.000000 131.000000 125.000000
0.209713 -0.077476 0.624220 128.000000 125.000000 114.000000
0.221883 -0.078177 0.630430 136.000000 133.000000 121.000000
0.286666 -0.081991 0.663550 132.000000 127.000000 115.000000
0.300024 -0.082693 0.669530 133.000000 125.000000 119.000000
0.314358 -0.083604 0.677120 131.000000 123.000000 114.000000
0.327769 -0.084214 0.682180 126.000000 126.000000 114.000000
-0.208074 -0.043954 0.409400 169.000000 168.000000 173.000000
-0.100182 -0.049905 0.458850 102.000000 108.000000 113.000000
-0.019259 -0.054828 0.500710 91.000000 97.000000 99.000000
-0.011125 -0.055390 0.505770 91.000000 96.000000 96.000000
-0.002820 -0.055898 0.510370 90.000000 99.000000 99.000000
0.050475 -0.059236 0.541650 85.000000 93.000000 86.000000
0.078911 -0.060534 0.554530 73.000000 82.000000 81.000000
0.088944 -0.061166 0.560740 102.000000 109.000000 109.000000
0.140157 -0.063489 0.584660 122.000000 123.000000 116.000000
0.151231 -0.064124 0.591100 131.000000 127.000000 124.000000
0.162308 -0.064682 0.596850 137.000000 132.000000 125.000000
0.173817 -0.065339 0.603520 132.000000 131.000000 124.000000
0.209008 -0.067129 0.621920 130.000000 122.000000 111.000000
0.221544 -0.067859 0.629280 133.000000 128.000000 118.000000
0.259457 -0.069765 0.648600 131.000000 125.000000 116.000000
0.272618 -0.070432 0.655270 133.000000 122.000000 116.000000
0.300571 -0.072008 0.670680 134.000000 124.000000 114.000000
0.313953 -0.072573 0.676200 134.000000 124.000000 116.000000
0.327448 -0.073123 0.681490 127.000000 121.000000 114.000000
-0.138415 -0.040375 0.439300 91.000000 99.000000 106.000000
-0.057862 -0.044565 0.479550 27.000000 32.000000 30.000000
-0.011106 -0.047002 0.504620 85.000000 91.000000 94.000000
-0.002816 -0.047455 0.509450 87.000000 94.000000 94.000000
0.041075 -0.049759 0.534750 55.000000 59.000000 51.000000
0.050288 -0.050163 0.539350 41.000000 44.000000 43.000000
0.128762 -0.053206 0.575690 110.000000 115.000000 113.000000
0.173218 -0.055333 0.601220 134.000000 128.000000 121.000000
0.184610 -0.055803 0.606970 134.000000 130.000000 124.000000
0.208374 -0.056868 0.619850 130.000000 122.000000 115.000000
0.222009 -0.057781 0.630430 128.000000 124.000000 116.000000
0.235809 -0.058652 0.640550 135.000000 130.000000 120.000000
0.259139 -0.059200 0.647680 129.000000 121.000000 110.000000
0.285354 -0.060269 0.660330 128.000000 123.000000 113.000000
0.298542 -0.060759 0.666080 126.000000 121.000000 111.000000
0.313336 -0.061528 0.674820 128.000000 125.000000 112.000000
0.327683 -0.062158 0.681950 135.000000 122.000000 118.000000
-0.132370 -0.033527 0.442520 68.000000 69.000000 76.000000
-0.126042 -0.033773 0.445280 108.000000 114.000000 121.000000
-0.093194 -0.035127 0.460690 84.000000 95.000000 98.000000
-0.042772 -0.037304 0.486680 57.000000 64.000000 52.000000
-0.002812 -0.039029 0.508530 76.000000 82.000000 82.000000
0.005630 -0.039416 0.513590 74.000000 81.000000 81.000000
0.022945 -0.040074 0.522330 64.000000 71.000000 71.000000
0.050140 -0.041188 0.537510 49.000000 57.000000 66.000000
0.098407 -0.042917 0.562120 89.000000 104.000000 99.000000
0.128657 -0.043772 0.575000 109.000000 111.000000 113.000000
0.139053 -0.044075 0.579600 123.000000 126.000000 123.000000
0.172013 -0.045237 0.596850 144.000000 136.000000 127.000000
0.182986 -0.045534 0.601450 134.000000 131.000000 120.000000
0.195639 -0.046196 0.610880 130.000000 126.000000 123.000000
0.220037 -0.047137 0.624680 132.000000 127.000000 115.000000
0.232812 -0.047661 0.632270 132.000000 125.000000 114.000000
0.258540 -0.048608 0.646070 132.000000 127.000000 115.000000
0.271843 -0.049103 0.653200 132.000000 125.000000 114.000000
0.284695 -0.049480 0.658720 131.000000 124.000000 112.000000
0.297335 -0.049793 0.663320 125.000000 117.000000 109.000000
0.311865 -0.050387 0.671600 129.000000 119.000000 113.000000
0.327700 -0.051142 0.681950 135.000000 125.000000 115.000000
-0.092899 -0.027505 0.459080 75.000000 85.000000 91.000000
-0.079286 -0.028028 0.466900 77.000000 81.000000 84.000000
0.005622 -0.030927 0.512670 67.000000 74.000000 74.000000
0.059515 -0.032644 0.542340 69.000000 71.000000 73.000000
0.069043 -0.032926 0.547400 82.000000 87.000000 83.000000
0.078787 -0.033233 0.552920 79.000000 81.000000 80.000000
0.108247 -0.033900 0.565570 99.000000 101.000000 102.000000
0.150507 -0.035069 0.587650 135.000000 130.000000 120.000000
0.172060 -0.035534 0.596850 137.000000 129.000000 120.000000
0.183383 -0.035833 0.602600 136.000000 132.000000 117.000000
0.195539 -0.036254 0.610420 135.000000 125.000000 115.000000
0.231586 -0.037218 0.628820 131.000000 125.000000 118.000000
0.244811 -0.037667 0.637100 132.000000 129.000000 123.000000
0.269870 -0.038258 0.648370 130.000000 127.000000 117.000000
0.311996 -0.039551 0.671830 131.000000 123.000000 114.000000
0.327055 -0.040044 0.680570 129.000000 124.000000 114.000000
-0.086102 -0.020171 0.462530 71.000000 82.000000 85.000000
-0.035006 -0.021470 0.489670 62.000000 72.000000 67.000000
0.014178 -0.022648 0.516120 57.000000 62.000000 61.000000
0.022861 -0.022814 0.520030 60.000000 64.000000 63.000000
0.031695 -0.022997 0.524400 63.000000 73.000000 72.000000
0.068891 -0.023888 0.546020 83.000000 88.000000 84.000000
0.107705 -0.024520 0.562580 90.000000 95.000000 93.000000
0.139022 -0.025154 0.579140 131.000000 129.000000 127.000000
0.150602 -0.025501 0.587880 131.000000 130.000000 119.000000
0.195210 -0.026291 0.609270 130.000000 127.000000 117.000000
0.207044 -0.026524 0.615480 134.000000 124.000000 116.000000
0.230522 -0.026901 0.625830 128.000000 125.000000 112.000000
0.243256 -0.027175 0.632960 124.000000 121.000000 111.000000
0.256590 -0.027488 0.641010 131.000000 123.000000 114.000000
0.268945 -0.027674 0.646070 130.000000 128.000000 122.000000
0.282472 -0.027960 0.653430 127.000000 122.000000 112.000000
0.311272 -0.028627 0.670220 126.000000 121.000000 109.000000
0.326189 -0.028970 0.678730 123.000000 121.000000 108.000000
-0.190255 -0.011003 0.414000 163.000000 168.000000 168.000000
-0.072020 -0.012802 0.468970 75.000000 89.000000 89.000000
-0.034949 -0.013394 0.488750 62.000000 72.000000 71.000000
-0.027199 -0.013551 0.494270 79.000000 84.000000 83.000000
-0.019190 -0.013657 0.497950 77.000000 87.000000 84.000000
0.022867 -0.014260 0.520030 67.000000 77.000000 71.000000
0.068820 -0.014908 0.545330 69.000000 76.000000 73.000000
0.107684 -0.015307 0.562350 84.000000 91.000000 86.000000
0.138496 -0.015638 0.576840 132.000000 135.000000 134.000000
0.150159 -0.015864 0.586040 135.000000 130.000000 122.000000
0.161598 -0.016039 0.593400 126.000000 127.000000 122.000000
0.194871 -0.016360 0.608120 132.000000 129.000000 123.000000
0.206146 -0.016458 0.612720 132.000000 125.000000 114.000000
0.230382 -0.016745 0.625370 127.000000 122.000000 112.000000
0.241871 -0.016824 0.629280 129.000000 127.000000 112.000000
0.255974 -0.017069 0.639400 125.000000 125.000000 113.000000
0.282597 -0.017400 0.653660 129.000000 122.000000 108.000000
0.296384 -0.017573 0.661020 124.000000 123.000000 112.000000
0.309264 -0.017679 0.665850 127.000000 121.000000 107.000000
0.323998 -0.017879 0.674130 126.000000 118.000000 112.000000
-0.155551 -0.004527 0.428030 163.000000 164.000000 170.000000
-0.027077 -0.005392 0.491970 73.000000 85.000000 84.000000
-0.011021 -0.005485 0.500020 67.000000 76.000000 77.000000
0.022830 -0.005691 0.519110 70.000000 80.000000 77.000000
0.031638 -0.005734 0.523250 70.000000 75.000000 73.000000
0.078185 -0.005976 0.548320 76.000000 82.000000 82.000000
0.107699 -0.006099 0.562350 68.000000 73.000000 69.000000
0.117739 -0.006134 0.566720 86.000000 91.000000 90.000000
0.160929 -0.006339 0.590870 130.000000 127.000000 119.000000
0.172148 -0.006388 0.596850 129.000000 124.000000 116.000000
0.205858 -0.006497 0.611800 130.000000 122.000000 111.000000
0.218147 -0.006555 0.618930 127.000000 124.000000 113.000000
0.242158 -0.006635 0.629970 126.000000 121.000000 111.000000
0.255259 -0.006697 0.637560 128.000000 123.000000 115.000000
0.267653 -0.006733 0.642850 124.000000 121.000000 113.000000
0.296302 -0.006883 0.660790 124.000000 117.000000 113.000000
0.308749 -0.006904 0.664700 129.000000 119.000000 109.000000
0.322580 -0.006952 0.671140 127.000000 123.000000 108.000000
-0.112378 0.002491 0.447580 106.000000 119.000000 123.000000
-0.071753 0.002579 0.467130 100.000000 108.000000 110.000000
-0.064678 0.002600 0.471270 36.000000 48.000000 55.000000
-0.026977 0.002696 0.490130 61.000000 70.000000 70.000000
-0.019053 0.002718 0.494270 62.000000 72.000000 69.000000
-0.011002 0.002745 0.499100 64.000000 76.000000 72.000000
0.031585 0.002874 0.522330 59.000000 67.000000 62.000000
0.040560 0.002901 0.527160 53.000000 58.000000 56.000000
0.077896 0.003014 0.546250 72.000000 80.000000 84.000000
0.097224 0.003067 0.554760 78.000000 84.000000 79.000000
0.117365 0.003130 0.564880 93.000000 101.000000 94.000000
0.159937 0.003274 0.587190 128.000000 128.000000 119.000000
0.171496 0.003322 0.594550 130.000000 126.000000 121.000000
0.205639 0.003438 0.611110 130.000000 122.000000 111.000000
0.217594 0.003482 0.617320 131.000000 125.000000 116.000000
0.229656 0.003525 0.623300 129.000000 124.000000 114.000000
0.254998 0.003625 0.636870 129.000000 121.000000 112.000000
0.295184 0.003789 0.658260 126.000000 121.000000 107.000000
0.308126 0.003834 0.663320 122.000000 119.000000 111.000000
0.322266 0.003893 0.670450 117.000000 115.000000 102.000000
-0.149038 0.009387 0.428950 72.000000 78.000000 83.000000
-0.019017 0.010838 0.493350 53.000000 61.000000 58.000000
-0.010981 0.010944 0.498180 44.000000 53.000000 54.000000
-0.002781 0.011041 0.502550 44.000000 45.000000 49.000000
0.040454 0.011545 0.525780 29.000000 34.000000 35.000000
0.049705 0.011684 0.532220 58.000000 67.000000 66.000000
0.058879 0.011767 0.536130 65.000000 74.000000 71.000000
0.077731 0.011958 0.545100 57.000000 65.000000 60.000000
0.087334 0.012050 0.549470 76.000000 79.000000 76.000000
0.116839 0.012320 0.562350 94.000000 92.000000 90.000000
0.127034 0.012422 0.567180 69.000000 69.000000 67.000000
0.171498 0.013008 0.594550 127.000000 126.000000 118.000000
0.217112 0.013473 0.615940 132.000000 126.000000 117.000000
0.229239 0.013610 0.622150 125.000000 123.000000 110.000000
0.267296 0.014058 0.641930 123.000000 120.000000 112.000000
0.292826 0.014320 0.652970 128.000000 119.000000 106.000000
0.306326 0.014474 0.659410 129.000000 118.000000 106.000000
0.322174 0.014728 0.670220 122.000000 114.000000 105.000000
-0.187654 0.015571 0.408250 162.000000 171.000000 175.000000
-0.142931 0.016448 0.431250 62.000000 60.000000 70.000000
-0.136819 0.016551 0.433780 74.000000 76.000000 80.000000
-0.064073 0.017913 0.466900 108.000000 116.000000 120.000000
-0.010955 0.019104 0.497030 52.000000 62.000000 56.000000
-0.002780 0.019308 0.502320 45.000000 54.000000 51.000000
0.040344 0.020143 0.524400 49.000000 67.000000 54.000000
0.049593 0.020393 0.531070 44.000000 45.000000 42.000000
0.087035 0.020993 0.547630 67.000000 72.000000 68.000000
0.116401 0.021444 0.560280 86.000000 89.000000 83.000000
0.126511 0.021608 0.564880 69.000000 71.000000 73.000000
0.181940 0.022797 0.597540 129.000000 126.000000 118.000000
0.192839 0.022945 0.601680 128.000000 124.000000 116.000000
0.215650 0.023314 0.611800 131.000000 124.000000 112.000000
0.228390 0.023615 0.619850 130.000000 121.000000 117.000000
0.267206 0.024442 0.641700 126.000000 121.000000 109.000000
0.292424 0.024847 0.652050 124.000000 117.000000 103.000000
0.306233 0.025130 0.659180 127.000000 115.000000 105.000000
0.321529 0.025514 0.668840 122.000000 113.000000 100.000000
-0.177470 0.022546 0.415150 164.000000 165.000000 169.000000
-0.136809 0.023609 0.433780 63.000000 62.000000 67.000000
-0.057022 0.025867 0.471960 108.000000 116.000000 120.000000
-0.042163 0.026291 0.479320 54.000000 68.000000 68.000000
-0.002774 0.027526 0.501400 50.000000 55.000000 56.000000
0.014003 0.027978 0.509680 46.000000 54.000000 51.000000
0.049370 0.028996 0.528770 54.000000 64.000000 59.000000
0.086766 0.029886 0.546020 46.000000 57.000000 56.000000
0.126134 0.030754 0.563270 64.000000 72.000000 67.000000
0.148220 0.031542 0.578450 129.000000 125.000000 120.000000
0.190909 0.032402 0.595700 126.000000 120.000000 113.000000
0.228296 0.033656 0.619620 122.000000 117.000000 105.000000
0.265864 0.034656 0.638480 120.000000 114.000000 107.000000
0.279276 0.035055 0.645840 121.000000 118.000000 110.000000
0.291607 0.035296 0.650210 124.000000 117.000000 105.000000
0.305284 0.035680 0.657110 118.000000 116.000000 103.000000
0.319778 0.036132 0.665160 119.000000 112.000000 99.000000
-0.171376 0.029369 0.416530 166.000000 168.000000 172.000000
-0.130451 0.030830 0.435850 63.000000 71.000000 82.000000
-0.098113 0.031848 0.448730 63.000000 69.000000 72.000000
-0.056758 0.033468 0.469890 96.000000 106.000000 110.000000
-0.049430 0.033745 0.473570 107.000000 113.000000 118.000000
0.005533 0.035987 0.504390 40.000000 45.000000 41.000000
0.049121 0.037503 0.526240 34.000000 44.000000 39.000000
0.058318 0.037848 0.531300 36.000000 42.000000 45.000000
0.096334 0.039090 0.549930 38.000000 43.000000 37.000000
0.106119 0.039375 0.554300 49.000000 55.000000 46.000000
0.125904 0.039892 0.562350 54.000000 57.000000 54.000000
0.136708 0.040370 0.569480 123.000000 121.000000 115.000000
0.147842 0.040879 0.577070 127.000000 126.000000 120.000000
0.180642 0.041949 0.593400 124.000000 123.000000 116.000000
0.203903 0.042791 0.606050 130.000000 121.000000 110.000000
0.278480 0.045377 0.644000 119.000000 114.000000 100.000000
0.290477 0.045638 0.647680 118.000000 114.000000 97.000000
0.318580 0.046714 0.662630 124.000000 116.000000 98.000000
-0.171180 0.036077 0.416070 155.000000 166.000000 169.000000
-0.130015 0.037802 0.434470 32.000000 39.000000 41.000000
-0.124334 0.038228 0.439070 41.000000 51.000000 57.000000
-0.049319 0.041436 0.472650 84.000000 93.000000 97.000000
-0.041977 0.041876 0.477480 93.000000 104.000000 107.000000
-0.034434 0.042273 0.481850 97.000000 108.000000 107.000000
0.005520 0.044196 0.503470 40.000000 50.000000 47.000000
0.022467 0.044871 0.511290 86.000000 91.000000 92.000000
0.058198 0.046484 0.530380 83.000000 88.000000 86.000000
0.096065 0.047969 0.548550 55.000000 67.000000 65.000000
0.105694 0.048259 0.552230 61.000000 66.000000 60.000000
0.136400 0.049561 0.568330 120.000000 117.000000 104.000000
0.147455 0.050166 0.575690 130.000000 122.000000 113.000000
0.158167 0.050590 0.580980 128.000000 123.000000 113.000000
0.191373 0.051904 0.597310 128.000000 118.000000 110.000000
0.202870 0.052371 0.603060 129.000000 121.000000 110.000000
0.238253 0.053747 0.619850 121.000000 118.000000 105.000000
0.250930 0.054326 0.626750 120.000000 116.000000 101.000000
0.276886 0.055480 0.640320 115.000000 112.000000 100.000000
0.289346 0.055898 0.645150 119.000000 113.000000 97.000000
0.303811 0.056662 0.653890 123.000000 116.000000 100.000000
0.318047 0.057336 0.661480 120.000000 116.000000 97.000000
-0.148177 0.043977 0.426650 65.000000 67.000000 68.000000
-0.129712 0.044773 0.433550 36.000000 44.000000 48.000000
-0.084724 0.047260 0.455400 64.000000 70.000000 73.000000
-0.041860 0.049587 0.476330 59.000000 66.000000 68.000000
-0.026679 0.050551 0.485300 67.000000 69.000000 73.000000
0.013912 0.052816 0.506920 100.000000 105.000000 106.000000
0.057923 0.054938 0.528080 90.000000 94.000000 95.000000
0.067273 0.055485 0.533600 82.000000 86.000000 87.000000
0.105438 0.057163 0.551080 70.000000 68.000000 67.000000
0.157751 0.059905 0.579600 125.000000 123.000000 112.000000
0.168528 0.060384 0.584660 126.000000 120.000000 115.000000
0.190894 0.061463 0.595930 124.000000 121.000000 111.000000
0.202603 0.062087 0.602370 126.000000 119.000000 110.000000
0.214024 0.062572 0.607430 124.000000 118.000000 111.000000
0.237699 0.063647 0.618470 124.000000 117.000000 103.000000
0.289348 0.066337 0.645150 124.000000 114.000000 108.000000
0.303395 0.067148 0.652970 122.000000 115.000000 101.000000
0.317406 0.067900 0.660100 123.000000 111.000000 99.000000
-0.202643 0.047497 0.398360 164.000000 168.000000 172.000000
-0.159556 0.050135 0.420670 159.000000 163.000000 166.000000
-0.117507 0.052689 0.440220 37.000000 39.000000 38.000000
-0.077509 0.054898 0.456780 80.000000 93.000000 98.000000
-0.034241 0.057797 0.479550 73.000000 82.000000 81.000000
-0.026654 0.058477 0.485070 62.000000 73.000000 76.000000
0.022344 0.061366 0.508990 62.000000 69.000000 66.000000
0.057770 0.063444 0.526930 61.000000 64.000000 61.000000
0.067213 0.064188 0.533370 52.000000 60.000000 55.000000
0.105396 0.066159 0.551080 51.000000 54.000000 48.000000
0.115438 0.066748 0.556370 54.000000 54.000000 50.000000
0.157641 0.069304 0.579370 127.000000 121.000000 114.000000
0.168945 0.070079 0.586270 129.000000 124.000000 116.000000
0.201788 0.071584 0.600070 122.000000 117.000000 105.000000
0.236786 0.073390 0.616170 123.000000 116.000000 102.000000
0.249416 0.074184 0.623070 123.000000 115.000000 106.000000
0.287494 0.076285 0.641010 121.000000 111.000000 101.000000
0.301057 0.077114 0.647910 116.000000 113.000000 103.000000
0.315994 0.078230 0.657110 118.000000 112.000000 92.000000
-0.197150 0.054207 0.400430 161.000000 167.000000 171.000000
-0.164192 0.056214 0.415380 175.000000 169.000000 164.000000
-0.153206 0.057131 0.421820 137.000000 135.000000 131.000000
-0.083969 0.061623 0.451720 69.000000 75.000000 75.000000
-0.018816 0.066995 0.489210 72.000000 73.000000 77.000000
0.022291 0.069570 0.508070 64.000000 69.000000 68.000000
0.039705 0.070792 0.517270 60.000000 65.000000 61.000000
0.066946 0.072651 0.531530 56.000000 61.000000 57.000000
0.076257 0.073210 0.535900 62.000000 70.000000 62.000000
0.085696 0.073764 0.540270 59.000000 62.000000 59.000000
0.124914 0.076072 0.558670 64.000000 66.000000 63.000000
0.168494 0.079413 0.584890 126.000000 119.000000 108.000000
0.189918 0.080428 0.593170 125.000000 117.000000 109.000000
0.200969 0.081001 0.597770 121.000000 116.000000 108.000000
0.224431 0.082500 0.609500 119.000000 114.000000 104.000000
0.236313 0.083210 0.615020 122.000000 113.000000 100.000000
0.248654 0.084021 0.621230 118.000000 111.000000 100.000000
0.261304 0.084870 0.627670 125.000000 114.000000 97.000000
0.299790 0.087229 0.645150 119.000000 113.000000 95.000000
0.313590 0.088187 0.652050 121.000000 106.000000 97.000000
-0.196728 0.060562 0.399510 164.000000 166.000000 167.000000
-0.110379 0.067080 0.440450 147.000000 155.000000 164.000000
-0.077199 0.069586 0.455400 115.000000 126.000000 133.000000
-0.070268 0.070119 0.458620 103.000000 112.000000 115.000000
-0.063250 0.070684 0.462070 101.000000 112.000000 115.000000
-0.026435 0.073813 0.481620 83.000000 87.000000 92.000000
0.022216 0.077661 0.506690 77.000000 84.000000 79.000000
0.066531 0.080866 0.528540 60.000000 70.000000 66.000000
0.076084 0.081808 0.534980 67.000000 75.000000 68.000000
0.085650 0.082570 0.540270 57.000000 65.000000 60.000000
0.124959 0.085229 0.559130 67.000000 66.000000 59.000000
0.146431 0.087138 0.572470 123.000000 120.000000 112.000000
0.167508 0.088414 0.581670 124.000000 118.000000 111.000000
0.178739 0.089297 0.587880 121.000000 116.000000 106.000000
0.212115 0.091333 0.602370 116.000000 109.000000 97.000000
0.248628 0.094074 0.621230 125.000000 108.000000 98.000000
0.260904 0.094888 0.626750 118.000000 112.000000 94.000000
0.273477 0.095746 0.632500 116.000000 109.000000 95.000000
0.299703 0.097641 0.644920 114.000000 110.000000 93.000000
0.313183 0.098612 0.651130 119.000000 110.000000 92.000000
-0.196537 0.066969 0.399050 163.000000 164.000000 168.000000
-0.191200 0.067360 0.401580 163.000000 164.000000 168.000000
-0.186134 0.067879 0.404800 164.000000 163.000000 168.000000
-0.157479 0.069686 0.415380 151.000000 152.000000 149.000000
-0.110273 0.074192 0.440220 130.000000 136.000000 141.000000
-0.103807 0.074707 0.442980 130.000000 136.000000 143.000000
-0.070227 0.077585 0.458620 140.000000 146.000000 150.000000
-0.063149 0.078132 0.461610 136.000000 142.000000 147.000000
-0.018590 0.082073 0.483920 138.000000 140.000000 142.000000
0.030705 0.086413 0.509680 86.000000 92.000000 95.000000
0.039336 0.086973 0.513130 80.000000 87.000000 85.000000
0.075710 0.090130 0.532680 82.000000 80.000000 80.000000
0.095158 0.092047 0.544640 68.000000 69.000000 61.000000
0.124384 0.093923 0.556830 71.000000 75.000000 64.000000
0.134981 0.094983 0.563500 122.000000 117.000000 105.000000
0.178258 0.098591 0.586500 120.000000 113.000000 104.000000
0.189143 0.099303 0.591100 120.000000 112.000000 106.000000
0.223839 0.102000 0.608120 118.000000 112.000000 96.000000
0.260312 0.104798 0.625370 113.000000 108.000000 96.000000
0.272876 0.105752 0.631120 117.000000 110.000000 94.000000
0.285861 0.106796 0.637330 118.000000 107.000000 92.000000
0.299621 0.108049 0.644690 118.000000 112.000000 92.000000
0.313890 0.109398 0.652510 116.000000 104.000000 90.000000
-0.191011 0.073792 0.401120 162.000000 161.000000 168.000000
-0.134742 0.078882 0.428030 153.000000 158.000000 156.000000
-0.084176 0.084007 0.453560 135.000000 139.000000 143.000000
-0.063078 0.085595 0.461380 128.000000 132.000000 140.000000
-0.055981 0.086318 0.465060 127.000000 131.000000 134.000000
-0.033994 0.088676 0.477250 117.000000 120.000000 119.000000
-0.010696 0.090561 0.487140 115.000000 112.000000 115.000000
0.005411 0.092145 0.495650 121.000000 116.000000 118.000000
0.030599 0.094453 0.508300 129.000000 129.000000 129.000000
0.039272 0.095239 0.512670 130.000000 128.000000 126.000000
0.048124 0.096103 0.517500 127.000000 127.000000 125.000000
0.022865 0.038810 0.209070 127.000000 125.000000 124.000000
0.084853 0.099333 0.535900 120.000000 121.000000 116.000000
0.134143 0.103525 0.560280 135.000000 120.000000 100.000000
0.144652 0.104518 0.566030 120.000000 113.000000 104.000000
0.177425 0.107621 0.583970 120.000000 116.000000 108.000000
0.188640 0.108616 0.589720 122.000000 112.000000 104.000000
0.199338 0.109233 0.593400 129.000000 113.000000 102.000000
0.211367 0.110490 0.600530 127.000000 110.000000 100.000000
0.223032 0.111457 0.606050 125.000000 111.000000 102.000000
0.234174 0.112094 0.609730 119.000000 108.000000 101.000000
0.271582 0.115419 0.628130 113.000000 109.000000 92.000000
0.285566 0.116992 0.636640 121.000000 112.000000 95.000000
0.299225 0.118329 0.643770 119.000000 108.000000 91.000000
0.312283 0.119348 0.649060 123.000000 107.000000 96.000000
-0.185223 0.080595 0.402730 157.000000 156.000000 161.000000
-0.140741 0.085257 0.425500 149.000000 148.000000 153.000000
-0.090884 0.090707 0.450570 145.000000 140.000000 142.000000
-0.070525 0.092993 0.461150 137.000000 139.000000 143.000000
-0.048911 0.095021 0.470580 134.000000 132.000000 135.000000
-0.002720 0.099645 0.492890 123.000000 125.000000 125.000000
0.039242 0.103567 0.512670 125.000000 125.000000 121.000000
0.048023 0.104369 0.516810 125.000000 123.000000 119.000000
0.056931 0.105164 0.520950 118.000000 121.000000 116.000000
0.084614 0.107795 0.534750 118.000000 115.000000 109.000000
0.104365 0.110171 0.547170 118.000000 115.000000 109.000000
0.133687 0.112275 0.558670 129.000000 103.000000 37.000000
0.144228 0.113404 0.564650 122.000000 107.000000 101.000000
0.154950 0.114533 0.570630 122.000000 114.000000 103.000000
0.187841 0.117693 0.587420 119.000000 112.000000 103.000000
0.199280 0.118830 0.593400 126.000000 114.000000 104.000000
0.210829 0.119926 0.599150 123.000000 114.000000 103.000000
0.233963 0.121864 0.609270 117.000000 110.000000 94.000000
0.271088 0.125360 0.626980 120.000000 108.000000 101.000000
0.285174 0.127124 0.635720 117.000000 110.000000 94.000000
0.298838 0.128585 0.642850 123.000000 107.000000 96.000000
0.312125 0.129793 0.648600 119.000000 110.000000 92.000000
-0.128724 0.093475 0.431250 146.000000 148.000000 152.000000
-0.083773 0.098356 0.451950 139.000000 138.000000 141.000000
-0.061686 0.079429 0.364780 140.000000 139.000000 142.000000
-0.034025 0.104419 0.478400 131.000000 133.000000 135.000000
0.005413 0.108491 0.496800 131.000000 129.000000 127.000000
0.013665 0.109285 0.500480 130.000000 126.000000 125.000000
0.056987 0.113808 0.521870 125.000000 121.000000 118.000000
0.094131 0.117494 0.539810 126.000000 120.000000 113.000000
0.104078 0.118779 0.546020 121.000000 116.000000 108.000000
0.143861 0.122286 0.563500 119.000000 108.000000 101.000000
0.154565 0.123510 0.569480 128.000000 117.000000 105.000000
0.165319 0.124634 0.575000 120.000000 110.000000 100.000000
0.198836 0.128173 0.592250 120.000000 109.000000 92.000000
0.209969 0.129114 0.596850 119.000000 110.000000 94.000000
0.234019 0.131767 0.609500 121.000000 107.000000 93.000000
0.245402 0.132589 0.613410 116.000000 109.000000 93.000000
0.258175 0.134070 0.620310 118.000000 105.000000 87.000000
0.284688 0.137183 0.634570 115.000000 109.000000 90.000000
0.299425 0.139268 0.644000 112.000000 103.000000 85.000000
0.312866 0.140633 0.649980 116.000000 105.000000 88.000000
-0.179419 0.094017 0.404340 153.000000 155.000000 157.000000
-0.083548 0.105449 0.451030 141.000000 140.000000 143.000000
-0.026227 0.112455 0.479550 131.000000 128.000000 131.000000
0.013646 0.117332 0.500250 129.000000 123.000000 121.000000
0.021986 0.118071 0.503470 128.000000 122.000000 119.000000
0.056841 0.122035 0.520950 123.000000 119.000000 114.000000
0.065891 0.123009 0.525320 123.000000 121.000000 117.000000
0.113713 0.128500 0.550160 123.000000 116.000000 104.000000
0.154367 0.132601 0.569020 120.000000 113.000000 104.000000
0.164917 0.133654 0.573850 122.000000 114.000000 107.000000
0.186979 0.136142 0.585120 117.000000 107.000000 99.000000
0.198393 0.137474 0.591100 120.000000 109.000000 94.000000
0.210891 0.139401 0.599610 117.000000 110.000000 96.000000
0.233638 0.141412 0.608580 111.000000 106.000000 92.000000
0.245571 0.142623 0.613870 113.000000 109.000000 90.000000
0.257985 0.144009 0.619850 113.000000 107.000000 93.000000
0.270920 0.145574 0.626520 114.000000 103.000000 87.000000
0.285142 0.147694 0.635490 114.000000 102.000000 93.000000
0.298420 0.149197 0.641700 112.000000 105.000000 94.000000
0.310522 0.150033 0.644920 117.000000 105.000000 91.000000
-0.173935 0.101187 0.406870 151.000000 151.000000 155.000000
-0.168361 0.101801 0.409400 150.000000 152.000000 151.000000
-0.115637 0.108370 0.434700 144.000000 144.000000 148.000000
-0.070095 0.114908 0.459310 135.000000 136.000000 140.000000
-0.026156 0.119971 0.478630 133.000000 133.000000 133.000000
0.021966 0.126204 0.503470 128.000000 124.000000 121.000000
0.065608 0.131031 0.523480 125.000000 119.000000 114.000000
0.093358 0.134015 0.536130 122.000000 117.000000 110.000000
0.103107 0.135325 0.541650 122.000000 119.000000 111.000000
0.113070 0.136690 0.547400 122.000000 114.000000 105.000000
0.133134 0.139009 0.557290 121.000000 116.000000 108.000000
0.164516 0.142630 0.572700 118.000000 111.000000 100.000000
0.209875 0.148404 0.596850 118.000000 114.000000 97.000000
0.232733 0.150686 0.606280 114.000000 110.000000 95.000000
0.257900 0.153997 0.619620 119.000000 109.000000 98.000000
0.270453 0.155453 0.625370 115.000000 106.000000 91.000000
0.297538 0.159123 0.639630 114.000000 103.000000 91.000000
0.310633 0.160545 0.644920 117.000000 104.000000 97.000000
-0.062694 0.122607 0.460230 136.000000 136.000000 136.000000
-0.026122 0.127628 0.478400 130.000000 128.000000 126.000000
-0.018463 0.128812 0.482770 131.000000 129.000000 127.000000
0.021865 0.133831 0.501630 127.000000 119.000000 115.000000
0.030317 0.134912 0.505770 126.000000 120.000000 113.000000
0.038951 0.136169 0.510600 125.000000 122.000000 116.000000
0.065411 0.139164 0.522330 122.000000 116.000000 112.000000
0.074663 0.140517 0.527620 127.000000 119.000000 113.000000
0.084077 0.141865 0.532910 116.000000 112.000000 107.000000
0.112522 0.144902 0.545100 128.000000 115.000000 111.000000
0.132455 0.147322 0.554760 121.000000 111.000000 101.000000
0.174857 0.152840 0.576610 116.000000 109.000000 95.000000
0.186052 0.154366 0.582590 115.000000 108.000000 94.000000
0.208217 0.156831 0.592250 116.000000 107.000000 92.000000
0.219629 0.158141 0.597310 118.000000 107.000000 92.000000
0.231395 0.159585 0.602830 114.000000 105.000000 92.000000
0.257060 0.163500 0.617550 116.000000 107.000000 94.000000
0.282478 0.166710 0.629280 117.000000 106.000000 89.000000
0.295925 0.168571 0.635950 116.000000 107.000000 94.000000
0.310655 0.171016 0.644690 117.000000 106.000000 89.000000
-0.162007 0.115266 0.410090 151.000000 148.000000 151.000000
-0.121252 0.121047 0.430100 147.000000 145.000000 146.000000
-0.062334 0.129366 0.457930 138.000000 136.000000 134.000000
-0.018360 0.135932 0.480470 127.000000 125.000000 124.000000
0.005349 0.139524 0.493120 128.000000 129.000000 124.000000
0.030248 0.142857 0.505080 129.000000 123.000000 121.000000
0.056325 0.146256 0.517500 127.000000 119.000000 113.000000
0.074410 0.148620 0.526240 123.000000 114.000000 110.000000
0.083688 0.149859 0.530840 122.000000 116.000000 112.000000
0.092865 0.150703 0.534060 118.000000 112.000000 105.000000
0.102311 0.151804 0.538200 120.000000 112.000000 108.000000
0.121729 0.154192 0.547170 123.000000 114.000000 103.000000
0.131779 0.155546 0.552230 121.000000 111.000000 103.000000
0.142687 0.157677 0.560050 115.000000 111.000000 94.000000
0.152656 0.158580 0.563500 120.000000 109.000000 104.000000
0.163392 0.160132 0.569250 114.000000 109.000000 99.000000
0.174031 0.161431 0.574080 116.000000 107.000000 94.000000
0.184972 0.162865 0.579370 119.000000 107.000000 95.000000
0.196394 0.164565 0.585580 113.000000 107.000000 93.000000
0.219103 0.167417 0.595930 115.000000 106.000000 93.000000
0.243741 0.171170 0.609270 114.000000 109.000000 99.000000
0.256330 0.173011 0.615710 116.000000 107.000000 94.000000
0.269961 0.175394 0.623990 113.000000 102.000000 85.000000
0.294118 0.177791 0.631810 119.000000 108.000000 103.000000
0.307819 0.179819 0.638480 111.000000 106.000000 94.000000
-0.200206 0.117073 0.391690 158.000000 158.000000 160.000000
-0.167481 0.121066 0.407100 148.000000 146.000000 145.000000
-0.161661 0.121651 0.409170 150.000000 150.000000 150.000000
-0.127193 0.126985 0.426880 140.000000 139.000000 144.000000
-0.120948 0.127709 0.429180 145.000000 140.000000 144.000000
-0.108804 0.129855 0.436080 139.000000 139.000000 139.000000
-0.102344 0.130660 0.438610 137.000000 137.000000 139.000000
-0.062414 0.137004 0.458850 137.000000 130.000000 135.000000
-0.048185 0.139148 0.465750 136.000000 131.000000 131.000000
-0.018345 0.143653 0.480470 126.000000 124.000000 123.000000
-0.002681 0.145594 0.486910 131.000000 124.000000 124.000000
0.005321 0.146829 0.491050 122.000000 123.000000 120.000000
0.013481 0.148332 0.496110 128.000000 121.000000 121.000000
0.030152 0.150630 0.503930 127.000000 120.000000 120.000000
0.038707 0.151905 0.508300 126.000000 117.000000 116.000000
0.047315 0.152899 0.511750 122.000000 117.000000 110.000000
0.056053 0.153955 0.515430 123.000000 119.000000 114.000000
0.065162 0.155623 0.521180 129.000000 120.000000 116.000000
0.083372 0.157913 0.529230 117.000000 116.000000 107.000000
0.092720 0.159154 0.533600 123.000000 113.000000 105.000000
0.102025 0.160118 0.537050 122.000000 112.000000 106.000000
0.111717 0.161490 0.541880 113.000000 109.000000 94.000000
0.121199 0.162381 0.545100 120.000000 112.000000 92.000000
0.131106 0.163683 0.549700 120.000000 110.000000 102.000000
0.142092 0.166081 0.557980 124.000000 112.000000 100.000000
0.152529 0.167591 0.563270 116.000000 109.000000 95.000000
0.163002 0.168968 0.568100 118.000000 112.000000 103.000000
0.173837 0.170555 0.573620 117.000000 110.000000 94.000000
0.184706 0.172013 0.578680 119.000000 109.000000 96.000000
0.195973 0.173685 0.584430 116.000000 106.000000 98.000000
0.207272 0.175232 0.589720 113.000000 100.000000 96.000000
0.218840 0.176862 0.595240 120.000000 102.000000 90.000000
0.232018 0.179601 0.604440 118.000000 106.000000 94.000000
0.243402 0.180789 0.608350 115.000000 101.000000 89.000000
0.255232 0.182204 0.612950 112.000000 108.000000 89.000000
0.268546 0.184536 0.620540 114.000000 105.000000 90.000000
0.280920 0.186077 0.625370 118.000000 107.000000 88.000000
0.293620 0.187722 0.630430 110.000000 104.000000 85.000000
0.307449 0.189956 0.637330 112.000000 102.000000 89.000000
-0.188990 0.124458 0.395600 158.000000 153.000000 157.000000
-0.183968 0.125415 0.399050 152.000000 152.000000 152.000000
-0.167431 0.127627 0.406870 149.000000 147.000000 150.000000
-0.161417 0.128089 0.408480 143.000000 143.000000 145.000000
-0.139141 0.132096 0.421360 145.000000 140.000000 144.000000
-0.132903 0.132693 0.423200 149.000000 143.000000 148.000000
-0.120844 0.134557 0.428950 142.000000 137.000000 141.000000
-0.114523 0.135318 0.431250 141.000000 140.000000 143.000000
-0.108355 0.136372 0.434470 144.000000 142.000000 140.000000
-0.089386 0.139841 0.445050 134.000000 134.000000 134.000000
-0.082598 0.140614 0.447350 140.000000 140.000000 140.000000
-0.062369 0.144373 0.458850 133.000000 131.000000 130.000000
-0.055290 0.145428 0.462070 134.000000 129.000000 128.000000
-0.040841 0.147673 0.468970 132.000000 130.000000 128.000000
-0.033407 0.148643 0.471960 127.000000 128.000000 123.000000
-0.025884 0.149680 0.475180 126.000000 127.000000 122.000000
-0.010549 0.152244 0.483230 134.000000 125.000000 126.000000
-0.002677 0.153262 0.486450 129.000000 120.000000 118.000000
0.005314 0.154709 0.491050 126.000000 120.000000 115.000000
0.013437 0.155931 0.494960 126.000000 120.000000 113.000000
0.021684 0.157146 0.498870 126.000000 118.000000 112.000000
0.030029 0.158210 0.502320 122.000000 118.000000 115.000000
0.038516 0.159411 0.506230 118.000000 114.000000 111.000000
0.047169 0.160751 0.510600 125.000000 117.000000 113.000000
0.055957 0.162085 0.514970 122.000000 114.000000 105.000000
0.064795 0.163195 0.518650 123.000000 115.000000 108.000000
0.083095 0.165980 0.527850 119.000000 111.000000 105.000000
0.092457 0.167366 0.532450 123.000000 115.000000 106.000000
0.101873 0.168605 0.536590 116.000000 107.000000 103.000000
0.111651 0.170202 0.541880 119.000000 111.000000 105.000000
0.120877 0.170788 0.543950 122.000000 114.000000 103.000000
0.130767 0.172168 0.548550 117.000000 107.000000 99.000000
0.142028 0.175065 0.557980 116.000000 108.000000 99.000000
0.152345 0.176522 0.562810 118.000000 106.000000 96.000000
0.163014 0.178200 0.568330 113.000000 106.000000 95.000000
0.173791 0.179812 0.573620 116.000000 104.000000 92.000000
0.184375 0.181072 0.577760 116.000000 104.000000 90.000000
0.195253 0.182487 0.582360 118.000000 104.000000 93.000000
0.206532 0.184131 0.587650 113.000000 107.000000 89.000000
0.218337 0.186079 0.593860 114.000000 105.000000 88.000000
0.230805 0.188406 0.601220 110.000000 101.000000 88.000000
0.242895 0.190250 0.606970 118.000000 101.000000 93.000000
0.254728 0.191760 0.611570 113.000000 102.000000 87.000000
0.267153 0.193587 0.617090 117.000000 104.000000 86.000000
0.280020 0.195593 0.623070 112.000000 103.000000 87.000000
0.293256 0.197710 0.629280 120.000000 100.000000 81.000000
0.307666 0.200452 0.637330 120.000000 102.000000 88.000000
-0.199672 0.129485 0.389850 160.000000 156.000000 164.000000
-0.194250 0.130109 0.392380 152.000000 148.000000 156.000000
-0.183563 0.131607 0.397900 149.000000 147.000000 157.000000
-0.178059 0.132320 0.400430 151.000000 147.000000 153.000000
-0.172908 0.133362 0.403880 144.000000 150.000000 155.000000
-0.167584 0.134348 0.407100 139.000000 148.000000 150.000000
-0.161367 0.134670 0.408250 154.000000 146.000000 151.000000
-0.149972 0.136349 0.413540 148.000000 146.000000 145.000000
-0.144370 0.137400 0.416760 142.000000 142.000000 142.000000
-0.138751 0.138538 0.420210 143.000000 144.000000 141.000000
-0.132812 0.139458 0.422970 142.000000 144.000000 143.000000
-0.126652 0.140236 0.425270 146.000000 142.000000 143.000000
-0.120486 0.141098 0.427800 142.000000 140.000000 139.000000
-0.114423 0.142193 0.431020 136.000000 135.000000 140.000000
-0.108140 0.143141 0.433780 139.000000 135.000000 134.000000
-0.101819 0.144170 0.436770 136.000000 139.000000 135.000000
-0.095548 0.145429 0.440450 135.000000 137.000000 136.000000
-0.089107 0.146614 0.443900 132.000000 135.000000 132.000000
-0.082465 0.147649 0.446890 142.000000 135.000000 135.000000
-0.075719 0.148683 0.449880 136.000000 136.000000 136.000000
-0.068871 0.149716 0.452870 131.000000 128.000000 129.000000
-0.062014 0.150976 0.456550 131.000000 127.000000 124.000000
-0.054921 0.151928 0.459310 134.000000 128.000000 123.000000
-0.047899 0.153410 0.463680 136.000000 127.000000 125.000000
-0.040730 0.154888 0.468050 125.000000 125.000000 125.000000
-0.033349 0.156057 0.471500 132.000000 128.000000 125.000000
-0.025852 0.157221 0.474950 129.000000 125.000000 122.000000
-0.018230 0.158303 0.478170 121.000000 120.000000 114.000000
-0.010511 0.159532 0.481850 128.000000 116.000000 118.000000
-0.002675 0.160983 0.486220 126.000000 119.000000 117.000000
0.005298 0.162274 0.490130 123.000000 121.000000 115.000000
0.013405 0.163636 0.494270 126.000000 120.000000 113.000000
0.021625 0.164838 0.497950 132.000000 119.000000 114.000000
0.029948 0.165958 0.501400 122.000000 118.000000 115.000000
0.038379 0.167071 0.504850 122.000000 118.000000 117.000000
0.047046 0.168634 0.509680 125.000000 116.000000 115.000000
0.055739 0.169811 0.513360 116.000000 112.000000 107.000000
0.064602 0.171135 0.517500 118.000000 112.000000 103.000000
0.073691 0.172682 0.522330 113.000000 109.000000 101.000000
0.082894 0.174149 0.526930 120.000000 110.000000 102.000000
0.092358 0.175840 0.532220 119.000000 111.000000 105.000000
0.101898 0.177376 0.537050 115.000000 110.000000 103.000000
0.111589 0.178911 0.541880 114.000000 111.000000 89.000000
0.121071 0.179915 0.545100 120.000000 110.000000 98.000000
0.130707 0.180995 0.548550 116.000000 109.000000 95.000000
0.141269 0.183140 0.555220 115.000000 107.000000 98.000000
0.151733 0.184909 0.560740 114.000000 103.000000 91.000000
0.162243 0.186533 0.565800 115.000000 107.000000 87.000000
0.173057 0.188316 0.571320 113.000000 106.000000 95.000000
0.183614 0.189653 0.575460 113.000000 107.000000 93.000000
0.194390 0.191079 0.579830 112.000000 103.000000 83.000000
0.205402 0.192595 0.584430 115.000000 101.000000 87.000000
0.217510 0.194962 0.591560 112.000000 103.000000 85.000000
0.229608 0.197123 0.598000 112.000000 103.000000 87.000000
0.242223 0.199536 0.605130 112.000000 103.000000 87.000000
0.253958 0.201066 0.609500 108.000000 100.000000 89.000000
0.265883 0.202629 0.613870 116.000000 105.000000 88.000000
0.279251 0.205141 0.621000 111.000000 103.000000 95.000000
0.292603 0.207469 0.627440 104.000000 106.000000 92.000000
0.307142 0.210456 0.635720 106.000000 103.000000 81.000000
-0.199922 0.136017 0.389850 152.000000 151.000000 159.000000
-0.194347 0.136571 0.392150 148.000000 152.000000 155.000000
-0.189320 0.137562 0.395600 146.000000 155.000000 159.000000
-0.183710 0.138186 0.397900 146.000000 147.000000 154.000000
-0.177975 0.138758 0.399970 148.000000 147.000000 152.000000
-0.172414 0.139517 0.402500 148.000000 146.000000 147.000000
-0.167092 0.140537 0.405720 155.000000 146.000000 149.000000
-0.161059 0.141021 0.407330 143.000000 143.000000 143.000000
-0.155611 0.142080 0.410550 147.000000 145.000000 146.000000
-0.149746 0.142837 0.412850 144.000000 144.000000 144.000000
-0.144301 0.144087 0.416530 144.000000 142.000000 138.000000
-0.138294 0.144871 0.418830 142.000000 137.000000 141.000000
-0.132368 0.145827 0.421590 142.000000 139.000000 145.000000
-0.126085 0.146473 0.423430 142.000000 137.000000 139.000000
-0.120136 0.147606 0.426650 140.000000 138.000000 137.000000
-0.114085 0.148745 0.429870 140.000000 138.000000 137.000000
-0.108046 0.150050 0.433550 140.000000 138.000000 137.000000
-0.101833 0.151280 0.437000 136.000000 137.000000 134.000000
-0.088648 0.153032 0.441830 135.000000 133.000000 134.000000
-0.082081 0.154189 0.445050 134.000000 134.000000 132.000000
-0.075289 0.155108 0.447580 135.000000 129.000000 126.000000
-0.068515 0.156265 0.450800 136.000000 132.000000 129.000000
-0.061943 0.158218 0.456320 134.000000 128.000000 125.000000
-0.054857 0.159212 0.459080 132.000000 128.000000 125.000000
-0.047747 0.160443 0.462530 127.000000 125.000000 124.000000
-0.040601 0.161989 0.466900 130.000000 128.000000 126.000000
-0.033244 0.163212 0.470350 131.000000 124.000000 122.000000
-0.025758 0.164350 0.473570 128.000000 124.000000 119.000000
-0.018182 0.165642 0.477250 126.000000 120.000000 115.000000
-0.010480 0.166849 0.480700 125.000000 118.000000 116.000000
-0.002662 0.167970 0.483920 126.000000 119.000000 117.000000
0.005278 0.169644 0.488750 128.000000 122.000000 119.000000
0.013368 0.171232 0.493350 127.000000 121.000000 118.000000
0.021556 0.172414 0.496800 125.000000 119.000000 114.000000
0.029854 0.173589 0.500250 124.000000 117.000000 113.000000
0.038191 0.174440 0.502780 118.000000 111.000000 109.000000
0.046945 0.176561 0.508990 121.000000 117.000000 114.000000
0.055622 0.177800 0.512670 124.000000 115.000000 112.000000
0.064384 0.178953 0.516120 120.000000 112.000000 108.000000
0.073544 0.180820 0.521640 117.000000 114.000000 104.000000
0.082804 0.182524 0.526700 121.000000 111.000000 103.000000
0.092182 0.184144 0.531530 120.000000 108.000000 101.000000
0.101449 0.185285 0.534980 117.000000 110.000000 96.000000
0.110869 0.186505 0.538660 115.000000 107.000000 98.000000
0.120709 0.188204 0.543720 115.000000 108.000000 92.000000
0.130434 0.189506 0.547630 115.000000 108.000000 92.000000
0.140927 0.191687 0.554070 117.000000 103.000000 92.000000
0.151254 0.193395 0.559130 118.000000 106.000000 96.000000
0.161481 0.194792 0.563270 118.000000 105.000000 91.000000
0.172612 0.197073 0.569940 119.000000 108.000000 93.000000
0.183306 0.198649 0.574540 115.000000 106.000000 91.000000
0.193927 0.200001 0.578450 114.000000 99.000000 88.000000
0.204529 0.201210 0.581900 117.000000 106.000000 89.000000
0.216278 0.203392 0.588110 115.000000 100.000000 92.000000
0.228696 0.205996 0.595470 114.000000 103.000000 89.000000
0.241204 0.208468 0.602370 113.000000 102.000000 87.000000
0.253596 0.210653 0.608350 111.000000 107.000000 90.000000
0.265538 0.212316 0.612720 113.000000 103.000000 91.000000
0.279031 0.215057 0.620080 116.000000 105.000000 88.000000
0.291877 0.217129 0.625370 114.000000 99.000000 90.000000
0.306437 0.220295 0.633650 112.000000 100.000000 88.000000
-0.199618 0.142172 0.388700 158.000000 155.000000 156.000000
-0.194135 0.142812 0.391230 150.000000 151.000000 155.000000
-0.188866 0.143661 0.394220 148.000000 153.000000 151.000000
-0.183352 0.144378 0.396750 147.000000 149.000000 153.000000
-0.177709 0.145042 0.399050 147.000000 146.000000 153.000000
-0.172038 0.145735 0.401350 146.000000 146.000000 146.000000
-0.166712 0.146788 0.404570 147.000000 146.000000 149.000000
-0.161041 0.147612 0.407100 142.000000 140.000000 143.000000
-0.155230 0.148373 0.409400 147.000000 147.000000 145.000000
-0.149784 0.149569 0.412850 140.000000 143.000000 140.000000
-0.143846 0.150364 0.415150 142.000000 144.000000 145.000000
-0.137849 0.151173 0.417450 143.000000 138.000000 142.000000
-0.126075 0.153327 0.423430 141.000000 141.000000 141.000000
-0.119795 0.154085 0.425500 139.000000 137.000000 137.000000
-0.113756 0.155268 0.428720 132.000000 135.000000 130.000000
-0.107730 0.156624 0.432400 140.000000 138.000000 139.000000
-0.101691 0.158152 0.436540 139.000000 135.000000 136.000000
-0.095219 0.159184 0.439300 137.000000 133.000000 132.000000
-0.088563 0.160052 0.441600 139.000000 129.000000 133.000000
-0.082041 0.161339 0.445050 135.000000 130.000000 130.000000
-0.075365 0.162544 0.448270 130.000000 133.000000 130.000000
-0.068476 0.163498 0.450800 133.000000 126.000000 126.000000
-0.061813 0.165286 0.455630 128.000000 128.000000 126.000000
-0.054795 0.166488 0.458850 130.000000 128.000000 124.000000
-0.047693 0.167771 0.462300 130.000000 126.000000 123.000000
-0.040535 0.169301 0.466440 129.000000 125.000000 122.000000
-0.033140 0.170326 0.469200 128.000000 122.000000 117.000000
-0.025691 0.171597 0.472650 124.000000 122.000000 118.000000
-0.018135 0.172948 0.476330 129.000000 123.000000 121.000000
-0.010453 0.174209 0.479780 127.000000 121.000000 116.000000
-0.002662 0.175715 0.483920 127.000000 119.000000 115.000000
0.005257 0.176965 0.487370 127.000000 119.000000 117.000000
0.013300 0.178376 0.491280 129.000000 120.000000 116.000000
0.021478 0.179865 0.495420 124.000000 118.000000 111.000000
0.029830 0.181598 0.500250 124.000000 118.000000 111.000000
0.038214 0.182741 0.503470 120.000000 115.000000 114.000000
0.046720 0.183963 0.506920 118.000000 115.000000 109.000000
0.055408 0.185430 0.511060 122.000000 112.000000 106.000000
0.064284 0.187059 0.515660 117.000000 111.000000 102.000000
0.073270 0.188601 0.520030 119.000000 108.000000 103.000000
0.082430 0.190224 0.524630 120.000000 110.000000 100.000000
0.091892 0.192177 0.530150 118.000000 111.000000 100.000000
0.101180 0.193463 0.533830 113.000000 105.000000 99.000000
0.110534 0.194666 0.537280 114.000000 110.000000 95.000000
0.120354 0.196453 0.542340 118.000000 101.000000 89.000000
0.130608 0.198659 0.548550 110.000000 101.000000 88.000000
0.140829 0.200537 0.553840 121.000000 103.000000 91.000000
0.150910 0.202004 0.557980 115.000000 108.000000 92.000000
0.160929 0.203230 0.561430 117.000000 103.000000 92.000000
0.171624 0.205133 0.566720 114.000000 104.000000 85.000000
0.182866 0.207465 0.573160 108.000000 105.000000 85.000000
0.194175 0.209645 0.579140 110.000000 104.000000 85.000000
0.205291 0.211429 0.583970 117.000000 105.000000 93.000000
0.216673 0.213317 0.589030 112.000000 103.000000 87.000000
0.228337 0.215314 0.594320 115.000000 108.000000 94.000000
0.240948 0.218008 0.601450 118.000000 102.000000 87.000000
0.252879 0.219904 0.606280 102.000000 100.000000 85.000000
0.265224 0.222005 0.611570 111.000000 104.000000 91.000000
0.279158 0.225239 0.619850 114.000000 103.000000 87.000000
0.292159 0.227524 0.625370 104.000000 103.000000 83.000000
0.306668 0.230792 0.633420 112.000000 106.000000 90.000000
