-0.035284 -0.183794 0.500940 150.000000 146.000000 141.000000
0.100787 -0.213578 0.583050 141.000000 136.000000 126.000000
0.121893 -0.217494 0.594090 140.000000 133.000000 124.000000
0.155972 -0.224974 0.615020 140.000000 133.000000 124.000000
0.191603 -0.231915 0.634340 142.000000 132.000000 124.000000
0.204278 -0.234671 0.641930 134.000000 129.000000 119.000000
0.231543 -0.241411 0.660330 140.000000 126.000000 117.000000
0.245490 -0.244646 0.669070 136.000000 128.000000 117.000000
0.273612 -0.250530 0.684710 140.000000 129.000000 121.000000
0.287555 -0.253021 0.691150 136.000000 132.000000 117.000000
0.301672 -0.255471 0.697360 142.000000 127.000000 116.000000
0.315346 -0.257380 0.701960 136.000000 132.000000 117.000000
0.332051 -0.261540 0.712540 146.000000 132.000000 119.000000
0.350996 -0.267123 0.726800 141.000000 131.000000 123.000000
-0.034987 -0.174219 0.496340 146.000000 145.000000 138.000000
0.014357 -0.186538 0.531300 143.000000 138.000000 128.000000
0.090484 -0.202258 0.577070 140.000000 133.000000 124.000000
0.167380 -0.216918 0.620310 137.000000 133.000000 119.000000
0.179426 -0.219356 0.627440 138.000000 131.000000 119.000000
0.204225 -0.224258 0.641700 134.000000 129.000000 117.000000
0.232253 -0.231466 0.662400 140.000000 129.000000 121.000000
0.272778 -0.238744 0.682870 132.000000 126.000000 119.000000
0.286271 -0.240775 0.688390 134.000000 130.000000 115.000000
0.316049 -0.246568 0.704030 145.000000 131.000000 118.000000
0.332945 -0.250669 0.715070 140.000000 128.000000 118.000000
0.350977 -0.255317 0.727490 142.000000 132.000000 122.000000
0.014297 -0.177167 0.528540 146.000000 140.000000 135.000000
0.179154 -0.208914 0.626290 137.000000 129.000000 118.000000
0.204335 -0.214021 0.641930 143.000000 134.000000 121.000000
0.216470 -0.215747 0.647220 134.000000 127.000000 118.000000
0.244844 -0.222466 0.667460 131.000000 128.000000 118.000000
0.271974 -0.227049 0.681030 136.000000 128.000000 119.000000
0.285786 -0.229268 0.687470 140.000000 129.000000 123.000000
0.302148 -0.233286 0.699200 134.000000 127.000000 116.000000
0.317206 -0.236042 0.707020 127.000000 123.000000 117.000000
0.334313 -0.240074 0.718520 138.000000 126.000000 116.000000
0.350457 -0.243164 0.727030 140.000000 130.000000 119.000000
-0.141705 -0.136522 0.430100 125.000000 134.000000 138.000000
0.100241 -0.184306 0.578680 146.000000 134.000000 124.000000
0.178565 -0.198149 0.623990 146.000000 131.000000 125.000000
0.215815 -0.204684 0.645150 143.000000 131.000000 124.000000
0.256370 -0.212282 0.669300 132.000000 126.000000 117.000000
0.270644 -0.215001 0.677810 140.000000 133.000000 122.000000
0.285235 -0.217747 0.686320 133.000000 125.000000 119.000000
0.300648 -0.220890 0.695980 133.000000 127.000000 120.000000
0.317160 -0.224580 0.707250 137.000000 127.000000 119.000000
0.333261 -0.227730 0.716680 137.000000 129.000000 120.000000
0.349099 -0.230492 0.724730 134.000000 129.000000 128.000000
0.022940 -0.160314 0.528540 119.000000 119.000000 117.000000
0.100080 -0.174653 0.577300 138.000000 137.000000 130.000000
0.143179 -0.181680 0.601680 138.000000 135.000000 125.000000
0.178312 -0.187806 0.622840 140.000000 134.000000 127.000000
0.202763 -0.191817 0.636640 135.000000 130.000000 118.000000
0.215096 -0.193626 0.642850 138.000000 135.000000 125.000000
0.254609 -0.200099 0.664700 135.000000 125.000000 115.000000
0.269245 -0.203008 0.674360 133.000000 125.000000 119.000000
0.284325 -0.206010 0.684250 133.000000 126.000000 115.000000
0.299673 -0.208971 0.693910 131.000000 130.000000 112.000000
0.315908 -0.212312 0.704720 134.000000 129.000000 117.000000
0.332246 -0.215484 0.714840 130.000000 126.000000 121.000000
0.348669 -0.218493 0.724270 137.000000 126.000000 123.000000
0.022933 -0.151678 0.527850 104.000000 107.000000 104.000000
0.059793 -0.158056 0.550620 140.000000 140.000000 138.000000
0.069661 -0.160109 0.557980 142.000000 138.000000 134.000000
0.079596 -0.161823 0.564190 142.000000 138.000000 134.000000
0.165637 -0.175026 0.612720 132.000000 131.000000 122.000000
0.177606 -0.177039 0.620080 139.000000 132.000000 119.000000
0.189391 -0.178662 0.626060 139.000000 131.000000 123.000000
0.214387 -0.182646 0.640550 136.000000 130.000000 125.000000
0.227285 -0.184683 0.647910 137.000000 129.000000 120.000000
0.254890 -0.189583 0.665390 137.000000 129.000000 120.000000
0.269793 -0.192517 0.675740 136.000000 128.000000 121.000000
0.284298 -0.194948 0.684250 135.000000 130.000000 120.000000
0.315304 -0.200544 0.703570 136.000000 131.000000 121.000000
0.332119 -0.203852 0.714840 141.000000 130.000000 125.000000
0.349162 -0.207069 0.725650 138.000000 130.000000 112.000000
-0.011076 -0.137709 0.507380 50.000000 57.000000 55.000000
0.031887 -0.144643 0.533140 104.000000 109.000000 105.000000
0.069437 -0.150560 0.555680 119.000000 117.000000 116.000000
0.110155 -0.156917 0.580290 141.000000 141.000000 130.000000
0.154169 -0.163505 0.606050 133.000000 134.000000 127.000000
0.189336 -0.168497 0.625600 138.000000 127.000000 124.000000
0.214149 -0.172112 0.639630 142.000000 130.000000 121.000000
0.227021 -0.174023 0.646990 134.000000 128.000000 121.000000
0.242335 -0.177552 0.660330 140.000000 129.000000 121.000000
0.255626 -0.179362 0.667230 135.000000 130.000000 122.000000
0.269805 -0.181621 0.675740 134.000000 130.000000 122.000000
0.299086 -0.186199 0.692760 134.000000 131.000000 118.000000
0.315239 -0.189144 0.703570 134.000000 129.000000 119.000000
0.330310 -0.191254 0.711160 133.000000 127.000000 120.000000
0.348802 -0.195134 0.725190 134.000000 126.000000 120.000000
-0.002816 -0.130757 0.511980 60.000000 72.000000 68.000000
0.040850 -0.136826 0.536130 102.000000 110.000000 107.000000
0.079607 -0.143523 0.563270 119.000000 121.000000 123.000000
0.154324 -0.153847 0.606280 141.000000 136.000000 126.000000
0.188868 -0.157992 0.623760 135.000000 130.000000 120.000000
0.201237 -0.159767 0.631120 139.000000 132.000000 121.000000
0.241800 -0.166525 0.658720 140.000000 130.000000 119.000000
0.254347 -0.167749 0.663780 139.000000 131.000000 125.000000
0.268361 -0.169802 0.672060 137.000000 132.000000 123.000000
0.284008 -0.172685 0.683560 136.000000 127.000000 123.000000
0.299466 -0.175239 0.693680 135.000000 125.000000 117.000000
0.313856 -0.177004 0.700580 136.000000 126.000000 118.000000
0.327993 -0.178505 0.706330 138.000000 131.000000 117.000000
0.346589 -0.182248 0.720820 135.000000 130.000000 122.000000
-0.049696 -0.114687 0.479780 83.000000 85.000000 87.000000
0.040890 -0.128217 0.536130 103.000000 107.000000 110.000000
0.120523 -0.139147 0.584200 133.000000 126.000000 124.000000
0.131188 -0.140369 0.589720 132.000000 126.000000 121.000000
0.201031 -0.149412 0.630200 136.000000 130.000000 125.000000
0.240681 -0.155167 0.655500 134.000000 131.000000 120.000000
0.282211 -0.160630 0.679190 137.000000 127.000000 119.000000
0.296486 -0.162410 0.686780 133.000000 128.000000 118.000000
0.311564 -0.164483 0.695520 140.000000 130.000000 119.000000
0.326872 -0.166527 0.704030 136.000000 132.000000 115.000000
0.344734 -0.169687 0.717140 135.000000 124.000000 119.000000
0.049880 -0.120007 0.538200 111.000000 116.000000 112.000000
0.165085 -0.134936 0.609270 140.000000 132.000000 126.000000
0.201194 -0.139333 0.630430 133.000000 127.000000 120.000000
0.238132 -0.143048 0.648370 135.000000 130.000000 122.000000
0.252075 -0.145012 0.657570 132.000000 128.000000 127.000000
0.281284 -0.149175 0.676890 134.000000 128.000000 121.000000
0.296894 -0.151532 0.687700 131.000000 129.000000 114.000000
0.311656 -0.153300 0.695750 136.000000 126.000000 118.000000
0.328331 -0.155850 0.707250 133.000000 124.000000 127.000000
0.343232 -0.157412 0.714150 140.000000 128.000000 118.000000
0.049904 -0.111280 0.537970 97.000000 101.000000 106.000000
0.131066 -0.121111 0.588340 137.000000 135.000000 133.000000
0.164557 -0.124660 0.606970 136.000000 133.000000 123.000000
0.175831 -0.125651 0.612260 137.000000 134.000000 124.000000
0.200477 -0.128671 0.627900 140.000000 135.000000 125.000000
0.213322 -0.130279 0.636180 133.000000 127.000000 120.000000
0.237781 -0.132377 0.647220 134.000000 129.000000 119.000000
0.251079 -0.133860 0.654810 135.000000 130.000000 122.000000
0.282468 -0.138830 0.679650 135.000000 130.000000 122.000000
0.297808 -0.140863 0.689770 133.000000 127.000000 120.000000
0.310730 -0.141646 0.693680 134.000000 129.000000 119.000000
0.326174 -0.143481 0.702650 132.000000 127.000000 115.000000
0.339427 -0.144259 0.706330 134.000000 126.000000 120.000000
-0.034611 -0.092859 0.486680 95.000000 101.000000 106.000000
0.014169 -0.099056 0.518880 59.000000 64.000000 60.000000
0.022901 -0.100004 0.523940 76.000000 78.000000 82.000000
0.099002 -0.107980 0.567870 110.000000 112.000000 116.000000
0.130129 -0.110750 0.583740 135.000000 134.000000 128.000000
0.139936 -0.110967 0.585350 134.000000 133.000000 127.000000
0.152420 -0.113143 0.597310 137.000000 134.000000 126.000000
0.175264 -0.115353 0.609960 132.000000 131.000000 122.000000
0.199980 -0.118212 0.626060 135.000000 129.000000 124.000000
0.212251 -0.119383 0.632730 137.000000 132.000000 123.000000
0.225381 -0.120905 0.641240 134.000000 128.000000 121.000000
0.252997 -0.124223 0.659640 134.000000 130.000000 124.000000
0.265149 -0.124897 0.663550 131.000000 128.000000 118.000000
0.293864 -0.128009 0.680570 131.000000 128.000000 118.000000
0.309299 -0.129846 0.690460 131.000000 125.000000 116.000000
0.325098 -0.131699 0.700350 133.000000 120.000000 115.000000
0.341053 -0.133487 0.709780 132.000000 129.000000 121.000000
-0.063907 -0.081530 0.467820 63.000000 68.000000 66.000000
-0.026845 -0.085599 0.490130 86.000000 93.000000 93.000000
0.059217 -0.094508 0.541880 72.000000 74.000000 73.000000
0.098554 -0.098276 0.564880 114.000000 116.000000 117.000000
0.129598 -0.100841 0.580980 135.000000 131.000000 128.000000
0.174562 -0.105037 0.607200 141.000000 137.000000 131.000000
0.186959 -0.106459 0.615940 134.000000 133.000000 129.000000
0.199627 -0.107881 0.624680 131.000000 127.000000 124.000000
0.211796 -0.108907 0.631120 139.000000 131.000000 127.000000
0.238690 -0.111881 0.649290 127.000000 126.000000 120.000000
0.264471 -0.113886 0.661710 134.000000 130.000000 122.000000
0.292408 -0.116440 0.677120 132.000000 128.000000 125.000000
0.308699 -0.118467 0.689080 134.000000 126.000000 120.000000
0.326273 -0.120826 0.702880 128.000000 122.000000 117.000000
0.343465 -0.122885 0.714840 137.000000 131.000000 131.000000
0.016334 -0.033756 0.213210 74.000000 83.000000 84.000000
0.068640 -0.086321 0.546020 73.000000 73.000000 73.000000
0.098341 -0.088869 0.563270 118.000000 121.000000 120.000000
0.163394 -0.094448 0.601680 136.000000 133.000000 125.000000
0.174648 -0.095230 0.607200 133.000000 127.000000 122.000000
0.186417 -0.096191 0.613870 135.000000 129.000000 124.000000
0.199344 -0.097620 0.623530 134.000000 130.000000 122.000000
0.237834 -0.101016 0.646760 134.000000 130.000000 124.000000
0.263979 -0.103001 0.660330 133.000000 127.000000 120.000000
0.276967 -0.103843 0.666080 126.000000 125.000000 116.000000
0.292645 -0.105590 0.677580 128.000000 128.000000 119.000000
0.307694 -0.106990 0.686780 123.000000 121.000000 115.000000
0.323934 -0.108690 0.697820 121.000000 122.000000 117.000000
0.340472 -0.110370 0.708630 128.000000 124.000000 116.000000
-0.103243 -0.062198 0.440680 71.000000 77.000000 80.000000
0.129498 -0.081863 0.579830 137.000000 135.000000 133.000000
0.152206 -0.083917 0.595470 138.000000 134.000000 131.000000
0.163413 -0.084681 0.601450 134.000000 133.000000 127.000000
0.186568 -0.086301 0.614100 137.000000 133.000000 130.000000
0.211262 -0.088244 0.629050 130.000000 128.000000 122.000000
0.237820 -0.090546 0.646530 133.000000 128.000000 118.000000
0.263486 -0.092156 0.658950 127.000000 128.000000 121.000000
0.276347 -0.092873 0.664470 134.000000 126.000000 120.000000
0.291692 -0.094338 0.675280 129.000000 126.000000 118.000000
0.306692 -0.095587 0.684480 134.000000 128.000000 125.000000
0.321813 -0.096783 0.693220 130.000000 121.000000 119.000000
0.337267 -0.097993 0.701960 128.000000 123.000000 111.000000
-0.049561 -0.059800 0.475870 65.000000 73.000000 75.000000
-0.002781 -0.063372 0.503470 61.000000 66.000000 60.000000
0.031548 -0.065821 0.523250 52.000000 56.000000 57.000000
0.040673 -0.066665 0.530150 74.000000 82.000000 88.000000
0.078342 -0.069114 0.550850 92.000000 99.000000 99.000000
0.108144 -0.070853 0.566030 113.000000 118.000000 116.000000
0.128951 -0.072106 0.577070 133.000000 133.000000 129.000000
0.151398 -0.073834 0.592020 137.000000 134.000000 126.000000
0.162989 -0.074708 0.599610 128.000000 124.000000 121.000000
0.174476 -0.075437 0.606050 131.000000 124.000000 120.000000
0.185946 -0.076078 0.611800 128.000000 131.000000 123.000000
0.198765 -0.077177 0.621230 136.000000 130.000000 125.000000
0.211258 -0.078047 0.628820 131.000000 128.000000 122.000000
0.236873 -0.079763 0.643770 130.000000 127.000000 119.000000
0.263543 -0.081520 0.658950 127.000000 127.000000 116.000000
0.276301 -0.082121 0.664240 131.000000 123.000000 116.000000
0.290640 -0.083127 0.672750 125.000000 122.000000 116.000000
0.305177 -0.084113 0.681030 130.000000 122.000000 113.000000
0.320231 -0.085166 0.689770 129.000000 124.000000 112.000000
0.335836 -0.086287 0.698970 130.000000 120.000000 114.000000
-0.133300 -0.045757 0.423200 104.000000 114.000000 122.000000
0.040504 -0.057728 0.527620 73.000000 80.000000 78.000000
0.078191 -0.059981 0.549470 89.000000 93.000000 96.000000
0.087850 -0.060413 0.553840 93.000000 98.000000 99.000000
0.118480 -0.062160 0.571320 131.000000 128.000000 122.000000
0.128809 -0.062626 0.576150 135.000000 134.000000 130.000000
0.151113 -0.064074 0.590640 135.000000 134.000000 130.000000
0.162370 -0.064707 0.597080 134.000000 130.000000 122.000000
0.174414 -0.065563 0.605590 133.000000 126.000000 117.000000
0.198025 -0.066847 0.618700 134.000000 128.000000 121.000000
0.210477 -0.067600 0.626290 134.000000 129.000000 119.000000
0.222273 -0.068082 0.631350 134.000000 128.000000 123.000000
0.235667 -0.068987 0.640320 131.000000 125.000000 118.000000
0.248729 -0.069720 0.647680 131.000000 124.000000 120.000000
0.277306 -0.071644 0.666540 132.000000 124.000000 120.000000
0.305107 -0.073095 0.680800 128.000000 125.000000 114.000000
0.318225 -0.073560 0.685400 128.000000 124.000000 116.000000
0.333747 -0.074529 0.694600 136.000000 125.000000 122.000000
-0.090506 -0.041430 0.447580 72.000000 80.000000 86.000000
-0.042005 -0.044486 0.478170 75.000000 79.000000 82.000000
-0.034391 -0.044826 0.481620 67.000000 74.000000 76.000000
0.040350 -0.048882 0.525320 53.000000 61.000000 58.000000
0.077642 -0.050623 0.545330 70.000000 75.000000 73.000000
0.087419 -0.051096 0.550850 83.000000 92.000000 94.000000
0.118248 -0.052726 0.569940 127.000000 127.000000 125.000000
0.140105 -0.053938 0.584200 138.000000 135.000000 129.000000
0.161431 -0.054672 0.593400 132.000000 129.000000 123.000000
0.173218 -0.055333 0.601220 127.000000 120.000000 111.000000
0.209456 -0.057164 0.623070 131.000000 123.000000 116.000000
0.221523 -0.057654 0.629050 129.000000 123.000000 119.000000
0.248607 -0.059208 0.647220 129.000000 124.000000 114.000000
0.261900 -0.059831 0.654580 129.000000 126.000000 114.000000
0.275630 -0.060499 0.662400 131.000000 125.000000 118.000000
0.288932 -0.061025 0.668610 126.000000 126.000000 114.000000
0.304005 -0.061871 0.678270 128.000000 123.000000 111.000000
0.318249 -0.062492 0.685400 131.000000 121.000000 113.000000
0.335198 -0.063583 0.697590 127.000000 120.000000 111.000000
-0.041943 -0.036581 0.477250 62.000000 71.000000 73.000000
0.014066 -0.039323 0.512440 50.000000 62.000000 58.000000
0.049475 -0.040642 0.530380 70.000000 73.000000 81.000000
0.087275 -0.042006 0.549700 90.000000 88.000000 86.000000
0.128709 -0.043789 0.575230 134.000000 130.000000 126.000000
0.139881 -0.044338 0.583050 134.000000 128.000000 123.000000
0.173936 -0.045742 0.603520 132.000000 126.000000 119.000000
0.208815 -0.046910 0.621000 129.000000 126.000000 116.000000
0.235607 -0.048233 0.639860 131.000000 125.000000 116.000000
0.275480 -0.049760 0.661940 127.000000 124.000000 113.000000
0.289367 -0.050292 0.669530 121.000000 121.000000 112.000000
0.304449 -0.050984 0.679190 125.000000 123.000000 110.000000
0.317633 -0.051319 0.684020 122.000000 119.000000 109.000000
0.333668 -0.052074 0.694370 129.000000 117.000000 110.000000
-0.192899 -0.023082 0.392150 167.000000 170.000000 178.000000
-0.034272 -0.028904 0.479550 47.000000 48.000000 57.000000
0.014015 -0.030784 0.510370 31.000000 36.000000 32.000000
0.049388 -0.031874 0.529230 52.000000 59.000000 57.000000
0.087124 -0.032942 0.548550 85.000000 89.000000 95.000000
0.097073 -0.033257 0.554300 90.000000 90.000000 90.000000
0.118001 -0.034030 0.568330 134.000000 130.000000 124.000000
0.128493 -0.034337 0.574080 128.000000 131.000000 125.000000
0.150684 -0.035110 0.588340 128.000000 129.000000 124.000000
0.184923 -0.036134 0.607660 131.000000 130.000000 121.000000
0.196644 -0.036459 0.613870 131.000000 130.000000 123.000000
0.221299 -0.037219 0.628130 132.000000 124.000000 116.000000
0.275231 -0.039018 0.661250 129.000000 124.000000 112.000000
0.288407 -0.039337 0.667230 127.000000 121.000000 107.000000
0.302417 -0.039740 0.674590 129.000000 121.000000 112.000000
0.316162 -0.040079 0.680800 133.000000 121.000000 111.000000
0.330813 -0.040505 0.688390 126.000000 119.000000 110.000000
0.058574 -0.023362 0.533600 72.000000 80.000000 82.000000
0.086931 -0.023897 0.547170 73.000000 82.000000 81.000000
0.096819 -0.024115 0.552690 85.000000 87.000000 84.000000
0.139353 -0.025214 0.580520 131.000000 128.000000 122.000000
0.150602 -0.025501 0.587880 132.000000 131.000000 124.000000
0.184192 -0.026147 0.605130 131.000000 128.000000 120.000000
0.220122 -0.026886 0.624680 130.000000 129.000000 120.000000
0.232894 -0.027178 0.632270 126.000000 125.000000 116.000000
0.275264 -0.028324 0.661250 127.000000 117.000000 107.000000
0.287045 -0.028413 0.664010 129.000000 121.000000 114.000000
0.300485 -0.028651 0.670220 125.000000 117.000000 109.000000
0.315544 -0.029020 0.679420 129.000000 121.000000 112.000000
0.332048 -0.029490 0.690920 128.000000 118.000000 110.000000
-0.114904 -0.011635 0.430100 58.000000 76.000000 79.000000
-0.026579 -0.013242 0.483000 52.000000 55.000000 61.000000
0.022553 -0.014065 0.512900 62.000000 68.000000 68.000000
0.058437 -0.014562 0.532220 60.000000 68.000000 65.000000
0.096558 -0.015018 0.551080 79.000000 68.000000 76.000000
0.150336 -0.015883 0.586730 130.000000 126.000000 123.000000
0.161347 -0.016014 0.592480 128.000000 127.000000 121.000000
0.184222 -0.016306 0.605130 132.000000 126.000000 119.000000
0.196051 -0.016459 0.611800 130.000000 128.000000 115.000000
0.220152 -0.016753 0.624680 130.000000 123.000000 109.000000
0.233263 -0.016954 0.633190 131.000000 126.000000 114.000000
0.259657 -0.017314 0.648600 129.000000 121.000000 112.000000
0.274238 -0.017559 0.658720 129.000000 120.000000 107.000000
0.286972 -0.017669 0.663780 123.000000 115.000000 106.000000
0.301953 -0.017903 0.673440 124.000000 117.000000 103.000000
0.316742 -0.018107 0.681950 123.000000 121.000000 108.000000
0.331404 -0.018288 0.689540 127.000000 120.000000 109.000000
-0.026520 -0.005281 0.481850 60.000000 67.000000 67.000000
0.031263 -0.005666 0.517040 33.000000 37.000000 38.000000
0.058193 -0.005791 0.529920 49.000000 56.000000 56.000000
0.106554 -0.006034 0.556370 117.000000 122.000000 116.000000
0.117500 -0.006122 0.565570 128.000000 126.000000 125.000000
0.160741 -0.006332 0.590180 128.000000 124.000000 116.000000
0.207483 -0.006548 0.616630 125.000000 123.000000 112.000000
0.231845 -0.006646 0.629280 124.000000 124.000000 110.000000
0.246225 -0.006747 0.640550 130.000000 122.000000 113.000000
0.273111 -0.006871 0.655960 127.000000 123.000000 108.000000
0.286894 -0.006931 0.663550 130.000000 120.000000 114.000000
0.301046 -0.006993 0.671370 124.000000 117.000000 105.000000
0.315800 -0.007062 0.679880 129.000000 120.000000 107.000000
0.329876 -0.007109 0.686320 126.000000 116.000000 103.000000
-0.186026 0.002269 0.391000 163.000000 167.000000 170.000000
-0.069775 0.002508 0.454250 79.000000 85.000000 92.000000
-0.018707 0.002669 0.485300 40.000000 54.000000 54.000000
-0.002738 0.002720 0.494730 80.000000 88.000000 92.000000
0.031126 0.002832 0.514740 75.000000 85.000000 79.000000
0.057945 0.002907 0.527620 40.000000 42.000000 44.000000
0.067238 0.002937 0.532680 34.000000 39.000000 37.000000
0.106473 0.003077 0.555910 124.000000 132.000000 129.000000
0.117317 0.003129 0.564650 126.000000 127.000000 118.000000
0.160313 0.003282 0.588570 128.000000 124.000000 116.000000
0.245798 0.003628 0.639400 125.000000 120.000000 108.000000
0.258313 0.003672 0.645150 127.000000 120.000000 109.000000
0.285718 0.003788 0.660790 114.000000 104.000000 96.000000
0.298794 0.003835 0.666310 127.000000 117.000000 109.000000
0.313789 0.003905 0.675510 127.000000 117.000000 105.000000
0.328236 0.003965 0.682870 120.000000 116.000000 101.000000
-0.137979 0.009109 0.416300 39.000000 49.000000 41.000000
-0.102337 0.009542 0.435620 86.000000 94.000000 100.000000
-0.062847 0.010048 0.457930 67.000000 76.000000 77.000000
-0.010773 0.010737 0.488750 105.000000 109.000000 112.000000
0.039923 0.011394 0.518880 96.000000 98.000000 102.000000
0.067092 0.011663 0.531530 83.000000 90.000000 87.000000
0.086274 0.011903 0.542800 81.000000 89.000000 86.000000
0.106120 0.012143 0.554070 122.000000 130.000000 125.000000
0.116839 0.012320 0.562350 122.000000 123.000000 118.000000
0.127497 0.012467 0.569250 125.000000 126.000000 119.000000
0.159751 0.012835 0.586500 126.000000 125.000000 119.000000
0.170238 0.012912 0.590180 127.000000 120.000000 111.000000
0.194245 0.013256 0.606050 127.000000 121.000000 114.000000
0.206340 0.013412 0.613180 130.000000 122.000000 111.000000
0.245010 0.013946 0.637330 122.000000 118.000000 103.000000
0.257954 0.014102 0.644230 124.000000 117.000000 105.000000
0.271127 0.014260 0.651130 124.000000 116.000000 107.000000
0.284437 0.014414 0.657800 128.000000 117.000000 103.000000
0.298705 0.014607 0.666080 122.000000 118.000000 103.000000
0.314660 0.014868 0.677350 123.000000 115.000000 106.000000
0.327813 0.014986 0.681950 127.000000 117.000000 105.000000
-0.055725 0.017699 0.461150 80.000000 91.000000 95.000000
-0.002725 0.018928 0.492430 64.000000 70.000000 75.000000
0.039919 0.019931 0.518880 64.000000 64.000000 62.000000
0.116592 0.021479 0.561200 126.000000 125.000000 119.000000
0.137798 0.021939 0.573850 129.000000 125.000000 122.000000
0.159681 0.022389 0.586270 123.000000 121.000000 115.000000
0.170231 0.022527 0.590180 124.000000 119.000000 107.000000
0.205949 0.023330 0.612030 125.000000 119.000000 110.000000
0.243154 0.024092 0.632500 119.000000 114.000000 104.000000
0.270270 0.024722 0.649060 116.000000 109.000000 97.000000
0.283848 0.025006 0.656420 129.000000 112.000000 104.000000
0.298819 0.025391 0.666310 113.000000 114.000000 98.000000
0.314033 0.025770 0.675970 117.000000 115.000000 102.000000
0.327720 0.026005 0.681720 119.000000 115.000000 98.000000
-0.137358 0.022545 0.414460 149.000000 162.000000 166.000000
-0.131659 0.022720 0.417450 144.000000 158.000000 169.000000
-0.048482 0.025462 0.464370 69.000000 78.000000 82.000000
-0.002712 0.026907 0.490130 61.000000 73.000000 69.000000
0.048726 0.028618 0.521870 59.000000 64.000000 60.000000
0.076532 0.029398 0.536820 55.000000 55.000000 55.000000
0.126752 0.030905 0.566030 128.000000 124.000000 119.000000
0.137506 0.031249 0.572700 128.000000 124.000000 119.000000
0.170480 0.032190 0.591100 122.000000 119.000000 107.000000
0.217180 0.033482 0.616170 128.000000 117.000000 112.000000
0.229737 0.033868 0.623530 118.000000 118.000000 106.000000
0.256019 0.034711 0.639400 115.000000 116.000000 109.000000
0.269695 0.035155 0.647680 121.000000 116.000000 104.000000
0.283354 0.035567 0.655270 120.000000 114.000000 107.000000
0.297383 0.035995 0.663090 118.000000 113.000000 101.000000
0.312871 0.036566 0.673440 123.000000 116.000000 104.000000
0.327518 0.037007 0.681260 120.000000 115.000000 103.000000
-0.048374 0.033024 0.463450 84.000000 90.000000 93.000000
-0.041060 0.033282 0.466900 83.000000 87.000000 90.000000
-0.010672 0.034558 0.484380 75.000000 84.000000 86.000000
-0.002705 0.034888 0.488980 86.000000 87.000000 84.000000
0.039565 0.036680 0.514510 58.000000 68.000000 60.000000
0.085869 0.038443 0.540500 55.000000 59.000000 53.000000
0.126367 0.040039 0.564420 128.000000 123.000000 115.000000
0.147842 0.040879 0.577070 125.000000 122.000000 114.000000
0.158951 0.041322 0.583740 126.000000 120.000000 113.000000
0.169926 0.041684 0.589260 120.000000 117.000000 106.000000
0.229297 0.043899 0.622380 124.000000 119.000000 105.000000
0.255549 0.044986 0.638250 120.000000 117.000000 104.000000
0.269211 0.045560 0.646530 118.000000 116.000000 105.000000
0.296666 0.046610 0.661480 120.000000 113.000000 102.000000
0.311707 0.047282 0.670910 117.000000 109.000000 101.000000
0.326431 0.047865 0.678960 124.000000 110.000000 99.000000
-0.089038 0.038443 0.439990 116.000000 118.000000 122.000000
0.048461 0.045536 0.519340 67.000000 77.000000 71.000000
0.057366 0.045819 0.522790 71.000000 73.000000 72.000000
0.085697 0.047214 0.539580 59.000000 63.000000 54.000000
0.095622 0.047748 0.546020 62.000000 67.000000 63.000000
0.115854 0.048728 0.557980 128.000000 123.000000 113.000000
0.136952 0.049761 0.570630 124.000000 121.000000 113.000000
0.147809 0.050286 0.577070 121.000000 121.000000 110.000000
0.180541 0.051579 0.593170 125.000000 119.000000 112.000000
0.204572 0.052811 0.608120 120.000000 114.000000 100.000000
0.216082 0.053220 0.613180 124.000000 116.000000 107.000000
0.228343 0.053771 0.619850 120.000000 116.000000 101.000000
0.296154 0.057213 0.660330 118.000000 110.000000 106.000000
0.310329 0.057878 0.667920 122.000000 114.000000 103.000000
0.325125 0.058612 0.676200 124.000000 112.000000 102.000000
-0.164169 0.041065 0.399050 149.000000 153.000000 161.000000
-0.120137 0.043853 0.424350 142.000000 146.000000 152.000000
-0.076135 0.046574 0.448500 132.000000 136.000000 139.000000
-0.002691 0.050713 0.486680 135.000000 137.000000 138.000000
0.005384 0.051191 0.491280 139.000000 136.000000 139.000000
0.013640 0.051785 0.497030 132.000000 135.000000 134.000000
0.022063 0.052328 0.502320 132.000000 132.000000 128.000000
0.048162 0.053740 0.516350 99.000000 101.000000 100.000000
0.095427 0.056581 0.545100 77.000000 78.000000 73.000000
0.147474 0.059568 0.575920 124.000000 116.000000 110.000000
0.157500 0.059809 0.578680 122.000000 119.000000 109.000000
0.180502 0.061219 0.593170 126.000000 113.000000 106.000000
0.191999 0.061819 0.599380 129.000000 117.000000 108.000000
0.204150 0.062562 0.606970 124.000000 114.000000 108.000000
0.228230 0.063794 0.619620 117.000000 112.000000 96.000000
0.267274 0.066019 0.641930 120.000000 113.000000 104.000000
0.279565 0.066481 0.646530 119.000000 110.000000 92.000000
0.293578 0.067307 0.654580 119.000000 108.000000 101.000000
0.308204 0.068213 0.663320 121.000000 110.000000 98.000000
0.323821 0.069272 0.673440 122.000000 112.000000 106.000000
-0.069316 0.054350 0.451950 136.000000 141.000000 142.000000
-0.026110 0.057285 0.475180 131.000000 132.000000 139.000000
0.013633 0.059934 0.497030 121.000000 121.000000 119.000000
0.048010 0.062030 0.514970 124.000000 116.000000 121.000000
0.104956 0.065883 0.548780 142.000000 112.000000 63.000000
0.146779 0.068639 0.573390 121.000000 120.000000 114.000000
0.157140 0.069084 0.577530 124.000000 118.000000 111.000000
0.168150 0.069749 0.583510 127.000000 115.000000 107.000000
0.191219 0.071273 0.597080 120.000000 114.000000 107.000000
0.203335 0.072133 0.604670 119.000000 114.000000 102.000000
0.240234 0.074458 0.625140 114.000000 111.000000 101.000000
0.252731 0.075170 0.631350 119.000000 109.000000 96.000000
0.278663 0.076698 0.644460 120.000000 109.000000 94.000000
0.291620 0.077379 0.650210 114.000000 110.000000 95.000000
0.307149 0.078674 0.661020 114.000000 109.000000 99.000000
0.321524 0.079599 0.668610 119.000000 109.000000 98.000000
-0.158192 0.054159 0.400200 156.000000 149.000000 151.000000
-0.062056 0.061920 0.453100 135.000000 137.000000 138.000000
0.021988 0.068625 0.501170 128.000000 126.000000 127.000000
0.066193 0.071834 0.525550 132.000000 124.000000 120.000000
0.114244 0.075061 0.550850 123.000000 114.000000 103.000000
0.124451 0.075790 0.556600 126.000000 119.000000 110.000000
0.146137 0.077651 0.571090 122.000000 117.000000 107.000000
0.156774 0.078313 0.576380 127.000000 121.000000 114.000000
0.190507 0.080677 0.595010 123.000000 113.000000 105.000000
0.202593 0.081655 0.602600 121.000000 111.000000 101.000000
0.225871 0.083029 0.613410 116.000000 109.000000 95.000000
0.239406 0.084300 0.623070 117.000000 107.000000 99.000000
0.266379 0.086518 0.639860 121.000000 110.000000 98.000000
0.278456 0.087065 0.644000 118.000000 112.000000 96.000000
0.292036 0.088027 0.651130 120.000000 109.000000 94.000000
0.307058 0.089344 0.660790 122.000000 106.000000 93.000000
0.320891 0.090240 0.667230 113.000000 103.000000 91.000000
-0.107151 0.065118 0.427570 143.000000 142.000000 147.000000
-0.068858 0.068712 0.449420 142.000000 139.000000 145.000000
-0.062117 0.069417 0.453790 139.000000 137.000000 137.000000
-0.047883 0.070397 0.459770 132.000000 132.000000 132.000000
-0.018425 0.073474 0.479320 134.000000 132.000000 135.000000
-0.010624 0.074082 0.483230 128.000000 128.000000 130.000000
0.021964 0.076779 0.500940 128.000000 128.000000 126.000000
0.039169 0.078219 0.510600 123.000000 124.000000 119.000000
0.066039 0.080268 0.524630 125.000000 124.000000 115.000000
0.075528 0.081211 0.531070 125.000000 122.000000 114.000000
0.084957 0.081902 0.535900 124.000000 121.000000 115.000000
0.114379 0.084165 0.551770 125.000000 119.000000 114.000000
0.156652 0.087636 0.576150 121.000000 116.000000 108.000000
0.189642 0.089938 0.592480 123.000000 114.000000 103.000000
0.201614 0.091000 0.599840 115.000000 107.000000 100.000000
0.213735 0.092030 0.606970 120.000000 113.000000 104.000000
0.278450 0.097487 0.644000 113.000000 111.000000 91.000000
0.292351 0.098671 0.651820 119.000000 110.000000 94.000000
0.306864 0.099974 0.660330 111.000000 106.000000 92.000000
0.320927 0.101050 0.667230 121.000000 107.000000 91.000000
-0.193289 0.063771 0.379730 153.000000 154.000000 161.000000
-0.152247 0.067371 0.401580 148.000000 145.000000 149.000000
-0.100842 0.072574 0.430330 141.000000 140.000000 147.000000
-0.010587 0.081731 0.481850 134.000000 132.000000 135.000000
0.030372 0.085477 0.504160 128.000000 126.000000 125.000000
0.039125 0.086505 0.510370 127.000000 125.000000 124.000000
0.084688 0.090391 0.534520 124.000000 118.000000 111.000000
0.114320 0.093133 0.551770 122.000000 117.000000 110.000000
0.124846 0.094272 0.558900 124.000000 116.000000 107.000000
0.167445 0.097844 0.581670 119.000000 112.000000 103.000000
0.200863 0.100365 0.597770 115.000000 110.000000 101.000000
0.213280 0.101662 0.605820 121.000000 112.000000 99.000000
0.250902 0.105090 0.626980 114.000000 111.000000 98.000000
0.278544 0.107949 0.644230 114.000000 105.000000 90.000000
0.291947 0.109070 0.650900 117.000000 105.000000 93.000000
0.307317 0.110825 0.661250 117.000000 108.000000 93.000000
-0.188196 0.070318 0.382030 153.000000 157.000000 160.000000
-0.141154 0.074904 0.406870 142.000000 146.000000 152.000000
-0.100738 0.079512 0.430100 146.000000 144.000000 144.000000
-0.010550 0.089321 0.480470 132.000000 128.000000 127.000000
0.030308 0.093556 0.503470 128.000000 124.000000 119.000000
0.056596 0.096065 0.517500 125.000000 122.000000 116.000000
0.075072 0.098021 0.528540 126.000000 120.000000 113.000000
0.084634 0.099077 0.534520 128.000000 118.000000 110.000000
0.093975 0.099701 0.538200 121.000000 118.000000 107.000000
0.178193 0.108087 0.586500 122.000000 113.000000 100.000000
0.213390 0.111548 0.606280 122.000000 113.000000 100.000000
0.225910 0.112896 0.613870 111.000000 106.000000 94.000000
0.238414 0.114123 0.620770 113.000000 110.000000 97.000000
0.250231 0.114938 0.625370 112.000000 108.000000 91.000000
0.264318 0.116693 0.635030 116.000000 107.000000 96.000000
0.290724 0.119105 0.648140 115.000000 108.000000 94.000000
0.306067 0.121034 0.658490 115.000000 106.000000 93.000000
0.319918 0.122266 0.664930 113.000000 106.000000 95.000000
-0.040602 0.093660 0.463680 129.000000 129.000000 129.000000
-0.002678 0.098110 0.485300 127.000000 125.000000 124.000000
0.047575 0.103393 0.511980 125.000000 119.000000 114.000000
0.084395 0.107516 0.533370 123.000000 114.000000 110.000000
0.113569 0.110428 0.548780 121.000000 115.000000 110.000000
0.123478 0.111283 0.553380 122.000000 117.000000 110.000000
0.133962 0.112506 0.559820 118.000000 112.000000 96.000000
0.165919 0.115707 0.576840 117.000000 110.000000 98.000000
0.177078 0.116883 0.583050 124.000000 112.000000 102.000000
0.200053 0.119290 0.595700 121.000000 111.000000 101.000000
0.212610 0.120939 0.604210 117.000000 103.000000 90.000000
0.224511 0.122087 0.610190 113.000000 108.000000 96.000000
0.236878 0.123382 0.616860 110.000000 107.000000 99.000000
0.248918 0.124411 0.622150 119.000000 105.000000 94.000000
0.262584 0.126143 0.630890 117.000000 106.000000 87.000000
0.276558 0.127890 0.639630 115.000000 108.000000 94.000000
0.290333 0.129424 0.647220 111.000000 106.000000 92.000000
0.304826 0.131162 0.655730 110.000000 108.000000 93.000000
0.318987 0.132647 0.662860 120.000000 109.000000 94.000000
-0.112317 0.091533 0.421820 133.000000 135.000000 137.000000
-0.094123 0.093945 0.432170 139.000000 139.000000 139.000000
-0.047657 0.100091 0.458850 134.000000 129.000000 130.000000
-0.025694 0.102484 0.469430 132.000000 128.000000 127.000000
-0.002669 0.105680 0.483920 127.000000 125.000000 126.000000
0.021724 0.108516 0.497030 127.000000 121.000000 116.000000
0.038612 0.110172 0.504850 126.000000 125.000000 121.000000
0.065220 0.113259 0.519570 125.000000 117.000000 111.000000
0.074248 0.114058 0.523480 126.000000 118.000000 112.000000
0.083827 0.115454 0.530150 125.000000 122.000000 114.000000
0.103640 0.118278 0.543720 119.000000 114.000000 104.000000
0.122945 0.119787 0.551310 119.000000 113.000000 106.000000
0.143861 0.122286 0.563500 122.000000 114.000000 105.000000
0.154253 0.123260 0.568330 115.000000 107.000000 98.000000
0.164988 0.124385 0.573850 117.000000 110.000000 98.000000
0.176032 0.125610 0.579830 115.000000 108.000000 94.000000
0.187777 0.127188 0.587420 125.000000 113.000000 103.000000
0.199299 0.128471 0.593630 123.000000 114.000000 101.000000
0.211263 0.129910 0.600530 119.000000 112.000000 101.000000
0.223030 0.131107 0.606280 113.000000 107.000000 93.000000
0.235785 0.132762 0.614100 119.000000 114.000000 100.000000
0.248346 0.134179 0.620770 113.000000 106.000000 95.000000
0.261813 0.135959 0.629050 113.000000 107.000000 89.000000
0.275077 0.137506 0.636180 114.000000 104.000000 96.000000
0.287990 0.138774 0.641930 116.000000 109.000000 93.000000
0.300708 0.139865 0.646760 118.000000 104.000000 93.000000
0.315966 0.142026 0.656420 113.000000 106.000000 95.000000
-0.182488 0.089126 0.382950 151.000000 150.000000 157.000000
-0.172275 0.090274 0.388240 145.000000 148.000000 154.000000
-0.135337 0.095268 0.409400 142.000000 147.000000 148.000000
-0.123870 0.096693 0.415150 140.000000 142.000000 146.000000
-0.099984 0.099800 0.427570 141.000000 139.000000 140.000000
-0.093767 0.100608 0.430790 139.000000 136.000000 139.000000
-0.081162 0.102437 0.438150 136.000000 137.000000 134.000000
-0.068284 0.104638 0.447120 134.000000 132.000000 135.000000
-0.040239 0.107873 0.460230 132.000000 130.000000 130.000000
-0.033002 0.108872 0.464370 132.000000 130.000000 130.000000
-0.018184 0.111340 0.474720 128.000000 126.000000 125.000000
0.013421 0.115390 0.491970 129.000000 118.000000 117.000000
0.021694 0.116507 0.496800 124.000000 120.000000 119.000000
0.038492 0.118072 0.503700 127.000000 121.000000 114.000000
0.047370 0.119653 0.510600 125.000000 118.000000 116.000000
0.056063 0.120365 0.513820 122.000000 118.000000 113.000000
0.074192 0.122524 0.523480 122.000000 116.000000 112.000000
0.083366 0.123434 0.527620 120.000000 112.000000 108.000000
0.093144 0.124984 0.534520 119.000000 114.000000 104.000000
0.103133 0.126529 0.541420 122.000000 114.000000 107.000000
0.113047 0.127748 0.546940 119.000000 112.000000 101.000000
0.122820 0.128641 0.551080 118.000000 115.000000 107.000000
0.143552 0.131175 0.562580 122.000000 114.000000 105.000000
0.154055 0.132333 0.567870 114.000000 109.000000 99.000000
0.164917 0.133654 0.573850 120.000000 110.000000 100.000000
0.175825 0.134869 0.579370 114.000000 109.000000 99.000000
0.199165 0.138009 0.593400 118.000000 113.000000 101.000000
0.211457 0.139776 0.601220 112.000000 105.000000 92.000000
0.223414 0.141176 0.607430 113.000000 103.000000 93.000000
0.235404 0.142481 0.613180 117.000000 107.000000 99.000000
0.248332 0.144226 0.620770 113.000000 103.000000 91.000000
0.260857 0.145612 0.626750 119.000000 109.000000 98.000000
0.273705 0.147070 0.632960 114.000000 101.000000 97.000000
0.287412 0.148870 0.640550 118.000000 107.000000 92.000000
0.300346 0.150160 0.645840 117.000000 108.000000 93.000000
0.315949 0.152655 0.656190 108.000000 104.000000 89.000000
-0.177295 0.095881 0.385250 146.000000 149.000000 155.000000
-0.145744 0.099936 0.401810 143.000000 142.000000 147.000000
-0.134919 0.101597 0.408250 140.000000 142.000000 146.000000
-0.093361 0.107160 0.429180 135.000000 135.000000 137.000000
-0.087428 0.108479 0.434240 138.000000 135.000000 138.000000
-0.081151 0.109569 0.438380 134.000000 134.000000 132.000000
-0.074613 0.110484 0.441830 140.000000 140.000000 138.000000
-0.068059 0.111570 0.445970 127.000000 126.000000 129.000000
-0.061174 0.112309 0.448730 135.000000 130.000000 134.000000
-0.047440 0.114580 0.457470 125.000000 125.000000 123.000000
-0.040207 0.115307 0.460230 129.000000 124.000000 126.000000
-0.032992 0.116431 0.464600 131.000000 127.000000 126.000000
-0.018099 0.118548 0.472880 125.000000 123.000000 121.000000
-0.002654 0.120755 0.481620 125.000000 121.000000 118.000000
0.005291 0.122021 0.486680 123.000000 121.000000 117.000000
0.013358 0.122877 0.490130 122.000000 118.000000 115.000000
0.029985 0.125258 0.499790 127.000000 120.000000 122.000000
0.038494 0.126323 0.504160 121.000000 116.000000 116.000000
0.047223 0.127611 0.509450 124.000000 117.000000 115.000000
0.055917 0.128432 0.512900 120.000000 114.000000 109.000000
0.064858 0.129534 0.517500 122.000000 111.000000 110.000000
0.073939 0.130631 0.522100 123.000000 114.000000 110.000000
0.092477 0.132750 0.531070 120.000000 109.000000 106.000000
0.102187 0.134119 0.536820 119.000000 111.000000 105.000000
0.112595 0.136116 0.545100 120.000000 113.000000 102.000000
0.122490 0.137248 0.549930 117.000000 110.000000 98.000000
0.132640 0.138493 0.555220 115.000000 110.000000 101.000000
0.143184 0.139967 0.561430 118.000000 110.000000 102.000000
0.153982 0.141498 0.567870 111.000000 111.000000 97.000000
0.164846 0.142916 0.573850 115.000000 110.000000 101.000000
0.176596 0.144910 0.582130 121.000000 111.000000 101.000000
0.188020 0.146449 0.588570 111.000000 104.000000 91.000000
0.198802 0.147365 0.592480 116.000000 107.000000 96.000000
0.210602 0.148919 0.598920 109.000000 107.000000 94.000000
0.223463 0.151054 0.607660 111.000000 106.000000 94.000000
0.234941 0.152115 0.612030 116.000000 109.000000 97.000000
0.247773 0.153934 0.619390 113.000000 106.000000 95.000000
0.260389 0.155483 0.625600 112.000000 105.000000 92.000000
0.273039 0.156939 0.631350 114.000000 105.000000 92.000000
0.286951 0.158990 0.639400 110.000000 108.000000 95.000000
0.300855 0.160897 0.646760 119.000000 110.000000 92.000000
0.315951 0.163293 0.655960 115.000000 106.000000 102.000000
-0.192034 0.100058 0.376280 148.000000 145.000000 149.000000
-0.172040 0.102715 0.387550 146.000000 144.000000 152.000000
-0.167078 0.103531 0.390770 144.000000 143.000000 150.000000
-0.145141 0.106009 0.400200 143.000000 145.000000 146.000000
-0.128809 0.108654 0.409860 141.000000 138.000000 144.000000
-0.123435 0.109793 0.414000 141.000000 140.000000 143.000000
-0.087003 0.114991 0.432400 133.000000 133.000000 133.000000
-0.080884 0.116330 0.437230 132.000000 129.000000 132.000000
-0.054092 0.120200 0.451030 123.000000 123.000000 125.000000
-0.047283 0.121650 0.456320 126.000000 123.000000 127.000000
-0.040175 0.122727 0.460230 126.000000 124.000000 125.000000
-0.032883 0.123616 0.463450 127.000000 125.000000 124.000000
-0.025557 0.124867 0.468050 126.000000 126.000000 126.000000
-0.010416 0.127043 0.476100 123.000000 119.000000 118.000000
-0.002648 0.128275 0.480700 125.000000 118.000000 118.000000
0.005268 0.129439 0.485070 121.000000 119.000000 118.000000
0.013326 0.130595 0.489440 124.000000 120.000000 117.000000
0.021464 0.131377 0.492430 126.000000 119.000000 117.000000
0.029848 0.132826 0.497950 124.000000 115.000000 114.000000
0.038425 0.134329 0.503700 124.000000 114.000000 110.000000
0.047098 0.135579 0.508530 121.000000 115.000000 112.000000
0.055845 0.136639 0.512670 120.000000 114.000000 107.000000
0.064691 0.137632 0.516580 115.000000 111.000000 108.000000
0.073719 0.138741 0.520950 118.000000 110.000000 104.000000
0.082807 0.139722 0.524860 117.000000 111.000000 102.000000
0.092331 0.141188 0.530610 118.000000 110.000000 104.000000
0.101899 0.142466 0.535670 119.000000 113.000000 106.000000
0.111905 0.144108 0.542110 113.000000 108.000000 98.000000
0.132346 0.147200 0.554300 119.000000 112.000000 101.000000
0.142817 0.148714 0.560280 114.000000 109.000000 99.000000
0.153660 0.150412 0.566950 115.000000 109.000000 105.000000
0.164448 0.151868 0.572700 115.000000 105.000000 97.000000
0.175346 0.153267 0.578220 115.000000 110.000000 103.000000
0.186640 0.154853 0.584430 113.000000 103.000000 95.000000
0.197903 0.156264 0.589950 115.000000 107.000000 98.000000
0.209754 0.157989 0.596620 111.000000 103.000000 95.000000
0.221744 0.159663 0.603060 116.000000 109.000000 95.000000
0.232808 0.160560 0.606510 110.000000 103.000000 87.000000
0.246119 0.162873 0.615250 112.000000 106.000000 88.000000
0.260028 0.165387 0.624680 117.000000 103.000000 94.000000
0.272587 0.166889 0.630200 111.000000 99.000000 89.000000
0.286505 0.169087 0.638250 119.000000 107.000000 97.000000
0.301383 0.171681 0.647680 113.000000 103.000000 93.000000
0.315753 0.173822 0.655270 108.000000 103.000000 94.000000
-0.186846 0.106702 0.378350 151.000000 147.000000 155.000000
-0.181618 0.107241 0.380650 146.000000 145.000000 148.000000
-0.171580 0.108707 0.386400 148.000000 147.000000 150.000000
-0.161300 0.110242 0.392150 151.000000 149.000000 147.000000
-0.155919 0.110934 0.394680 142.000000 142.000000 142.000000
-0.139455 0.113147 0.402500 140.000000 140.000000 140.000000
-0.128700 0.115207 0.409630 142.000000 137.000000 139.000000
-0.123393 0.116474 0.414000 145.000000 142.000000 145.000000
-0.117296 0.117099 0.416070 136.000000 136.000000 136.000000
-0.111375 0.117987 0.419060 137.000000 137.000000 139.000000
-0.105583 0.119138 0.422970 137.000000 135.000000 133.000000
-0.093002 0.120670 0.428030 135.000000 135.000000 135.000000
-0.086902 0.121891 0.432170 135.000000 130.000000 130.000000
-0.080236 0.122463 0.434010 137.000000 133.000000 132.000000
-0.073928 0.123748 0.438380 136.000000 129.000000 130.000000
-0.067786 0.125616 0.444820 134.000000 130.000000 126.000000
-0.061082 0.126767 0.448730 125.000000 125.000000 125.000000
-0.047151 0.128735 0.455400 129.000000 124.000000 124.000000
-0.032775 0.130750 0.462300 131.000000 122.000000 123.000000
-0.018035 0.133524 0.471960 125.000000 121.000000 122.000000
-0.010403 0.134641 0.475870 124.000000 117.000000 117.000000
-0.002641 0.135687 0.479550 126.000000 119.000000 121.000000
0.005249 0.136921 0.483920 123.000000 114.000000 114.000000
0.013263 0.137953 0.487600 124.000000 117.000000 115.000000
0.021394 0.138977 0.491280 124.000000 117.000000 113.000000
0.029780 0.140645 0.497260 118.000000 111.000000 109.000000
0.038216 0.141785 0.501400 122.000000 113.000000 111.000000
0.046802 0.142984 0.505770 117.000000 114.000000 108.000000
0.055674 0.144566 0.511520 116.000000 112.000000 107.000000
0.064610 0.145881 0.516350 123.000000 109.000000 107.000000
0.073434 0.146671 0.519340 117.000000 109.000000 101.000000
0.082636 0.147976 0.524170 123.000000 110.000000 105.000000
0.092225 0.149665 0.530380 112.000000 104.000000 98.000000
0.101830 0.151090 0.535670 112.000000 106.000000 101.000000
0.111787 0.152772 0.541880 122.000000 107.000000 98.000000
0.121576 0.153998 0.546480 117.000000 107.000000 101.000000
0.131724 0.155481 0.552000 119.000000 108.000000 101.000000
0.142453 0.157418 0.559130 115.000000 110.000000 98.000000
0.152906 0.158839 0.564420 115.000000 112.000000 102.000000
0.163722 0.160456 0.570400 125.000000 108.000000 100.000000
0.174658 0.162013 0.576150 111.000000 104.000000 91.000000
0.185853 0.163640 0.582130 115.000000 107.000000 100.000000
0.197937 0.165858 0.590180 114.000000 102.000000 93.000000
0.208670 0.166793 0.593630 116.000000 109.000000 95.000000
0.220540 0.168516 0.599840 112.000000 106.000000 88.000000
0.232627 0.170254 0.606050 117.000000 105.000000 91.000000
0.246134 0.172850 0.615250 113.000000 106.000000 97.000000
0.260064 0.175531 0.624680 116.000000 104.000000 92.000000
0.273045 0.177398 0.631120 114.000000 105.000000 92.000000
0.287007 0.179746 0.639170 110.000000 104.000000 95.000000
0.300757 0.181804 0.646070 108.000000 104.000000 92.000000
0.314361 0.183641 0.652050 105.000000 98.000000 85.000000
-0.192211 0.112398 0.376050 148.000000 147.000000 150.000000
-0.181394 0.113282 0.379960 146.000000 148.000000 150.000000
-0.176551 0.114139 0.383180 149.000000 148.000000 153.000000
-0.171645 0.115016 0.386400 143.000000 148.000000 149.000000
-0.166274 0.115638 0.388700 144.000000 144.000000 146.000000
-0.150217 0.117875 0.396520 143.000000 142.000000 147.000000
-0.144871 0.118761 0.399510 137.000000 139.000000 139.000000
-0.139518 0.119726 0.402730 141.000000 141.000000 139.000000
-0.134070 0.120701 0.405950 138.000000 140.000000 142.000000
-0.128523 0.121684 0.409170 148.000000 140.000000 145.000000
-0.123218 0.123017 0.413540 135.000000 137.000000 138.000000
-0.116994 0.123534 0.415150 135.000000 133.000000 134.000000
-0.111145 0.124535 0.418370 134.000000 134.000000 134.000000
-0.105246 0.125609 0.421820 138.000000 135.000000 136.000000
-0.099016 0.126412 0.424350 137.000000 134.000000 135.000000
-0.092900 0.127491 0.427800 135.000000 130.000000 134.000000
-0.086619 0.128502 0.431020 132.000000 128.000000 125.000000
-0.080184 0.129445 0.434010 134.000000 125.000000 126.000000
-0.073878 0.130798 0.438380 131.000000 126.000000 128.000000
-0.067563 0.132425 0.443670 131.000000 129.000000 125.000000
-0.060849 0.133570 0.447350 128.000000 123.000000 123.000000
-0.053982 0.134643 0.450800 127.000000 126.000000 122.000000
-0.047114 0.136055 0.455400 126.000000 126.000000 124.000000
-0.039890 0.136777 0.457700 127.000000 123.000000 119.000000
-0.032667 0.137837 0.461150 126.000000 124.000000 125.000000
-0.025390 0.139235 0.465750 125.000000 117.000000 120.000000
-0.017959 0.140627 0.470350 124.000000 120.000000 119.000000
-0.002634 0.143049 0.478400 122.000000 116.000000 116.000000
0.005231 0.144353 0.482770 129.000000 119.000000 120.000000
0.013225 0.145513 0.486680 126.000000 118.000000 114.000000
0.021374 0.146872 0.491280 119.000000 112.000000 110.000000
0.029711 0.148430 0.496570 123.000000 114.000000 110.000000
0.038042 0.149293 0.499560 126.000000 113.000000 108.000000
0.046592 0.150563 0.503930 122.000000 111.000000 108.000000
0.055528 0.152513 0.510600 122.000000 113.000000 109.000000
0.064558 0.154181 0.516350 118.000000 110.000000 104.000000
0.073280 0.154814 0.518650 111.000000 105.000000 96.000000
0.082430 0.156129 0.523250 115.000000 107.000000 100.000000
0.091961 0.157851 0.529230 117.000000 109.000000 105.000000
0.101544 0.159363 0.534520 118.000000 105.000000 100.000000
0.111385 0.161010 0.540270 113.000000 107.000000 100.000000
0.121455 0.162724 0.546250 113.000000 109.000000 105.000000
0.131435 0.164094 0.551080 119.000000 112.000000 99.000000
0.142092 0.166081 0.557980 115.000000 111.000000 96.000000
0.152592 0.167659 0.563500 116.000000 107.000000 94.000000
0.163200 0.169173 0.568790 119.000000 107.000000 99.000000
0.174256 0.170965 0.575000 111.000000 105.000000 89.000000
0.185440 0.172697 0.580980 115.000000 101.000000 89.000000
0.197130 0.174711 0.587880 118.000000 104.000000 95.000000
0.208485 0.176258 0.593170 113.000000 106.000000 97.000000
0.221123 0.178707 0.601450 112.000000 101.000000 94.000000
0.232989 0.180353 0.606970 113.000000 107.000000 93.000000
0.245150 0.182088 0.612720 116.000000 103.000000 94.000000
0.258488 0.184529 0.620770 115.000000 99.000000 100.000000
0.271632 0.186656 0.627670 112.000000 105.000000 96.000000
0.285775 0.189293 0.636180 110.000000 103.000000 87.000000
0.299511 0.191489 0.643080 119.000000 106.000000 90.000000
0.313440 0.193658 0.649750 114.000000 105.000000 92.000000
-0.191806 0.118272 0.374900 146.000000 145.000000 150.000000
-0.186673 0.118890 0.377430 140.000000 148.000000 155.000000
-0.181299 0.119393 0.379500 142.000000 143.000000 149.000000
-0.176440 0.120283 0.382720 136.000000 143.000000 145.000000
-0.171315 0.121052 0.385480 144.000000 146.000000 146.000000
-0.166334 0.121985 0.388700 143.000000 144.000000 141.000000
-0.160995 0.122721 0.391230 145.000000 142.000000 145.000000
-0.155418 0.123329 0.393300 148.000000 143.000000 144.000000
-0.150231 0.124313 0.396520 136.000000 141.000000 144.000000
-0.144789 0.125166 0.399280 143.000000 138.000000 138.000000
-0.139509 0.126246 0.402730 135.000000 136.000000 140.000000
-0.134052 0.127265 0.405950 141.000000 136.000000 137.000000
-0.128208 0.128005 0.408250 137.000000 134.000000 135.000000
-0.122569 0.129041 0.411470 131.000000 134.000000 133.000000
-0.116826 0.130084 0.414690 133.000000 133.000000 133.000000
-0.105200 0.132402 0.421820 133.000000 131.000000 132.000000
-0.098861 0.133097 0.423890 136.000000 131.000000 133.000000
-0.092650 0.134083 0.426880 136.000000 129.000000 132.000000
-0.086569 0.135432 0.431020 130.000000 127.000000 128.000000
-0.080304 0.136710 0.434930 134.000000 129.000000 128.000000
-0.073868 0.137915 0.438610 130.000000 127.000000 128.000000
-0.067376 0.139263 0.442750 131.000000 127.000000 126.000000
-0.060650 0.140393 0.446200 123.000000 125.000000 125.000000
-0.053777 0.141447 0.449420 127.000000 125.000000 128.000000
-0.046936 0.142932 0.454020 125.000000 121.000000 120.000000
-0.039859 0.144124 0.457700 129.000000 119.000000 120.000000
-0.032625 0.145166 0.460920 127.000000 119.000000 117.000000
-0.025307 0.146347 0.464600 124.000000 117.000000 117.000000
-0.017901 0.147813 0.469200 127.000000 125.000000 126.000000
-0.010323 0.148983 0.472880 126.000000 119.000000 121.000000
-0.002625 0.150291 0.477020 127.000000 115.000000 115.000000
0.005212 0.151738 0.481620 126.000000 118.000000 112.000000
0.013199 0.153178 0.486220 120.000000 114.000000 109.000000
0.021354 0.154755 0.491280 122.000000 119.000000 111.000000
0.029685 0.156399 0.496570 124.000000 114.000000 108.000000
0.038009 0.157311 0.499560 113.000000 106.000000 106.000000
0.046510 0.158506 0.503470 118.000000 111.000000 109.000000
0.055358 0.160347 0.509450 120.000000 112.000000 108.000000
0.064393 0.162182 0.515430 119.000000 113.000000 108.000000
0.073225 0.163143 0.518650 117.000000 110.000000 108.000000
0.082335 0.164461 0.523020 119.000000 106.000000 101.000000
0.091699 0.165993 0.528080 117.000000 109.000000 101.000000
0.101087 0.167304 0.532450 116.000000 107.000000 96.000000
0.110466 0.168396 0.536130 113.000000 107.000000 93.000000
0.120775 0.170643 0.543490 115.000000 107.000000 100.000000
0.131205 0.172746 0.550390 120.000000 110.000000 100.000000
0.141736 0.174705 0.556830 117.000000 110.000000 98.000000
0.152221 0.176378 0.562350 112.000000 105.000000 92.000000
0.163014 0.178200 0.568330 118.000000 106.000000 94.000000
0.174139 0.180172 0.574770 117.000000 108.000000 97.000000
0.184962 0.181648 0.579600 118.000000 111.000000 100.000000
0.196718 0.183856 0.586730 113.000000 103.000000 93.000000
0.208472 0.185860 0.593170 108.000000 102.000000 98.000000
0.221635 0.188889 0.602830 117.000000 105.000000 95.000000
0.233012 0.190208 0.606970 114.000000 104.000000 94.000000
0.244828 0.191764 0.611800 117.000000 104.000000 97.000000
0.257410 0.193779 0.618010 118.000000 101.000000 91.000000
0.270738 0.196185 0.625370 117.000000 104.000000 86.000000
0.284878 0.198986 0.633880 110.000000 103.000000 87.000000
0.299473 0.201902 0.642620 109.000000 100.000000 85.000000
0.314106 0.204648 0.650670 113.000000 101.000000 94.000000
-0.191544 0.124214 0.373980 148.000000 147.000000 150.000000
-0.186735 0.125076 0.377200 142.000000 143.000000 147.000000
-0.176241 0.126358 0.382030 145.000000 142.000000 147.000000
-0.170900 0.127000 0.384330 143.000000 142.000000 147.000000
-0.165917 0.127969 0.387550 136.000000 137.000000 141.000000
-0.160957 0.129035 0.391000 144.000000 141.000000 142.000000
-0.155458 0.129738 0.393300 143.000000 143.000000 143.000000
-0.150168 0.130686 0.396290 141.000000 138.000000 142.000000
-0.144717 0.131572 0.399050 136.000000 136.000000 136.000000
-0.138952 0.132243 0.401120 139.000000 137.000000 133.000000
-0.133662 0.133457 0.404800 136.000000 137.000000 132.000000
-0.127828 0.134226 0.407100 134.000000 133.000000 136.000000
-0.122268 0.135382 0.410550 135.000000 135.000000 135.000000
-0.116600 0.136546 0.414000 141.000000 136.000000 137.000000
-0.110820 0.137716 0.417450 132.000000 129.000000 134.000000
-0.104929 0.138891 0.420900 129.000000 131.000000 130.000000
-0.098656 0.139691 0.423200 131.000000 128.000000 129.000000
-0.092604 0.140949 0.426880 135.000000 130.000000 132.000000
-0.086522 0.142360 0.431020 125.000000 124.000000 127.000000
-0.080045 0.143317 0.433780 126.000000 124.000000 123.000000
-0.073668 0.144654 0.437690 134.000000 127.000000 127.000000
-0.067157 0.145990 0.441600 131.000000 122.000000 121.000000
-0.060608 0.147553 0.446200 131.000000 124.000000 122.000000
-0.053739 0.148657 0.449420 132.000000 126.000000 121.000000
-0.046830 0.149986 0.453330 127.000000 123.000000 119.000000
-0.039829 0.151463 0.457700 125.000000 121.000000 120.000000
-0.032536 0.152251 0.460000 126.000000 119.000000 117.000000
-0.025301 0.153871 0.464830 120.000000 115.000000 114.000000
-0.017844 0.154953 0.468050 125.000000 118.000000 116.000000
-0.010296 0.156258 0.471960 124.000000 117.000000 115.000000
-0.002620 0.157632 0.476100 121.000000 115.000000 112.000000
0.005194 0.159076 0.480470 125.000000 117.000000 113.000000
0.013162 0.160666 0.485300 123.000000 115.000000 108.000000
0.021355 0.162782 0.491740 122.000000 113.000000 111.000000
0.029659 0.164359 0.496570 119.000000 112.000000 110.000000
0.037960 0.165244 0.499330 119.000000 110.000000 109.000000
0.046472 0.166579 0.503470 119.000000 108.000000 101.000000
0.055164 0.168061 0.508070 120.000000 107.000000 105.000000
0.064028 0.169614 0.512900 116.000000 107.000000 103.000000
0.072880 0.170781 0.516580 116.000000 108.000000 99.000000
0.082134 0.172552 0.522100 119.000000 109.000000 98.000000
0.091559 0.174320 0.527620 116.000000 108.000000 99.000000
0.100982 0.175781 0.532220 119.000000 107.000000 97.000000
0.110357 0.176937 0.535900 116.000000 101.000000 93.000000
0.120509 0.179080 0.542570 114.000000 109.000000 97.000000
0.130707 0.180995 0.548550 116.000000 109.000000 97.000000
0.141562 0.183519 0.556370 114.000000 104.000000 94.000000
0.152106 0.185365 0.562120 110.000000 105.000000 93.000000
0.162638 0.186988 0.567180 116.000000 102.000000 91.000000
0.173475 0.188771 0.572700 116.000000 103.000000 94.000000
0.184128 0.190184 0.577070 114.000000 102.000000 93.000000
0.196395 0.193050 0.585810 112.000000 102.000000 92.000000
0.208474 0.195475 0.593170 111.000000 104.000000 91.000000
0.219963 0.197161 0.598230 109.000000 101.000000 94.000000
0.232611 0.199701 0.605820 114.000000 104.000000 94.000000
0.244432 0.201356 0.610650 112.000000 100.000000 88.000000
0.257983 0.204253 0.619160 112.000000 105.000000 92.000000
0.270964 0.206501 0.625600 109.000000 99.000000 93.000000
0.284526 0.209016 0.632730 116.000000 100.000000 87.000000
0.298716 0.211804 0.640550 110.000000 102.000000 86.000000
0.312143 0.213882 0.646070 110.000000 104.000000 85.000000
-0.191548 0.130320 0.373520 143.000000 143.000000 145.000000
-0.186368 0.130964 0.376050 142.000000 146.000000 152.000000
-0.181615 0.131964 0.379500 144.000000 146.000000 148.000000
-0.176277 0.132594 0.381800 144.000000 146.000000 150.000000
-0.171015 0.133333 0.384330 143.000000 136.000000 141.000000
-0.165911 0.134255 0.387320 139.000000 141.000000 143.000000
-0.160650 0.135120 0.390080 139.000000 137.000000 137.000000
-0.155148 0.135845 0.392380 135.000000 140.000000 141.000000
-0.149944 0.136906 0.395600 139.000000 139.000000 139.000000
-0.144407 0.137745 0.398130 140.000000 138.000000 139.000000
-0.138962 0.138756 0.401120 140.000000 132.000000 137.000000
-0.133586 0.139939 0.404570 135.000000 133.000000 136.000000
-0.127818 0.140815 0.407100 139.000000 131.000000 136.000000
-0.121907 0.141620 0.409400 137.000000 132.000000 134.000000
-0.116315 0.142911 0.413080 135.000000 128.000000 130.000000
-0.110301 0.143811 0.415610 135.000000 133.000000 132.000000
-0.104549 0.145194 0.419520 131.000000 129.000000 125.000000
-0.098563 0.146423 0.422970 135.000000 128.000000 130.000000
-0.092513 0.147735 0.426650 141.000000 129.000000 129.000000
-0.086248 0.148889 0.429870 129.000000 123.000000 121.000000
-0.079790 0.149886 0.432630 130.000000 126.000000 123.000000
-0.073470 0.151362 0.436770 130.000000 126.000000 121.000000
-0.066907 0.152598 0.440220 125.000000 123.000000 119.000000
-0.060288 0.153992 0.444130 128.000000 124.000000 121.000000
-0.053593 0.155543 0.448500 127.000000 121.000000 118.000000
-0.046774 0.157172 0.453100 124.000000 120.000000 119.000000
-0.039781 0.158717 0.457470 121.000000 119.000000 120.000000
-0.032512 0.159620 0.460000 124.000000 122.000000 118.000000
-0.025220 0.160917 0.463680 121.000000 120.000000 116.000000
-0.017814 0.162289 0.467590 118.000000 111.000000 109.000000
-0.010279 0.163656 0.471500 110.000000 99.000000 98.000000
-0.002619 0.165256 0.476100 124.000000 115.000000 112.000000
0.005176 0.166371 0.479320 122.000000 113.000000 109.000000
0.013118 0.168038 0.484150 119.000000 111.000000 105.000000
0.021207 0.169620 0.488750 118.000000 112.000000 107.000000
0.029456 0.171275 0.493580 119.000000 112.000000 110.000000
0.037807 0.172684 0.497720 116.000000 112.000000 109.000000
0.046436 0.174647 0.503470 118.000000 110.000000 106.000000
0.055048 0.175965 0.507380 115.000000 110.000000 103.000000
0.063724 0.177119 0.510830 110.000000 107.000000 101.000000
0.072766 0.178907 0.516120 116.000000 108.000000 99.000000
0.082081 0.180929 0.522100 117.000000 109.000000 101.000000
0.091345 0.182471 0.526700 122.000000 107.000000 98.000000
0.100795 0.184090 0.531530 115.000000 105.000000 95.000000
0.110301 0.185550 0.535900 117.000000 107.000000 101.000000
0.120198 0.187408 0.541420 116.000000 107.000000 96.000000
0.130215 0.189187 0.546710 111.000000 106.000000 94.000000
0.140927 0.191687 0.554070 113.000000 106.000000 95.000000
0.151440 0.193634 0.559820 116.000000 103.000000 96.000000
0.161943 0.195349 0.564880 111.000000 105.000000 98.000000
0.173239 0.197789 0.572010 114.000000 105.000000 92.000000
0.183893 0.199285 0.576380 119.000000 102.000000 92.000000
0.195778 0.201909 0.583970 110.000000 100.000000 92.000000
0.208086 0.204709 0.592020 112.000000 102.000000 92.000000
0.219915 0.206813 0.598000 115.000000 105.000000 99.000000
0.232230 0.209179 0.604670 116.000000 104.000000 90.000000
0.244059 0.210936 0.609500 115.000000 101.000000 85.000000
0.258294 0.214556 0.619620 116.000000 103.000000 87.000000
0.270621 0.216381 0.624450 112.000000 103.000000 87.000000
0.283171 0.218248 0.629280 111.000000 99.000000 89.000000
0.298318 0.221920 0.639170 109.000000 102.000000 88.000000
0.311999 0.224293 0.645150 110.000000 103.000000 89.000000
-0.191468 0.136367 0.372830 143.000000 144.000000 152.000000
-0.186146 0.136935 0.375130 142.000000 148.000000 143.000000
-0.181263 0.137878 0.378350 140.000000 144.000000 147.000000
-0.176018 0.138602 0.380880 144.000000 144.000000 146.000000
-0.171051 0.139608 0.384100 148.000000 142.000000 146.000000
-0.165630 0.140307 0.386400 142.000000 142.000000 144.000000
-0.160362 0.141197 0.389160 142.000000 142.000000 142.000000
-0.155127 0.142191 0.392150 139.000000 138.000000 141.000000
-0.149474 0.142872 0.394220 142.000000 139.000000 145.000000
-0.144360 0.144153 0.397900 137.000000 137.000000 141.000000
-0.138666 0.144949 0.400200 140.000000 138.000000 139.000000
-0.133217 0.146092 0.403420 139.000000 138.000000 141.000000
-0.127529 0.147081 0.406180 134.000000 134.000000 134.000000
-0.121898 0.148246 0.409400 131.000000 134.000000 131.000000
-0.116168 0.149421 0.412620 138.000000 135.000000 136.000000
-0.110216 0.150437 0.415380 136.000000 126.000000 127.000000
-0.104521 0.151958 0.419520 135.000000 130.000000 132.000000
-0.098530 0.153235 0.422970 130.000000 135.000000 129.000000
-0.092427 0.154517 0.426420 130.000000 128.000000 126.000000
-0.086072 0.155551 0.429180 125.000000 125.000000 121.000000
-0.079709 0.156753 0.432400 130.000000 125.000000 127.000000
-0.073432 0.158374 0.436770 123.000000 121.000000 119.000000
-0.066834 0.159577 0.439990 129.000000 123.000000 121.000000
-0.060096 0.160697 0.442980 121.000000 122.000000 117.000000
-0.053422 0.162315 0.447350 124.000000 120.000000 119.000000
-0.046507 0.163597 0.450800 124.000000 117.000000 115.000000
-0.039555 0.165210 0.455170 123.000000 119.000000 116.000000
-0.032426 0.166652 0.459080 125.000000 119.000000 114.000000
-0.025141 0.167923 0.462530 120.000000 119.000000 111.000000
-0.017776 0.169524 0.466900 118.000000 114.000000 115.000000
-0.010248 0.170785 0.470350 113.000000 112.000000 108.000000
-0.002613 0.172458 0.474950 126.000000 114.000000 114.000000
0.005160 0.173708 0.478400 121.000000 114.000000 114.000000
0.013082 0.175453 0.483230 117.000000 110.000000 108.000000
0.016911 0.141621 0.390080 119.000000 114.000000 104.000000
0.029350 0.178676 0.492200 115.000000 110.000000 103.000000
0.037725 0.180404 0.497030 117.000000 107.000000 99.000000
0.046190 0.181876 0.501170 117.000000 111.000000 104.000000
0.054860 0.183594 0.506000 115.000000 109.000000 105.000000
0.063481 0.184723 0.509220 116.000000 108.000000 101.000000
0.072460 0.186516 0.514280 120.000000 110.000000 100.000000
0.081815 0.188806 0.520720 118.000000 104.000000 95.000000
0.091055 0.190427 0.525320 114.000000 111.000000 98.000000
0.100700 0.192546 0.531300 116.000000 107.000000 96.000000
0.110298 0.194249 0.536130 113.000000 109.000000 94.000000
0.120201 0.196203 0.541650 114.000000 104.000000 94.000000
0.130116 0.197910 0.546480 111.000000 106.000000 92.000000
0.140712 0.200370 0.553380 114.000000 105.000000 92.000000
0.151096 0.202254 0.558670 115.000000 106.000000 93.000000
0.161259 0.203647 0.562580 114.000000 103.000000 91.000000
0.172390 0.206049 0.569250 110.000000 101.000000 88.000000
0.183819 0.208547 0.576150 112.000000 103.000000 87.000000
0.195100 0.210645 0.581900 114.000000 99.000000 88.000000
0.207232 0.213427 0.589490 114.000000 103.000000 91.000000
0.218873 0.215483 0.595010 112.000000 100.000000 88.000000
0.232579 0.219314 0.605360 121.000000 103.000000 93.000000
0.243804 0.220593 0.608580 107.000000 99.000000 88.000000
0.257004 0.223491 0.616170 107.000000 105.000000 87.000000
0.270211 0.226180 0.623070 109.000000 100.000000 89.000000
0.282680 0.228081 0.627670 104.000000 99.000000 87.000000
0.297425 0.231624 0.636640 106.000000 103.000000 92.000000
0.311679 0.234563 0.643770 106.000000 101.000000 91.000000
