-0.026704 -0.180779 0.492660 122.000000 124.000000 112.000000
0.078208 -0.204004 0.556600 147.000000 136.000000 130.000000
0.188894 -0.228635 0.625370 140.000000 133.000000 124.000000
0.202375 -0.232485 0.635950 141.000000 136.000000 126.000000
0.228882 -0.238636 0.652740 138.000000 131.000000 119.000000
0.241946 -0.241114 0.659410 143.000000 131.000000 124.000000
0.256230 -0.244544 0.668610 139.000000 132.000000 121.000000
0.271682 -0.248763 0.679880 135.000000 130.000000 122.000000
0.285641 -0.251337 0.686550 140.000000 135.000000 123.000000
0.299881 -0.253954 0.693220 134.000000 129.000000 117.000000
0.314313 -0.256537 0.699660 136.000000 131.000000 121.000000
0.330550 -0.260358 0.709320 133.000000 125.000000 119.000000
0.348331 -0.265094 0.721280 136.000000 134.000000 119.000000
-0.018903 -0.174665 0.497490 114.000000 114.000000 114.000000
0.165145 -0.214023 0.612030 141.000000 135.000000 130.000000
0.188719 -0.218344 0.624680 143.000000 134.000000 121.000000
0.201370 -0.221123 0.632730 145.000000 131.000000 131.000000
0.214909 -0.224558 0.642620 143.000000 132.000000 129.000000
0.228543 -0.227769 0.651820 146.000000 132.000000 121.000000
0.242076 -0.230597 0.659870 143.000000 133.000000 123.000000
0.284645 -0.239407 0.684480 140.000000 128.000000 116.000000
0.298312 -0.241475 0.690000 148.000000 131.000000 123.000000
0.313984 -0.244957 0.699430 143.000000 130.000000 128.000000
0.330696 -0.248975 0.710240 145.000000 131.000000 120.000000
0.349646 -0.254348 0.724730 149.000000 126.000000 125.000000
0.141373 -0.198610 0.594780 143.000000 140.000000 130.000000
0.164650 -0.203532 0.609960 144.000000 134.000000 128.000000
0.201406 -0.210953 0.632730 143.000000 133.000000 123.000000
0.241554 -0.219477 0.658490 146.000000 133.000000 128.000000
0.255418 -0.222253 0.666770 146.000000 133.000000 126.000000
0.270045 -0.225439 0.676200 142.000000 132.000000 124.000000
0.298768 -0.230677 0.691380 142.000000 129.000000 127.000000
0.314316 -0.233892 0.700580 140.000000 127.000000 120.000000
0.330567 -0.237385 0.710470 142.000000 125.000000 126.000000
0.348351 -0.241702 0.722660 149.000000 127.000000 121.000000
-0.165174 -0.127684 0.402270 127.000000 123.000000 134.000000
0.058835 -0.173133 0.542800 136.000000 137.000000 143.000000
0.098369 -0.180863 0.567870 147.000000 135.000000 134.000000
0.141561 -0.189251 0.595240 144.000000 137.000000 123.000000
0.164040 -0.192965 0.607430 138.000000 134.000000 133.000000
0.175669 -0.194935 0.613870 144.000000 129.000000 123.000000
0.240376 -0.207835 0.655270 134.000000 131.000000 120.000000
0.268899 -0.213615 0.673440 145.000000 131.000000 120.000000
0.284279 -0.217018 0.684020 135.000000 131.000000 123.000000
0.314478 -0.222681 0.701270 142.000000 127.000000 120.000000
0.328983 -0.224807 0.707480 137.000000 129.000000 120.000000
0.345443 -0.228078 0.717140 141.000000 132.000000 117.000000
-0.181685 -0.119159 0.395140 162.000000 170.000000 179.000000
0.140770 -0.178624 0.591560 140.000000 134.000000 127.000000
0.175744 -0.185102 0.613870 146.000000 138.000000 134.000000
0.199686 -0.188906 0.626980 139.000000 138.000000 129.000000
0.212325 -0.191132 0.634570 141.000000 138.000000 127.000000
0.225703 -0.193784 0.643540 140.000000 134.000000 127.000000
0.253287 -0.199061 0.661250 137.000000 131.000000 129.000000
0.267959 -0.202039 0.671140 140.000000 129.000000 125.000000
0.282892 -0.204971 0.680800 138.000000 135.000000 127.000000
0.297190 -0.207240 0.688160 137.000000 135.000000 122.000000
0.312918 -0.210302 0.698050 145.000000 124.000000 124.000000
0.328077 -0.212780 0.705870 139.000000 131.000000 123.000000
0.345126 -0.216272 0.716910 134.000000 123.000000 118.000000
0.139326 -0.167319 0.585120 137.000000 136.000000 125.000000
0.175300 -0.174741 0.612030 136.000000 138.000000 126.000000
0.187304 -0.176692 0.619160 137.000000 133.000000 130.000000
0.199756 -0.178846 0.626980 141.000000 135.000000 130.000000
0.212078 -0.180678 0.633650 134.000000 135.000000 128.000000
0.225187 -0.182979 0.641930 136.000000 133.000000 125.000000
0.253569 -0.188600 0.661940 139.000000 133.000000 124.000000
0.268782 -0.191796 0.673210 142.000000 129.000000 125.000000
0.282673 -0.193834 0.680340 139.000000 137.000000 133.000000
0.295546 -0.195044 0.684480 140.000000 127.000000 120.000000
0.312109 -0.198512 0.696440 141.000000 129.000000 129.000000
0.327951 -0.201294 0.705870 138.000000 129.000000 116.000000
0.342743 -0.203262 0.712310 140.000000 131.000000 130.000000
0.139691 -0.158261 0.586270 147.000000 140.000000 131.000000
0.151829 -0.161023 0.596850 139.000000 135.000000 136.000000
0.185717 -0.165276 0.613640 141.000000 137.000000 129.000000
0.198954 -0.168041 0.624220 139.000000 131.000000 125.000000
0.224842 -0.172352 0.640780 139.000000 135.000000 132.000000
0.238621 -0.174831 0.650210 141.000000 129.000000 131.000000
0.267050 -0.179767 0.668840 145.000000 130.000000 124.000000
0.281613 -0.182168 0.677810 143.000000 133.000000 127.000000
0.295015 -0.183664 0.683330 136.000000 126.000000 127.000000
0.310705 -0.186423 0.693450 143.000000 135.000000 128.000000
0.326037 -0.188780 0.701960 148.000000 130.000000 125.000000
0.340394 -0.190430 0.707710 149.000000 130.000000 123.000000
0.077722 -0.140124 0.549930 115.000000 117.000000 118.000000
0.118773 -0.146476 0.576150 144.000000 138.000000 134.000000
0.151630 -0.151162 0.595700 143.000000 139.000000 136.000000
0.186361 -0.155895 0.615480 140.000000 131.000000 130.000000
0.199036 -0.158021 0.624220 142.000000 137.000000 125.000000
0.224990 -0.162112 0.641010 142.000000 129.000000 129.000000
0.237663 -0.163675 0.647450 137.000000 133.000000 121.000000
0.264320 -0.167245 0.661940 137.000000 134.000000 126.000000
0.294005 -0.172044 0.681030 138.000000 127.000000 124.000000
0.309838 -0.174738 0.691610 137.000000 132.000000 123.000000
0.340949 -0.179283 0.709090 145.000000 124.000000 124.000000
0.087777 -0.132816 0.556600 123.000000 120.000000 123.000000
0.118388 -0.136681 0.573850 139.000000 139.000000 134.000000
0.162683 -0.142707 0.600760 145.000000 138.000000 126.000000
0.173991 -0.143977 0.606510 141.000000 135.000000 128.000000
0.199490 -0.148267 0.625370 139.000000 131.000000 125.000000
0.211225 -0.149380 0.630430 137.000000 128.000000 126.000000
0.236881 -0.152717 0.645150 141.000000 133.000000 131.000000
0.249638 -0.154127 0.651360 139.000000 131.000000 127.000000
0.263070 -0.155821 0.658720 139.000000 132.000000 121.000000
0.276764 -0.157529 0.666080 134.000000 128.000000 125.000000
0.307752 -0.162471 0.687010 147.000000 134.000000 127.000000
0.339869 -0.167293 0.707020 137.000000 127.000000 121.000000
-0.173719 -0.086454 0.392150 155.000000 163.000000 170.000000
0.087125 -0.122841 0.552000 123.000000 120.000000 123.000000
0.161969 -0.132390 0.597770 143.000000 139.000000 136.000000
0.198478 -0.137452 0.621920 137.000000 134.000000 126.000000
0.235598 -0.141526 0.641470 141.000000 135.000000 130.000000
0.262012 -0.144603 0.655960 130.000000 130.000000 130.000000
0.277270 -0.147046 0.667230 145.000000 132.000000 125.000000
0.293319 -0.149708 0.679420 137.000000 132.000000 125.000000
0.307947 -0.151476 0.687470 141.000000 129.000000 121.000000
0.323633 -0.153620 0.697130 126.000000 128.000000 130.000000
0.338810 -0.155384 0.704950 129.000000 129.000000 129.000000
0.058113 -0.110138 0.532680 76.000000 75.000000 78.000000
0.086543 -0.113091 0.547860 121.000000 118.000000 128.000000
0.161377 -0.122251 0.595240 143.000000 140.000000 120.000000
0.173057 -0.123668 0.602600 135.000000 136.000000 129.000000
0.209158 -0.127735 0.623760 137.000000 131.000000 127.000000
0.234401 -0.130495 0.638020 136.000000 129.000000 130.000000
0.247904 -0.132167 0.646530 138.000000 129.000000 125.000000
0.276829 -0.136058 0.666080 143.000000 130.000000 128.000000
0.307433 -0.140143 0.686320 128.000000 128.000000 119.000000
0.322971 -0.142072 0.695750 137.000000 127.000000 119.000000
0.338653 -0.143930 0.704720 140.000000 127.000000 120.000000
-0.167876 -0.074022 0.393300 85.000000 96.000000 108.000000
-0.100857 -0.081799 0.431250 90.000000 93.000000 103.000000
0.067465 -0.102398 0.537510 109.000000 116.000000 118.000000
0.096476 -0.105224 0.553380 114.000000 118.000000 122.000000
0.139716 -0.110793 0.584430 143.000000 139.000000 134.000000
0.150483 -0.111705 0.589720 148.000000 136.000000 140.000000
0.185194 -0.115348 0.610420 140.000000 133.000000 131.000000
0.196967 -0.116432 0.616630 136.000000 132.000000 129.000000
0.209165 -0.117648 0.623530 137.000000 133.000000 128.000000
0.221339 -0.118737 0.629740 140.000000 133.000000 131.000000
0.249204 -0.122360 0.649750 137.000000 129.000000 120.000000
0.262300 -0.123555 0.656420 137.000000 128.000000 124.000000
0.275437 -0.124673 0.662630 143.000000 127.000000 123.000000
0.290190 -0.126409 0.672060 138.000000 127.000000 126.000000
0.305486 -0.128245 0.681950 141.000000 129.000000 129.000000
0.321361 -0.130185 0.692300 137.000000 129.000000 122.000000
0.338180 -0.132362 0.703800 138.000000 129.000000 128.000000
-0.194113 -0.065706 0.381800 173.000000 175.000000 186.000000
-0.130197 -0.071544 0.414000 94.000000 99.000000 111.000000
0.030978 -0.089923 0.514970 75.000000 71.000000 70.000000
0.096146 -0.095875 0.551080 119.000000 118.000000 125.000000
0.138647 -0.100518 0.579600 142.000000 135.000000 135.000000
0.149750 -0.101629 0.586500 140.000000 138.000000 134.000000
0.221499 -0.108628 0.629970 131.000000 128.000000 129.000000
0.234886 -0.110098 0.638940 134.000000 128.000000 121.000000
0.247947 -0.111296 0.646300 132.000000 130.000000 117.000000
0.260611 -0.112223 0.652050 130.000000 121.000000 119.000000
0.274527 -0.113595 0.660330 132.000000 131.000000 124.000000
0.290025 -0.115491 0.671600 138.000000 127.000000 128.000000
0.305608 -0.117281 0.682180 130.000000 126.000000 123.000000
0.321149 -0.118928 0.691840 137.000000 128.000000 115.000000
0.338161 -0.120988 0.703800 135.000000 130.000000 120.000000
-0.088830 -0.069381 0.440220 62.000000 67.000000 65.000000
0.039751 -0.082150 0.518880 87.000000 93.000000 98.000000
0.076866 -0.085505 0.541190 104.000000 102.000000 102.000000
0.106301 -0.087821 0.557060 144.000000 146.000000 150.000000
0.160833 -0.092968 0.592250 141.000000 135.000000 128.000000
0.172465 -0.094040 0.599610 139.000000 136.000000 128.000000
0.184042 -0.094966 0.606050 139.000000 136.000000 130.000000
0.208635 -0.097215 0.621460 135.000000 136.000000 131.000000
0.221495 -0.098431 0.629740 140.000000 129.000000 125.000000
0.234789 -0.099723 0.638480 138.000000 130.000000 123.000000
0.247130 -0.100516 0.644000 138.000000 129.000000 125.000000
0.260301 -0.101566 0.651130 138.000000 130.000000 123.000000
0.275054 -0.103126 0.661480 132.000000 128.000000 125.000000
0.289864 -0.104587 0.671140 127.000000 129.000000 117.000000
0.305221 -0.106130 0.681260 135.000000 124.000000 119.000000
0.319663 -0.107257 0.688620 132.000000 124.000000 120.000000
0.336715 -0.109152 0.700810 138.000000 125.000000 118.000000
0.106061 -0.078556 0.555450 146.000000 144.000000 144.000000
0.160601 -0.083224 0.591100 137.000000 133.000000 128.000000
0.183354 -0.084814 0.603520 140.000000 132.000000 128.000000
0.233590 -0.088936 0.635030 141.000000 128.000000 123.000000
0.247107 -0.090093 0.643770 135.000000 129.000000 124.000000
0.260819 -0.091223 0.652280 133.000000 127.000000 120.000000
0.275773 -0.092680 0.663090 137.000000 127.000000 119.000000
0.288413 -0.093277 0.667690 134.000000 129.000000 119.000000
0.302570 -0.094302 0.675280 126.000000 127.000000 118.000000
0.317115 -0.095370 0.683100 131.000000 124.000000 122.000000
0.332847 -0.096708 0.692760 136.000000 126.000000 116.000000
-0.081869 -0.055191 0.440680 41.000000 53.000000 51.000000
0.105859 -0.069356 0.554070 146.000000 142.000000 143.000000
0.160300 -0.073476 0.589720 141.000000 137.000000 131.000000
0.195086 -0.075748 0.609730 140.000000 129.000000 123.000000
0.207781 -0.076763 0.618470 142.000000 126.000000 122.000000
0.232472 -0.078281 0.631810 140.000000 129.000000 121.000000
0.247964 -0.079956 0.645840 133.000000 133.000000 121.000000
0.260415 -0.080552 0.651130 130.000000 126.000000 121.000000
0.272953 -0.081126 0.656190 142.000000 126.000000 113.000000
0.301158 -0.083006 0.672060 133.000000 126.000000 117.000000
0.315960 -0.084030 0.680570 135.000000 125.000000 115.000000
0.330863 -0.085009 0.688620 130.000000 122.000000 111.000000
0.048503 -0.056922 0.520490 85.000000 90.000000 88.000000
0.085953 -0.059108 0.541880 103.000000 107.000000 108.000000
0.116191 -0.060959 0.560280 145.000000 134.000000 131.000000
0.159806 -0.063685 0.587650 136.000000 130.000000 125.000000
0.170969 -0.064268 0.593630 133.000000 132.000000 128.000000
0.195154 -0.065878 0.609730 141.000000 128.000000 123.000000
0.207076 -0.066508 0.616170 134.000000 130.000000 122.000000
0.232027 -0.067921 0.630430 136.000000 128.000000 121.000000
0.246698 -0.069151 0.642390 136.000000 125.000000 122.000000
0.271661 -0.070185 0.652970 135.000000 124.000000 119.000000
0.285712 -0.071032 0.661250 133.000000 121.000000 121.000000
0.300056 -0.071885 0.669530 138.000000 127.000000 110.000000
0.315876 -0.073017 0.680340 132.000000 124.000000 116.000000
0.329990 -0.073690 0.686780 122.000000 124.000000 114.000000
0.125573 -0.051888 0.561430 135.000000 134.000000 130.000000
0.148407 -0.053478 0.579830 139.000000 130.000000 129.000000
0.158678 -0.053740 0.583280 140.000000 133.000000 131.000000
0.170368 -0.054423 0.591330 138.000000 128.000000 132.000000
0.194480 -0.055786 0.607430 136.000000 130.000000 125.000000
0.206286 -0.056298 0.613640 136.000000 127.000000 123.000000
0.218688 -0.056916 0.621000 128.000000 126.000000 125.000000
0.246133 -0.058619 0.640780 132.000000 124.000000 116.000000
0.258679 -0.059095 0.646530 137.000000 127.000000 119.000000
0.272184 -0.059743 0.654120 132.000000 124.000000 118.000000
0.285652 -0.060332 0.661020 137.000000 123.000000 110.000000
0.299057 -0.060864 0.667230 125.000000 119.000000 114.000000
0.315365 -0.061926 0.679190 134.000000 122.000000 124.000000
0.329562 -0.062514 0.685860 137.000000 122.000000 116.000000
0.125364 -0.042651 0.560280 141.000000 129.000000 129.000000
0.136074 -0.043131 0.567180 136.000000 132.000000 129.000000
0.147812 -0.043853 0.577300 139.000000 131.000000 127.000000
0.170290 -0.044783 0.590870 134.000000 130.000000 122.000000
0.182216 -0.045342 0.598920 136.000000 129.000000 132.000000
0.205644 -0.046198 0.611570 131.000000 124.000000 120.000000
0.217769 -0.046652 0.618240 136.000000 125.000000 124.000000
0.229594 -0.047002 0.623530 136.000000 128.000000 121.000000
0.244415 -0.047909 0.636180 135.000000 123.000000 116.000000
0.283502 -0.049273 0.655960 136.000000 126.000000 120.000000
0.295583 -0.049500 0.659410 124.000000 121.000000 115.000000
0.311118 -0.050266 0.669990 129.000000 121.000000 110.000000
0.330021 -0.051505 0.686780 121.000000 123.000000 113.000000
0.057092 -0.031315 0.520260 62.000000 64.000000 70.000000
0.136392 -0.033955 0.568330 136.000000 132.000000 127.000000
0.147797 -0.034438 0.577070 137.000000 132.000000 125.000000
0.158714 -0.034753 0.583050 138.000000 130.000000 121.000000
0.169739 -0.035054 0.588800 137.000000 131.000000 127.000000
0.181353 -0.035436 0.595930 134.000000 127.000000 127.000000
0.217652 -0.036606 0.617780 134.000000 123.000000 120.000000
0.243043 -0.037395 0.632500 131.000000 122.000000 121.000000
0.256371 -0.037833 0.640550 125.000000 121.000000 122.000000
0.269296 -0.038177 0.646990 132.000000 125.000000 123.000000
0.282442 -0.038523 0.653430 126.000000 118.000000 112.000000
0.295921 -0.038886 0.660100 131.000000 119.000000 109.000000
0.311889 -0.039538 0.671600 133.000000 120.000000 115.000000
0.331034 -0.040532 0.688850 132.000000 121.000000 104.000000
0.094442 -0.023522 0.539120 65.000000 72.000000 70.000000
0.136151 -0.024634 0.567180 136.000000 131.000000 121.000000
0.158187 -0.025170 0.580980 136.000000 125.000000 122.000000
0.180691 -0.025650 0.593630 131.000000 128.000000 118.000000
0.192630 -0.025944 0.601220 137.000000 128.000000 124.000000
0.216880 -0.026490 0.615480 126.000000 126.000000 114.000000
0.242107 -0.027046 0.629970 134.000000 124.000000 114.000000
0.255301 -0.027350 0.637790 134.000000 123.000000 118.000000
0.268945 -0.027674 0.646070 123.000000 121.000000 117.000000
0.283665 -0.028078 0.656190 127.000000 124.000000 111.000000
0.297907 -0.028406 0.664470 125.000000 123.000000 110.000000
0.312874 -0.028774 0.673670 131.000000 121.000000 113.000000
0.328842 -0.029205 0.684250 128.000000 116.000000 107.000000
0.104469 -0.014850 0.545560 126.000000 117.000000 116.000000
0.114665 -0.015006 0.552000 138.000000 129.000000 130.000000
0.147153 -0.015547 0.574310 134.000000 126.000000 120.000000
0.180581 -0.015983 0.593170 133.000000 126.000000 115.000000
0.216585 -0.016481 0.614560 129.000000 122.000000 108.000000
0.229111 -0.016653 0.621920 127.000000 121.000000 107.000000
0.253211 -0.016885 0.632500 128.000000 125.000000 114.000000
0.268302 -0.017179 0.644460 131.000000 118.000000 111.000000
0.297415 -0.017634 0.663320 118.000000 119.000000 110.000000
0.312789 -0.017881 0.673440 125.000000 124.000000 106.000000
0.327867 -0.018093 0.682180 138.000000 118.000000 111.000000
0.114346 -0.005958 0.550390 138.000000 135.000000 129.000000
0.157734 -0.006214 0.579140 134.000000 128.000000 121.000000
0.228625 -0.006554 0.620540 127.000000 116.000000 111.000000
0.240567 -0.006592 0.625830 127.000000 121.000000 114.000000
0.253417 -0.006648 0.632960 133.000000 122.000000 114.000000
0.267557 -0.006731 0.642620 125.000000 125.000000 111.000000
0.282021 -0.006813 0.652280 125.000000 119.000000 110.000000
0.297333 -0.006907 0.663090 126.000000 119.000000 108.000000
0.311100 -0.006957 0.669760 124.000000 116.000000 107.000000
0.324459 -0.006993 0.675050 126.000000 114.000000 104.000000
0.191219 0.003348 0.596620 129.000000 121.000000 110.000000
0.227453 0.003492 0.617320 131.000000 122.000000 111.000000
0.240228 0.003545 0.624910 131.000000 122.000000 109.000000
0.267573 0.003670 0.642620 133.000000 120.000000 117.000000
0.280546 0.003720 0.648830 133.000000 117.000000 118.000000
0.308874 0.003844 0.664930 122.000000 114.000000 92.000000
0.324256 0.003917 0.674590 126.000000 116.000000 103.000000
-0.002660 0.010561 0.480700 71.000000 71.000000 73.000000
0.075238 0.011574 0.527620 57.000000 57.000000 59.000000
0.124149 0.012140 0.554300 131.000000 130.000000 123.000000
0.156806 0.012598 0.575690 135.000000 119.000000 115.000000
0.168181 0.012756 0.583050 128.000000 124.000000 121.000000
0.202393 0.013155 0.601450 134.000000 122.000000 114.000000
0.239793 0.013649 0.623760 128.000000 118.000000 110.000000
0.267105 0.014048 0.641470 129.000000 122.000000 106.000000
0.279464 0.014162 0.646300 123.000000 113.000000 105.000000
0.293239 0.014340 0.653890 118.000000 116.000000 103.000000
0.309317 0.014616 0.665850 122.000000 114.000000 103.000000
0.324828 0.014850 0.675740 127.000000 119.000000 113.000000
-0.189428 0.014244 0.372600 163.000000 164.000000 170.000000
0.084257 0.020323 0.530150 56.000000 55.000000 60.000000
0.124450 0.021256 0.555680 131.000000 125.000000 116.000000
0.179349 0.022472 0.589030 127.000000 119.000000 117.000000
0.225932 0.023361 0.613180 132.000000 117.000000 111.000000
0.238556 0.023637 0.620540 124.000000 118.000000 109.000000
0.252062 0.023977 0.629510 132.000000 117.000000 113.000000
0.266344 0.024363 0.639630 128.000000 119.000000 106.000000
0.279074 0.024586 0.645380 133.000000 120.000000 113.000000
0.292321 0.024838 0.651820 127.000000 116.000000 99.000000
0.307302 0.025218 0.661480 126.000000 113.000000 108.000000
0.322634 0.025602 0.671140 128.000000 113.000000 106.000000
-0.188977 0.020226 0.371680 167.000000 170.000000 167.000000
-0.154704 0.021251 0.391230 152.000000 155.000000 161.000000
0.047351 0.027811 0.507150 83.000000 86.000000 83.000000
0.166832 0.031501 0.578450 128.000000 117.000000 114.000000
0.178564 0.031920 0.586500 129.000000 119.000000 111.000000
0.213613 0.032932 0.606050 125.000000 116.000000 115.000000
0.224991 0.033169 0.610650 121.000000 118.000000 105.000000
0.237931 0.033608 0.618930 128.000000 118.000000 108.000000
0.251322 0.034074 0.627670 129.000000 119.000000 113.000000
0.265769 0.034644 0.638250 126.000000 112.000000 103.000000
0.278779 0.034992 0.644690 123.000000 114.000000 103.000000
0.291916 0.035333 0.650900 119.000000 112.000000 101.000000
0.306246 0.035792 0.659180 118.000000 115.000000 107.000000
0.321105 0.036282 0.667920 120.000000 117.000000 104.000000
0.056147 0.036439 0.511520 87.000000 78.000000 74.000000
0.093312 0.037863 0.532680 100.000000 96.000000 91.000000
0.103257 0.038313 0.539350 138.000000 126.000000 116.000000
0.134113 0.039603 0.558670 127.000000 123.000000 119.000000
0.144424 0.039934 0.563730 128.000000 123.000000 115.000000
0.213108 0.042671 0.604670 129.000000 119.000000 111.000000
0.224976 0.043072 0.610650 126.000000 115.000000 107.000000
0.250576 0.044111 0.625830 119.000000 113.000000 108.000000
0.291199 0.045751 0.649290 128.000000 116.000000 109.000000
0.306471 0.046488 0.659640 121.000000 112.000000 99.000000
0.320460 0.046990 0.666540 135.000000 106.000000 100.000000
-0.183385 0.032326 0.372600 152.000000 158.000000 165.000000
0.093044 0.046461 0.531300 144.000000 113.000000 40.000000
0.133419 0.048478 0.555910 129.000000 120.000000 116.000000
0.177390 0.050679 0.582820 120.000000 116.000000 112.000000
0.189015 0.051265 0.589950 126.000000 116.000000 105.000000
0.224445 0.052853 0.609270 122.000000 115.000000 99.000000
0.237457 0.053568 0.617780 125.000000 110.000000 106.000000
0.249457 0.054007 0.623070 125.000000 113.000000 103.000000
0.260583 0.054233 0.625830 117.000000 111.000000 102.000000
0.290996 0.056217 0.648830 122.000000 113.000000 98.000000
0.305414 0.056961 0.657340 117.000000 107.000000 99.000000
0.319153 0.057535 0.663780 126.000000 112.000000 101.000000
0.065069 0.053667 0.516120 131.000000 124.000000 122.000000
0.059459 0.043384 0.417450 126.000000 125.000000 121.000000
0.092447 0.054814 0.528080 124.000000 112.000000 98.000000
0.111950 0.055908 0.539350 128.000000 119.000000 106.000000
0.143469 0.057950 0.560280 129.000000 122.000000 108.000000
0.153995 0.058478 0.565800 127.000000 120.000000 111.000000
0.188242 0.060609 0.587650 126.000000 115.000000 107.000000
0.222808 0.062279 0.604900 123.000000 110.000000 103.000000
0.236284 0.063268 0.614790 118.000000 117.000000 99.000000
0.261528 0.064600 0.628130 130.000000 114.000000 103.000000
0.289039 0.066266 0.644460 126.000000 116.000000 103.000000
0.303502 0.067172 0.653200 124.000000 109.000000 103.000000
0.318954 0.068231 0.663320 118.000000 113.000000 101.000000
0.074462 0.062908 0.523020 124.000000 120.000000 119.000000
0.083402 0.063176 0.525550 130.000000 121.000000 119.000000
0.102273 0.064198 0.534750 126.000000 118.000000 112.000000
0.132673 0.066265 0.553150 131.000000 118.000000 111.000000
0.143129 0.066932 0.559130 126.000000 119.000000 110.000000
0.153636 0.067543 0.564650 123.000000 120.000000 112.000000
0.187831 0.070010 0.586500 124.000000 117.000000 105.000000
0.199236 0.070679 0.592480 119.000000 113.000000 106.000000
0.210907 0.071378 0.598690 120.000000 114.000000 109.000000
0.222859 0.072107 0.605130 122.000000 119.000000 99.000000
0.248956 0.074047 0.621920 123.000000 111.000000 97.000000
0.274784 0.075630 0.635490 126.000000 106.000000 104.000000
0.287287 0.076230 0.640550 119.000000 107.000000 107.000000
0.300629 0.077004 0.646990 123.000000 110.000000 105.000000
0.316879 0.078449 0.658950 120.000000 111.000000 112.000000
-0.177689 0.050511 0.373290 153.000000 156.000000 155.000000
-0.137420 0.053639 0.395830 149.000000 148.000000 153.000000
0.153584 0.076720 0.564650 123.000000 115.000000 106.000000
0.198417 0.079972 0.590180 120.000000 107.000000 103.000000
0.222822 0.081909 0.605130 124.000000 109.000000 105.000000
0.234899 0.082713 0.611340 117.000000 112.000000 98.000000
0.261783 0.085025 0.628820 126.000000 109.000000 101.000000
0.274578 0.085852 0.635030 119.000000 113.000000 95.000000
0.286878 0.086472 0.639630 124.000000 112.000000 100.000000
0.299683 0.087198 0.644920 123.000000 114.000000 99.000000
0.314807 0.088529 0.654580 120.000000 113.000000 104.000000
-0.132105 0.060575 0.399050 152.000000 146.000000 155.000000
0.073532 0.079065 0.517040 132.000000 124.000000 120.000000
0.082842 0.079864 0.522560 124.000000 121.000000 113.000000
0.122030 0.083230 0.546020 124.000000 115.000000 114.000000
0.153025 0.085607 0.562810 125.000000 117.000000 111.000000
0.173983 0.086922 0.572240 123.000000 116.000000 102.000000
0.197826 0.089290 0.588570 125.000000 113.000000 99.000000
0.209361 0.090147 0.594550 121.000000 110.000000 98.000000
0.234069 0.092294 0.609270 124.000000 111.000000 106.000000
0.247891 0.093796 0.619390 112.000000 108.000000 91.000000
0.262340 0.095410 0.630200 116.000000 109.000000 93.000000
0.286471 0.096687 0.638710 128.000000 106.000000 98.000000
0.300237 0.097815 0.646070 123.000000 110.000000 90.000000
0.314843 0.099134 0.654580 115.000000 110.000000 101.000000
-0.181924 0.061990 0.369380 153.000000 150.000000 155.000000
-0.171962 0.062711 0.373980 158.000000 150.000000 158.000000
-0.167423 0.063279 0.377430 155.000000 149.000000 155.000000
-0.131612 0.066808 0.397670 149.000000 151.000000 152.000000
-0.085692 0.071659 0.424350 139.000000 141.000000 143.000000
-0.046584 0.075826 0.447580 140.000000 133.000000 135.000000
0.082574 0.088135 0.521180 125.000000 119.000000 110.000000
0.163274 0.095406 0.567180 123.000000 116.000000 100.000000
0.209232 0.099732 0.594320 121.000000 111.000000 103.000000
0.231471 0.101035 0.602600 119.000000 112.000000 99.000000
0.244183 0.102276 0.610190 117.000000 108.000000 95.000000
0.258493 0.104066 0.621000 119.000000 106.000000 103.000000
0.270986 0.105020 0.626750 122.000000 104.000000 101.000000
0.284520 0.106295 0.634340 118.000000 105.000000 100.000000
0.298765 0.107741 0.642850 114.000000 111.000000 101.000000
0.313779 0.109359 0.652280 119.000000 107.000000 99.000000
-0.171979 0.068774 0.373980 155.000000 150.000000 151.000000
-0.166919 0.069183 0.376280 155.000000 149.000000 155.000000
-0.136845 0.072617 0.394450 148.000000 148.000000 148.000000
-0.125981 0.073753 0.400200 145.000000 142.000000 143.000000
-0.079480 0.079321 0.428260 139.000000 142.000000 141.000000
-0.039483 0.083693 0.450570 135.000000 129.000000 136.000000
-0.002604 0.087700 0.471730 130.000000 125.000000 129.000000
0.029464 0.090949 0.489440 131.000000 125.000000 116.000000
0.082303 0.096348 0.519800 119.000000 118.000000 114.000000
0.173931 0.105501 0.572470 122.000000 112.000000 104.000000
0.184740 0.106371 0.577530 124.000000 111.000000 104.000000
0.208857 0.109179 0.593400 125.000000 110.000000 108.000000
0.220408 0.110146 0.598920 120.000000 108.000000 98.000000
0.243973 0.112063 0.609730 118.000000 112.000000 103.000000
0.256468 0.113228 0.616170 123.000000 110.000000 101.000000
0.268996 0.114320 0.622150 115.000000 110.000000 103.000000
0.283915 0.116316 0.632960 118.000000 112.000000 107.000000
0.298797 0.118160 0.642850 113.000000 107.000000 100.000000
0.312725 0.119517 0.649980 117.000000 110.000000 94.000000
-0.176478 0.074182 0.370530 148.000000 146.000000 156.000000
-0.171789 0.074749 0.373520 155.000000 152.000000 158.000000
-0.166828 0.075237 0.376050 160.000000 152.000000 157.000000
-0.161711 0.075689 0.378350 155.000000 151.000000 162.000000
-0.157390 0.076565 0.382720 147.000000 144.000000 152.000000
-0.125649 0.080044 0.399280 145.000000 142.000000 147.000000
-0.120463 0.080919 0.403420 148.000000 149.000000 144.000000
-0.115008 0.081705 0.407100 148.000000 142.000000 148.000000
-0.079176 0.085988 0.426880 140.000000 137.000000 141.000000
-0.039475 0.091059 0.450800 134.000000 125.000000 128.000000
-0.025033 0.092361 0.457010 135.000000 130.000000 130.000000
-0.002595 0.095088 0.470350 131.000000 124.000000 124.000000
0.005188 0.096155 0.475640 132.000000 123.000000 124.000000
0.046271 0.100560 0.497950 130.000000 119.000000 116.000000
0.054945 0.101496 0.502780 129.000000 120.000000 118.000000
0.072963 0.103676 0.514050 127.000000 116.000000 111.000000
0.082066 0.104549 0.518650 124.000000 116.000000 110.000000
0.120655 0.108739 0.540730 122.000000 117.000000 107.000000
0.130494 0.109594 0.545330 126.000000 116.000000 103.000000
0.141232 0.111049 0.552920 124.000000 116.000000 107.000000
0.152140 0.112455 0.560280 120.000000 112.000000 110.000000
0.162677 0.113447 0.565570 119.000000 109.000000 98.000000
0.173516 0.114532 0.571320 123.000000 110.000000 101.000000
0.196113 0.116941 0.583970 121.000000 111.000000 101.000000
0.222396 0.120936 0.604440 125.000000 107.000000 102.000000
0.257798 0.123844 0.619390 117.000000 108.000000 97.000000
0.284658 0.126894 0.634570 116.000000 108.000000 99.000000
-0.176300 0.080105 0.370070 154.000000 147.000000 149.000000
-0.171500 0.080664 0.372830 147.000000 145.000000 146.000000
-0.166844 0.081336 0.376050 148.000000 145.000000 149.000000
-0.161716 0.081820 0.378350 152.000000 149.000000 154.000000
-0.131421 0.086061 0.397440 139.000000 143.000000 146.000000
-0.125896 0.086700 0.400200 143.000000 144.000000 150.000000
-0.120005 0.087143 0.402040 149.000000 141.000000 150.000000
-0.114505 0.087939 0.405490 144.000000 144.000000 148.000000
-0.103209 0.089589 0.412620 142.000000 139.000000 145.000000
-0.091368 0.091195 0.419520 140.000000 138.000000 137.000000
-0.085126 0.091848 0.422280 141.000000 133.000000 138.000000
-0.078699 0.092400 0.424580 136.000000 137.000000 143.000000
-0.072693 0.093602 0.429870 139.000000 131.000000 134.000000
-0.052944 0.096040 0.440450 138.000000 128.000000 132.000000
-0.039344 0.098117 0.449650 136.000000 124.000000 128.000000
-0.032193 0.098797 0.452640 137.000000 127.000000 132.000000
-0.002593 0.102667 0.470120 131.000000 124.000000 120.000000
0.005175 0.103719 0.474950 127.000000 120.000000 120.000000
0.046191 0.108532 0.497490 124.000000 120.000000 117.000000
0.072780 0.111803 0.513130 129.000000 113.000000 112.000000
0.081790 0.112649 0.517270 129.000000 117.000000 112.000000
0.072834 0.090912 0.417680 124.000000 116.000000 107.000000
0.100615 0.114826 0.527850 121.000000 117.000000 100.000000
0.110170 0.115809 0.532680 126.000000 113.000000 106.000000
0.119611 0.116539 0.536360 122.000000 114.000000 107.000000
0.183881 0.124549 0.575230 121.000000 112.000000 99.000000
0.195284 0.125883 0.581670 123.000000 111.000000 99.000000
0.206894 0.127223 0.588110 127.000000 111.000000 94.000000
0.218969 0.128720 0.595240 122.000000 107.000000 98.000000
0.231900 0.130574 0.603980 119.000000 112.000000 99.000000
0.256548 0.133225 0.616400 122.000000 106.000000 95.000000
0.269309 0.134623 0.622840 116.000000 107.000000 92.000000
0.284688 0.137183 0.634570 119.000000 107.000000 97.000000
0.298248 0.138721 0.641470 123.000000 104.000000 94.000000
0.310652 0.139638 0.645380 114.000000 106.000000 84.000000
-0.171323 0.086616 0.372370 152.000000 140.000000 160.000000
-0.166050 0.087011 0.374210 146.000000 144.000000 142.000000
-0.161235 0.087687 0.377200 147.000000 143.000000 156.000000
-0.156155 0.088268 0.379730 147.000000 144.000000 148.000000
-0.125202 0.092685 0.398130 150.000000 143.000000 148.000000
-0.119684 0.093426 0.401120 149.000000 142.000000 144.000000
-0.114261 0.094331 0.404800 143.000000 137.000000 144.000000
-0.091064 0.097707 0.418370 138.000000 135.000000 136.000000
-0.085027 0.098621 0.422050 138.000000 135.000000 138.000000
-0.078606 0.099211 0.424350 141.000000 134.000000 136.000000
-0.072488 0.100338 0.428950 138.000000 133.000000 139.000000
-0.039113 0.104854 0.447350 136.000000 126.000000 127.000000
-0.032054 0.105745 0.451030 133.000000 126.000000 128.000000
-0.024982 0.107116 0.456780 136.000000 127.000000 125.000000
-0.002586 0.110007 0.468970 128.000000 123.000000 115.000000
0.013050 0.112208 0.478400 130.000000 121.000000 121.000000
0.037384 0.114676 0.489210 126.000000 118.000000 112.000000
0.045983 0.116150 0.495650 126.000000 115.000000 110.000000
0.054733 0.117509 0.501630 124.000000 117.000000 113.000000
0.063554 0.118647 0.506690 129.000000 117.000000 110.000000
0.072366 0.119510 0.510600 118.000000 115.000000 109.000000
0.090980 0.122080 0.522100 129.000000 117.000000 110.000000
0.100329 0.123089 0.526700 128.000000 116.000000 109.000000
0.129526 0.126421 0.541880 126.000000 113.000000 108.000000
0.140265 0.128171 0.549700 125.000000 112.000000 107.000000
0.150997 0.129707 0.556600 122.000000 112.000000 102.000000
0.161282 0.130707 0.561200 120.000000 110.000000 98.000000
0.171916 0.131871 0.566490 117.000000 109.000000 101.000000
0.182937 0.133199 0.572470 117.000000 112.000000 100.000000
0.194379 0.134693 0.579140 119.000000 108.000000 105.000000
0.218169 0.137862 0.593170 115.000000 110.000000 98.000000
0.230989 0.139809 0.601680 125.000000 110.000000 108.000000
0.242903 0.141073 0.607200 116.000000 104.000000 92.000000
0.255017 0.142353 0.612720 123.000000 107.000000 96.000000
0.269130 0.144612 0.622380 118.000000 107.000000 90.000000
0.283284 0.146732 0.631350 124.000000 105.000000 95.000000
0.296923 0.148449 0.638480 109.000000 107.000000 92.000000
0.310301 0.149926 0.644460 117.000000 108.000000 95.000000
-0.185346 0.090669 0.363400 164.000000 152.000000 156.000000
-0.175863 0.091874 0.368920 153.000000 149.000000 157.000000
-0.165875 0.092977 0.373750 144.000000 143.000000 150.000000
-0.161349 0.093865 0.377430 151.000000 143.000000 151.000000
-0.156065 0.094366 0.379500 150.000000 142.000000 150.000000
-0.151187 0.095164 0.382720 143.000000 143.000000 145.000000
-0.119364 0.099674 0.400200 140.000000 138.000000 139.000000
-0.113952 0.100637 0.403880 137.000000 139.000000 139.000000
-0.108295 0.101490 0.407100 142.000000 137.000000 139.000000
-0.090760 0.104174 0.417220 139.000000 135.000000 136.000000
-0.078554 0.106062 0.424350 141.000000 135.000000 141.000000
-0.072283 0.107033 0.428030 136.000000 131.000000 135.000000
-0.039062 0.112022 0.447120 130.000000 127.000000 130.000000
-0.031946 0.112742 0.449880 137.000000 127.000000 132.000000
-0.024886 0.114149 0.455400 130.000000 126.000000 125.000000
-0.017606 0.115319 0.460000 135.000000 124.000000 123.000000
0.005126 0.118215 0.471500 124.000000 122.000000 118.000000
0.012981 0.119417 0.476330 132.000000 118.000000 118.000000
0.020982 0.120554 0.480930 134.000000 120.000000 121.000000
0.045944 0.124155 0.495650 128.000000 110.000000 107.000000
0.054538 0.125264 0.500250 120.000000 114.000000 107.000000
0.072148 0.127466 0.509450 119.000000 110.000000 113.000000
0.081489 0.129076 0.516120 123.000000 112.000000 109.000000
0.090875 0.130450 0.521870 124.000000 115.000000 100.000000
0.100042 0.131303 0.525550 120.000000 113.000000 104.000000
0.109507 0.132383 0.530150 125.000000 110.000000 104.000000
0.119057 0.133402 0.534520 119.000000 112.000000 101.000000
0.129343 0.135051 0.541420 122.000000 113.000000 109.000000
0.139899 0.136756 0.548550 119.000000 113.000000 97.000000
0.150240 0.138060 0.554070 117.000000 107.000000 103.000000
0.171363 0.140616 0.564880 120.000000 109.000000 94.000000
0.182362 0.142042 0.570860 117.000000 109.000000 101.000000
0.193708 0.143590 0.577300 111.000000 106.000000 94.000000
0.205507 0.145316 0.584430 111.000000 105.000000 98.000000
0.217712 0.147166 0.592020 108.000000 104.000000 87.000000
0.229820 0.148799 0.598690 115.000000 111.000000 96.000000
0.242436 0.150618 0.606050 123.000000 109.000000 96.000000
0.254836 0.152168 0.612260 121.000000 104.000000 94.000000
0.281686 0.156073 0.627670 116.000000 108.000000 99.000000
0.295934 0.158265 0.636180 115.000000 106.000000 91.000000
0.310633 0.160545 0.644920 117.000000 103.000000 101.000000
-0.175606 0.097715 0.368230 142.000000 146.000000 152.000000
-0.165914 0.099058 0.373750 149.000000 143.000000 152.000000
-0.156077 0.100522 0.379500 148.000000 140.000000 147.000000
-0.150824 0.101122 0.381800 146.000000 141.000000 145.000000
-0.129870 0.104169 0.393070 142.000000 140.000000 143.000000
-0.119252 0.106073 0.399970 141.000000 141.000000 139.000000
-0.113581 0.106849 0.402730 143.000000 138.000000 138.000000
-0.108245 0.108057 0.407100 137.000000 137.000000 139.000000
-0.084504 0.111688 0.419980 132.000000 130.000000 130.000000
-0.078331 0.112659 0.423430 137.000000 130.000000 133.000000
-0.072155 0.113812 0.427570 130.000000 127.000000 128.000000
-0.065590 0.114534 0.430100 134.000000 128.000000 132.000000
-0.052547 0.116768 0.438150 133.000000 130.000000 134.000000
-0.045877 0.118032 0.442750 127.000000 127.000000 127.000000
-0.039030 0.119231 0.447120 131.000000 123.000000 130.000000
-0.031904 0.119935 0.449650 128.000000 123.000000 125.000000
-0.024791 0.121124 0.454020 136.000000 124.000000 126.000000
-0.002566 0.124286 0.465750 128.000000 121.000000 121.000000
0.005096 0.125204 0.469200 125.000000 121.000000 118.000000
0.012906 0.126484 0.474030 132.000000 118.000000 120.000000
0.020893 0.127879 0.479320 132.000000 119.000000 116.000000
0.045905 0.132145 0.495650 123.000000 114.000000 114.000000
0.063107 0.134261 0.503930 124.000000 114.000000 110.000000
0.071929 0.135372 0.508300 125.000000 112.000000 107.000000
0.081246 0.137089 0.514970 119.000000 111.000000 107.000000
0.090610 0.138556 0.520720 125.000000 110.000000 104.000000
0.099755 0.139469 0.524400 116.000000 112.000000 107.000000
0.109009 0.140378 0.528080 123.000000 114.000000 101.000000
0.118730 0.141713 0.533370 117.000000 110.000000 94.000000
0.128996 0.143474 0.540270 114.000000 108.000000 103.000000
0.139534 0.145296 0.547400 119.000000 109.000000 98.000000
0.149671 0.146507 0.552230 114.000000 111.000000 101.000000
0.160419 0.148148 0.558670 114.000000 109.000000 99.000000
0.182233 0.151197 0.570630 113.000000 108.000000 98.000000
0.193660 0.152913 0.577300 127.000000 106.000000 90.000000
0.216839 0.156131 0.589720 115.000000 108.000000 94.000000
0.227511 0.156906 0.592710 115.000000 106.000000 91.000000
0.240599 0.159219 0.601450 119.000000 104.000000 100.000000
0.254762 0.162038 0.612030 123.000000 104.000000 92.000000
0.269005 0.164696 0.621920 116.000000 110.000000 91.000000
0.281343 0.166040 0.626750 123.000000 104.000000 92.000000
0.295497 0.168328 0.635030 113.000000 101.000000 94.000000
0.309658 0.170466 0.642620 116.000000 102.000000 102.000000
-0.185005 0.102290 0.362250 151.000000 150.000000 159.000000
-0.170536 0.104241 0.370300 152.000000 147.000000 160.000000
-0.165453 0.104824 0.372600 152.000000 149.000000 154.000000
-0.160719 0.105683 0.375820 155.000000 146.000000 149.000000
-0.155719 0.106427 0.378580 142.000000 137.000000 155.000000
-0.150831 0.107314 0.381800 149.000000 144.000000 146.000000
-0.145421 0.107890 0.383870 144.000000 142.000000 140.000000
-0.129613 0.110325 0.392380 141.000000 139.000000 138.000000
-0.124364 0.111326 0.395830 142.000000 140.000000 139.000000
-0.118937 0.112268 0.399050 139.000000 136.000000 139.000000
-0.113212 0.113021 0.401580 142.000000 138.000000 149.000000
-0.107830 0.114231 0.405720 141.000000 135.000000 139.000000
-0.102138 0.115251 0.409170 137.000000 131.000000 129.000000
-0.096222 0.116144 0.412160 133.000000 130.000000 138.000000
-0.090253 0.117103 0.415380 133.000000 133.000000 133.000000
-0.084220 0.118128 0.418830 132.000000 130.000000 130.000000
-0.078195 0.119348 0.422970 137.000000 128.000000 128.000000
-0.071989 0.120501 0.426880 135.000000 128.000000 128.000000
-0.065543 0.121459 0.430100 132.000000 128.000000 129.000000
-0.058828 0.122089 0.432170 131.000000 126.000000 130.000000
-0.038839 0.125908 0.445280 129.000000 123.000000 123.000000
-0.031813 0.126912 0.448730 132.000000 125.000000 125.000000
-0.024695 0.128041 0.452640 134.000000 120.000000 123.000000
-0.017455 0.129229 0.456780 130.000000 121.000000 119.000000
-0.010066 0.130281 0.460460 126.000000 117.000000 118.000000
-0.002560 0.131522 0.464830 125.000000 120.000000 124.000000
0.005087 0.132691 0.468970 128.000000 117.000000 116.000000
0.012887 0.134048 0.473800 129.000000 118.000000 117.000000
0.020843 0.135399 0.478630 123.000000 115.000000 108.000000
0.028871 0.136352 0.482080 122.000000 113.000000 111.000000
0.037146 0.137818 0.487370 123.000000 115.000000 108.000000
0.045653 0.139473 0.493350 124.000000 110.000000 110.000000
0.062883 0.141983 0.502550 119.000000 111.000000 105.000000
0.080859 0.144794 0.512900 123.000000 113.000000 105.000000
0.090185 0.146355 0.518650 119.000000 111.000000 105.000000
0.099469 0.147587 0.523250 117.000000 109.000000 103.000000
0.108845 0.148752 0.527620 120.000000 110.000000 100.000000
0.128706 0.151918 0.539350 119.000000 114.000000 100.000000
0.139464 0.154116 0.547400 127.000000 111.000000 98.000000
0.149229 0.155020 0.550850 114.000000 109.000000 101.000000
0.159695 0.156509 0.556370 111.000000 103.000000 106.000000
0.170545 0.158197 0.562580 116.000000 109.000000 95.000000
0.182034 0.160278 0.570170 116.000000 107.000000 92.000000
0.193231 0.161915 0.576150 117.000000 108.000000 95.000000
0.203496 0.162657 0.578910 114.000000 104.000000 96.000000
0.226977 0.166119 0.591330 123.000000 101.000000 97.000000
0.240613 0.168973 0.601450 111.000000 104.000000 91.000000
0.254893 0.172042 0.612260 113.000000 109.000000 92.000000
0.269165 0.174877 0.622150 110.000000 103.000000 92.000000
0.281430 0.176253 0.626750 113.000000 102.000000 99.000000
0.295082 0.178374 0.633880 115.000000 106.000000 93.000000
0.308152 0.180013 0.639170 111.000000 98.000000 84.000000
-0.185158 0.108273 0.362250 153.000000 148.000000 154.000000
-0.180043 0.108742 0.364320 155.000000 147.000000 152.000000
-0.165412 0.110840 0.372370 140.000000 142.000000 148.000000
-0.155654 0.112516 0.378350 141.000000 141.000000 139.000000
-0.150393 0.113172 0.380650 149.000000 137.000000 139.000000
-0.145076 0.113841 0.382950 143.000000 137.000000 146.000000
-0.124189 0.117580 0.395370 142.000000 135.000000 137.000000
-0.112846 0.119154 0.400430 143.000000 134.000000 132.000000
-0.107234 0.120154 0.403650 138.000000 134.000000 133.000000
-0.101803 0.121500 0.408020 134.000000 128.000000 132.000000
-0.077974 0.125877 0.422050 127.000000 127.000000 127.000000
-0.071669 0.126887 0.425270 136.000000 126.000000 129.000000
-0.065356 0.128100 0.429180 137.000000 127.000000 132.000000
-0.058785 0.129037 0.432170 131.000000 123.000000 126.000000
-0.052192 0.130178 0.435850 134.000000 125.000000 128.000000
-0.045472 0.131314 0.439530 132.000000 125.000000 125.000000
-0.031771 0.134056 0.448500 130.000000 119.000000 120.000000
-0.024575 0.134766 0.450800 133.000000 119.000000 121.000000
-0.017388 0.136157 0.455400 132.000000 123.000000 124.000000
-0.002556 0.138854 0.464370 125.000000 115.000000 119.000000
0.005081 0.140227 0.468970 128.000000 114.000000 117.000000
0.012868 0.141593 0.473570 124.000000 113.000000 114.000000
0.020754 0.142609 0.477020 128.000000 114.000000 117.000000
0.028776 0.143755 0.480930 126.000000 113.000000 110.000000
0.037114 0.145650 0.487370 120.000000 110.000000 116.000000
0.045422 0.146783 0.491280 119.000000 114.000000 104.000000
0.054002 0.148322 0.496570 120.000000 112.000000 110.000000
0.062574 0.149443 0.500480 126.000000 111.000000 107.000000
0.071363 0.150764 0.505080 123.000000 110.000000 103.000000
0.080437 0.152354 0.510600 124.000000 111.000000 104.000000
0.089683 0.153941 0.516120 120.000000 111.000000 96.000000
0.099141 0.155592 0.521870 121.000000 109.000000 102.000000
0.108683 0.157103 0.527160 120.000000 109.000000 94.000000
0.118233 0.158407 0.531760 119.000000 109.000000 98.000000
0.128254 0.160122 0.537740 121.000000 112.000000 99.000000
0.138929 0.162384 0.545560 119.000000 105.000000 105.000000
0.148917 0.163622 0.549930 117.000000 103.000000 103.000000
0.159570 0.165411 0.556140 116.000000 107.000000 103.000000
0.170074 0.166862 0.561200 107.000000 109.000000 95.000000
0.180888 0.168458 0.566720 121.000000 105.000000 92.000000
0.192425 0.170541 0.573850 113.000000 108.000000 98.000000
0.202099 0.170858 0.575000 118.000000 101.000000 93.000000
0.213006 0.172146 0.579370 117.000000 104.000000 88.000000
0.227250 0.175911 0.592020 112.000000 105.000000 96.000000
0.239905 0.178192 0.599610 111.000000 104.000000 91.000000
0.253029 0.180632 0.607660 112.000000 107.000000 95.000000
0.266655 0.183236 0.616170 110.000000 103.000000 92.000000
0.280093 0.185529 0.623530 115.000000 99.000000 84.000000
0.293084 0.187380 0.629280 113.000000 103.000000 93.000000
0.307338 0.189888 0.637100 113.000000 101.000000 92.000000
-0.184863 0.113991 0.361330 149.000000 143.000000 148.000000
-0.180303 0.114833 0.364550 143.000000 146.000000 157.000000
-0.175256 0.115413 0.366850 145.000000 139.000000 148.000000
-0.165080 0.116646 0.371450 145.000000 140.000000 144.000000
-0.155316 0.118392 0.377430 146.000000 136.000000 140.000000
-0.150056 0.119074 0.379730 144.000000 136.000000 144.000000
-0.144915 0.119914 0.382490 136.000000 141.000000 140.000000
-0.139701 0.120767 0.385250 139.000000 134.000000 138.000000
-0.134331 0.121560 0.387780 142.000000 135.000000 135.000000
-0.118321 0.124569 0.397210 135.000000 130.000000 134.000000
-0.112744 0.125539 0.400200 143.000000 133.000000 138.000000
-0.107193 0.126658 0.403650 135.000000 128.000000 128.000000
-0.101758 0.128070 0.408020 137.000000 133.000000 132.000000
-0.096232 0.129558 0.412620 140.000000 133.000000 135.000000
-0.090054 0.130327 0.414920 134.000000 130.000000 126.000000
-0.083843 0.131169 0.417450 129.000000 128.000000 133.000000
-0.077671 0.132228 0.420670 137.000000 126.000000 127.000000
-0.071312 0.133142 0.423430 136.000000 124.000000 126.000000
-0.058618 0.135689 0.431250 132.000000 124.000000 129.000000
-0.052070 0.136959 0.435160 123.000000 124.000000 121.000000
-0.031746 0.141254 0.448500 127.000000 118.000000 119.000000
-0.024556 0.142000 0.450800 129.000000 119.000000 120.000000
-0.017340 0.143176 0.454480 129.000000 120.000000 116.000000
-0.010017 0.144563 0.458850 129.000000 119.000000 113.000000
-0.002549 0.145943 0.463220 129.000000 116.000000 114.000000
0.012818 0.148758 0.472190 122.000000 112.000000 115.000000
0.020704 0.150046 0.476330 124.000000 113.000000 114.000000
0.028681 0.151111 0.479780 121.000000 116.000000 108.000000
0.037064 0.153400 0.487140 122.000000 110.000000 114.000000
0.045299 0.154379 0.490360 123.000000 113.000000 105.000000
0.062324 0.156971 0.498870 122.000000 112.000000 115.000000
0.070984 0.158151 0.502780 123.000000 111.000000 99.000000
0.080163 0.160122 0.509220 121.000000 110.000000 98.000000
0.089302 0.161655 0.514280 120.000000 114.000000 109.000000
0.098860 0.163618 0.520720 115.000000 111.000000 108.000000
0.108286 0.165073 0.525550 122.000000 108.000000 96.000000
0.117862 0.166527 0.530380 116.000000 112.000000 107.000000
0.127696 0.168126 0.535670 117.000000 104.000000 97.000000
0.138516 0.170736 0.544180 116.000000 108.000000 101.000000
0.148734 0.172338 0.549470 119.000000 107.000000 99.000000
0.158726 0.173512 0.553380 116.000000 107.000000 96.000000
0.169331 0.175197 0.558900 112.000000 107.000000 97.000000
0.180485 0.177251 0.565570 115.000000 105.000000 95.000000
0.191706 0.179171 0.571780 114.000000 105.000000 92.000000
0.202087 0.180167 0.575000 108.000000 104.000000 92.000000
0.214193 0.182547 0.582590 110.000000 104.000000 97.000000
0.227361 0.185595 0.592250 112.000000 107.000000 93.000000
0.238753 0.187006 0.596620 113.000000 100.000000 96.000000
0.252141 0.189813 0.605360 115.000000 100.000000 92.000000
0.265759 0.192577 0.613870 108.000000 103.000000 94.000000
0.280123 0.195665 0.623300 112.000000 100.000000 100.000000
0.293792 0.198072 0.630430 108.000000 100.000000 91.000000
0.308221 0.200814 0.638480 110.000000 102.000000 98.000000
-0.184476 0.119630 0.360180 143.000000 146.000000 157.000000
-0.179903 0.120500 0.363400 142.000000 142.000000 153.000000
-0.174847 0.121095 0.365700 142.000000 140.000000 152.000000
-0.169875 0.121793 0.368230 146.000000 145.000000 150.000000
-0.160304 0.123641 0.374440 147.000000 139.000000 144.000000
-0.149549 0.124807 0.378350 139.000000 137.000000 145.000000
-0.144678 0.125907 0.381800 144.000000 133.000000 141.000000
-0.139629 0.126946 0.385020 141.000000 139.000000 140.000000
-0.118227 0.130907 0.396980 139.000000 135.000000 136.000000
-0.112713 0.131995 0.400200 140.000000 131.000000 134.000000
-0.107096 0.133088 0.403420 129.000000 128.000000 135.000000
-0.101603 0.134489 0.407560 140.000000 129.000000 140.000000
-0.095921 0.135819 0.411470 136.000000 129.000000 130.000000
-0.071848 0.109357 0.331200 138.000000 127.000000 128.000000
-0.071190 0.139789 0.422970 130.000000 119.000000 120.000000
-0.064919 0.141124 0.426880 134.000000 122.000000 122.000000
-0.058421 0.142229 0.430100 131.000000 122.000000 123.000000
-0.051731 0.143103 0.432630 133.000000 122.000000 119.000000
-0.045333 0.145192 0.438840 123.000000 126.000000 121.000000
-0.038509 0.146440 0.442520 126.000000 119.000000 117.000000
-0.017362 0.150765 0.455400 126.000000 118.000000 123.000000
-0.009985 0.151536 0.457700 124.000000 115.000000 114.000000
0.005037 0.154279 0.465980 122.000000 112.000000 113.000000
0.012744 0.155564 0.469890 124.000000 113.000000 112.000000
0.020626 0.157224 0.474950 120.000000 116.000000 112.000000
0.028656 0.158802 0.479780 120.000000 112.000000 110.000000
0.036893 0.160601 0.485300 122.000000 110.000000 112.000000
0.045114 0.161709 0.488750 120.000000 112.000000 110.000000
0.062162 0.164670 0.497950 119.000000 108.000000 105.000000
0.070901 0.166143 0.502550 121.000000 111.000000 101.000000
0.079927 0.167916 0.508070 115.000000 107.000000 100.000000
0.089205 0.169837 0.514050 120.000000 109.000000 104.000000
0.098582 0.171603 0.519570 117.000000 112.000000 98.000000
0.108036 0.173216 0.524630 110.000000 108.000000 95.000000
0.117802 0.175056 0.530380 120.000000 107.000000 103.000000
0.127364 0.176366 0.534520 122.000000 113.000000 109.000000
0.137524 0.178285 0.540500 116.000000 106.000000 98.000000
0.147999 0.180359 0.546940 120.000000 110.000000 102.000000
0.158285 0.181983 0.552000 113.000000 107.000000 100.000000
0.168668 0.183540 0.556830 122.000000 105.000000 97.000000
0.179724 0.185636 0.563270 110.000000 105.000000 93.000000
0.191306 0.188047 0.570630 116.000000 104.000000 92.000000
0.202492 0.189866 0.576150 112.000000 105.000000 96.000000
0.215227 0.192916 0.585350 114.000000 103.000000 91.000000
0.227047 0.194924 0.591330 112.000000 107.000000 97.000000
0.238816 0.196730 0.596620 106.000000 106.000000 95.000000
0.251179 0.198866 0.602830 118.000000 101.000000 93.000000
0.264887 0.201870 0.611570 112.000000 100.000000 92.000000
0.279044 0.204989 0.620540 112.000000 105.000000 94.000000
0.293568 0.208153 0.629510 108.000000 100.000000 89.000000
0.308254 0.211217 0.638020 116.000000 100.000000 89.000000
-0.184589 0.125585 0.359950 156.000000 144.000000 148.000000
-0.180099 0.126559 0.363400 150.000000 143.000000 146.000000
-0.175011 0.127165 0.365700 149.000000 142.000000 146.000000
-0.169905 0.127802 0.368000 139.000000 140.000000 147.000000
-0.159803 0.129312 0.373060 142.000000 141.000000 146.000000
-0.154588 0.130021 0.375360 146.000000 142.000000 143.000000
-0.149600 0.130988 0.378350 144.000000 139.000000 141.000000
-0.139234 0.132811 0.383870 147.000000 139.000000 146.000000
-0.133942 0.133744 0.386630 144.000000 134.000000 139.000000
-0.128649 0.134768 0.389620 139.000000 135.000000 136.000000
-0.123341 0.135882 0.392840 138.000000 134.000000 142.000000
-0.112429 0.138137 0.399280 133.000000 132.000000 135.000000
-0.106822 0.139275 0.402500 132.000000 132.000000 132.000000
-0.101282 0.140657 0.406410 135.000000 128.000000 130.000000
-0.095401 0.141725 0.409400 137.000000 126.000000 125.000000
-0.089471 0.142877 0.412620 135.000000 122.000000 131.000000
-0.083341 0.143871 0.415380 128.000000 128.000000 128.000000
-0.077372 0.145344 0.419520 131.000000 123.000000 126.000000
-0.071033 0.146340 0.422280 130.000000 119.000000 127.000000
-0.064495 0.147096 0.424350 131.000000 122.000000 123.000000
-0.058196 0.148649 0.428720 125.000000 122.000000 116.000000
-0.051779 0.150279 0.433320 127.000000 120.000000 122.000000
-0.045207 0.151906 0.437920 122.000000 115.000000 118.000000
-0.038321 0.152892 0.440680 128.000000 117.000000 114.000000
-0.031439 0.154353 0.444820 124.000000 115.000000 114.000000
-0.024444 0.155969 0.449420 130.000000 113.000000 119.000000
-0.017306 0.157659 0.454250 128.000000 117.000000 112.000000
-0.009978 0.158866 0.457700 120.000000 113.000000 113.000000
-0.002533 0.159827 0.460460 125.000000 116.000000 115.000000
0.005019 0.161341 0.464830 120.000000 114.000000 109.000000
0.012713 0.162850 0.469200 122.000000 112.000000 113.000000
0.020548 0.164352 0.473570 117.000000 112.000000 114.000000
0.028495 0.165688 0.477480 121.000000 110.000000 109.000000
0.036688 0.167577 0.483000 122.000000 111.000000 108.000000
0.044972 0.169142 0.487600 121.000000 109.000000 100.000000
0.053276 0.170302 0.491050 125.000000 114.000000 97.000000
0.061974 0.172254 0.496800 120.000000 106.000000 107.000000
0.070723 0.173884 0.501630 120.000000 109.000000 106.000000
0.079911 0.176147 0.508300 124.000000 108.000000 109.000000
0.088951 0.177690 0.512900 118.000000 113.000000 101.000000
0.098396 0.179709 0.518880 117.000000 109.000000 103.000000
0.107744 0.181249 0.523480 117.000000 109.000000 103.000000
0.117645 0.183427 0.529920 113.000000 109.000000 105.000000
0.127148 0.184730 0.533830 122.000000 107.000000 101.000000
0.136949 0.186276 0.538430 124.000000 110.000000 97.000000
0.147147 0.188144 0.543950 124.000000 105.000000 95.000000
0.157657 0.190179 0.549930 120.000000 107.000000 105.000000
0.168572 0.192460 0.556600 118.000000 98.000000 94.000000
0.179417 0.194434 0.562350 111.000000 103.000000 99.000000
0.190612 0.196581 0.568560 125.000000 104.000000 97.000000
0.202670 0.199380 0.576610 116.000000 104.000000 92.000000
0.215263 0.202438 0.585350 112.000000 101.000000 94.000000
0.226488 0.204007 0.589720 119.000000 102.000000 94.000000
0.238257 0.205921 0.595010 119.000000 99.000000 97.000000
0.251487 0.208901 0.603290 120.000000 104.000000 91.000000
0.264541 0.211519 0.610420 114.000000 99.000000 88.000000
0.277582 0.213941 0.616860 107.000000 102.000000 92.000000
0.291233 0.216650 0.623990 111.000000 100.000000 85.000000
0.306882 0.220614 0.634570 116.000000 101.000000 97.000000
-0.184381 0.131320 0.359030 144.000000 136.000000 146.000000
-0.179526 0.132066 0.361790 157.000000 140.000000 143.000000
-0.174872 0.133016 0.365010 142.000000 139.000000 145.000000
-0.169640 0.133581 0.367080 138.000000 140.000000 144.000000
-0.164496 0.134258 0.369380 138.000000 139.000000 148.000000
-0.159714 0.135296 0.372600 134.000000 143.000000 149.000000
-0.154486 0.136023 0.374900 140.000000 138.000000 139.000000
-0.149668 0.137188 0.378350 141.000000 133.000000 138.000000
-0.144329 0.137954 0.380650 140.000000 138.000000 139.000000
-0.139270 0.139070 0.383870 142.000000 137.000000 139.000000
-0.133805 0.139868 0.386170 149.000000 137.000000 139.000000
-0.128356 0.140762 0.388700 140.000000 130.000000 136.000000
-0.123052 0.141917 0.391920 135.000000 130.000000 134.000000
-0.117652 0.143083 0.395140 135.000000 130.000000 130.000000
-0.112348 0.144507 0.399050 136.000000 131.000000 135.000000
-0.106799 0.145772 0.402500 136.000000 129.000000 130.000000
-0.094887 0.147569 0.407330 128.000000 129.000000 124.000000
-0.089187 0.149099 0.411470 130.000000 125.000000 129.000000
-0.083258 0.150466 0.415150 132.000000 124.000000 127.000000
-0.077123 0.151667 0.418370 128.000000 126.000000 125.000000
-0.070957 0.153036 0.422050 125.000000 124.000000 117.000000
-0.064458 0.153905 0.424350 127.000000 123.000000 119.000000
-0.058162 0.155524 0.428720 129.000000 124.000000 124.000000
-0.051664 0.156974 0.432630 123.000000 119.000000 114.000000
-0.045083 0.158589 0.437000 130.000000 119.000000 118.000000
-0.038296 0.159951 0.440680 127.000000 119.000000 115.000000
-0.031370 0.161225 0.444130 126.000000 117.000000 116.000000
-0.024366 0.162746 0.448270 121.000000 115.000000 110.000000
-0.017207 0.164096 0.451950 122.000000 116.000000 114.000000
-0.009947 0.165774 0.456550 116.000000 113.000000 116.000000
-0.002532 0.167113 0.460230 120.000000 115.000000 114.000000
0.005011 0.168697 0.464600 127.000000 114.000000 110.000000
0.012696 0.170276 0.468970 122.000000 113.000000 111.000000
0.020491 0.171598 0.472650 126.000000 120.000000 113.000000
0.028445 0.173165 0.477020 123.000000 112.000000 111.000000
0.036573 0.174894 0.481850 124.000000 109.000000 114.000000
0.044939 0.176952 0.487600 121.000000 110.000000 107.000000
0.053264 0.178253 0.491280 121.000000 111.000000 103.000000
0.061932 0.180218 0.496800 117.000000 110.000000 108.000000
0.070613 0.181761 0.501170 117.000000 109.000000 103.000000
0.079683 0.183886 0.507150 121.000000 110.000000 105.000000
0.088663 0.185424 0.511520 116.000000 111.000000 113.000000
0.097779 0.186962 0.515890 111.000000 104.000000 102.000000
0.107222 0.188832 0.521180 123.000000 108.000000 104.000000
0.117087 0.191121 0.527620 119.000000 107.000000 109.000000
0.126830 0.192912 0.532680 116.000000 107.000000 94.000000
0.136852 0.194874 0.538200 114.000000 108.000000 103.000000
0.147364 0.197258 0.544870 119.000000 106.000000 101.000000
0.157369 0.198734 0.549010 122.000000 105.000000 97.000000
0.168490 0.201387 0.556370 116.000000 103.000000 96.000000
0.179343 0.203468 0.562120 117.000000 102.000000 96.000000
0.190165 0.205316 0.567180 114.000000 103.000000 87.000000
0.201653 0.207681 0.573620 113.000000 106.000000 97.000000
0.213542 0.210235 0.580520 112.000000 105.000000 94.000000
0.224802 0.211981 0.585120 116.000000 107.000000 92.000000
0.237723 0.215091 0.593400 111.000000 103.000000 95.000000
0.251344 0.218569 0.602600 116.000000 103.000000 96.000000
0.264227 0.221170 0.609270 113.000000 102.000000 87.000000
0.277190 0.223651 0.615480 102.000000 99.000000 89.000000
0.291085 0.226687 0.623070 113.000000 103.000000 93.000000
0.306223 0.230457 0.632500 105.000000 97.000000 91.000000
