239.000000 45.000000 -0.137270 -0.310853
314.000000 66.000000 -0.015293 -0.277819
175.000000 81.000000 -0.241341 -0.252359
628.000000 90.000000 0.493922 -0.236715
620.000000 91.000000 0.480697 -0.234996
636.000000 93.000000 0.507166 -0.231968
636.000000 95.000000 0.507133 -0.228719
628.000000 96.000000 0.493843 -0.226980
275.000000 104.000000 -0.079196 -0.216620
342.000000 104.000000 0.030541 -0.216755
608.000000 104.000000 0.460959 -0.213889
592.000000 105.000000 0.434970 -0.212276
564.000000 108.000000 0.389845 -0.207609
570.000000 108.000000 0.399493 -0.207558
558.000000 109.000000 0.380217 -0.206056
545.000000 110.000000 0.359369 -0.204590
551.000000 110.000000 0.368993 -0.204520
632.000000 110.000000 0.500300 -0.204331
585.000000 111.000000 0.423678 -0.202627
588.000000 111.000000 0.428522 -0.202613
579.000000 112.000000 0.414010 -0.201049
631.000000 112.000000 0.498628 -0.201081
568.000000 113.000000 0.396318 -0.199520
545.000000 115.000000 0.359429 -0.196540
550.000000 115.000000 0.367445 -0.196481
251.000000 118.000000 -0.118533 -0.193811
464.000000 120.000000 0.229382 -0.189665
274.000000 121.000000 -0.080949 -0.189144
445.000000 122.000000 0.198691 -0.186713
328.000000 125.000000 0.007621 -0.182823
276.000000 126.000000 -0.077705 -0.181058
308.000000 126.000000 -0.025216 -0.181191
322.000000 126.000000 -0.002230 -0.181205
311.000000 128.000000 -0.020294 -0.177953
388.000000 129.000000 0.106002 -0.176046
314.000000 131.000000 -0.015371 -0.173088
358.000000 132.000000 0.056884 -0.171382
185.000000 133.000000 -0.225977 -0.168743
346.000000 133.000000 0.037193 -0.169807
144.000000 134.000000 -0.292061 -0.166549
152.000000 134.000000 -0.279200 -0.166661
158.000000 134.000000 -0.269546 -0.166746
189.000000 134.000000 -0.219522 -0.167180
375.000000 134.000000 0.084765 -0.168036
377.000000 134.000000 0.088041 -0.168022
141.000000 135.000000 -0.296895 -0.164891
156.000000 135.000000 -0.272779 -0.165102
308.000000 135.000000 -0.025233 -0.166583
331.000000 135.000000 0.012559 -0.166591
387.000000 135.000000 0.104416 -0.166323
355.000000 136.000000 0.051979 -0.164900
379.000000 136.000000 0.091330 -0.164761
17.000000 137.000000 -0.496830 -0.160722
20.000000 137.000000 -0.491903 -0.160711
368.000000 137.000000 0.073312 -0.163209
371.000000 137.000000 0.078230 -0.163191
315.000000 138.000000 -0.013735 -0.161718
330.000000 139.000000 0.010920 -0.160091
17.000000 141.000000 -0.496814 -0.154251
378.000000 141.000000 0.089728 -0.156645
324.000000 142.000000 0.001058 -0.155215
372.000000 142.000000 0.079900 -0.155058
22.000000 144.000000 -0.488608 -0.149386
304.000000 144.000000 -0.031825 -0.151939
388.000000 145.000000 0.106132 -0.150068
373.000000 146.000000 0.081564 -0.148545
381.000000 146.000000 0.094677 -0.148493
20.000000 147.000000 -0.491877 -0.144539
324.000000 148.000000 0.001060 -0.145445
92.000000 149.000000 -0.375633 -0.141679
18.000000 150.000000 -0.495148 -0.139692
23.000000 150.000000 -0.486964 -0.139685
335.000000 150.000000 0.019155 -0.142176
390.000000 150.000000 0.109444 -0.141918
358.000000 151.000000 0.056969 -0.140480
340.000000 152.000000 0.027383 -0.138907
373.000000 152.000000 0.081600 -0.138775
20.000000 153.000000 -0.491868 -0.134838
364.000000 155.000000 0.066843 -0.133933
23.000000 157.000000 -0.486961 -0.128370
342.000000 158.000000 0.030686 -0.129114
345.000000 158.000000 0.035621 -0.129107
350.000000 160.000000 0.043851 -0.125828
343.000000 161.000000 0.032338 -0.124214
22.000000 162.000000 -0.488594 -0.120288
23.000000 164.000000 -0.486963 -0.117056
22.000000 169.000000 -0.488597 -0.108974
350.000000 169.000000 0.043877 -0.111121
20.000000 171.000000 -0.491862 -0.105740
23.000000 172.000000 -0.486969 -0.104126
20.000000 173.000000 -0.491863 -0.102507
343.000000 173.000000 0.032363 -0.104594
326.000000 176.000000 0.004361 -0.099701
21.000000 177.000000 -0.490235 -0.096042
24.000000 179.000000 -0.485350 -0.092813
339.000000 179.000000 0.025785 -0.094775
21.000000 181.000000 -0.490240 -0.089576
343.000000 184.000000 0.032383 -0.086574
20.000000 185.000000 -0.491875 -0.083109
25.000000 185.000000 -0.483734 -0.083117
343.000000 187.000000 0.032388 -0.081655
21.000000 188.000000 -0.490250 -0.078261
326.000000 188.000000 0.004365 -0.080030
338.000000 194.000000 0.024156 -0.070174
21.000000 195.000000 -0.490262 -0.066945
325.000000 197.000000 0.002718 -0.065256
330.000000 197.000000 0.010965 -0.065254
21.000000 198.000000 -0.490268 -0.062095
25.000000 199.000000 -0.483765 -0.060487
20.000000 202.000000 -0.491905 -0.055626
326.000000 202.000000 0.004368 -0.057041
339.000000 202.000000 0.025813 -0.057033
328.000000 203.000000 0.007668 -0.055396
203.000000 204.000000 -0.197509 -0.053392
20.000000 206.000000 -0.491913 -0.049158
25.000000 206.000000 -0.483783 -0.049170
208.000000 207.000000 -0.189396 -0.048511
187.000000 208.000000 -0.223489 -0.046767
199.000000 208.000000 -0.204028 -0.046830
337.000000 208.000000 0.022519 -0.047172
20.000000 209.000000 -0.491920 -0.044307
22.000000 209.000000 -0.488666 -0.044312
201.000000 209.000000 -0.200785 -0.045205
193.000000 210.000000 -0.213775 -0.043530
206.000000 210.000000 -0.192663 -0.043593
213.000000 210.000000 -0.181271 -0.043625
200.000000 211.000000 -0.202419 -0.041929
209.000000 211.000000 -0.187787 -0.041970
191.000000 212.000000 -0.217027 -0.040251
21.000000 213.000000 -0.490302 -0.037842
25.000000 213.000000 -0.483801 -0.037852
206.000000 213.000000 -0.192676 -0.038683
208.000000 213.000000 -0.189423 -0.038692
211.000000 213.000000 -0.184541 -0.038704
341.000000 213.000000 0.029122 -0.038946
212.000000 215.000000 -0.182920 -0.035433
23.000000 216.000000 -0.487058 -0.032996
348.000000 216.000000 0.040670 -0.034005
209.000000 217.000000 -0.187812 -0.032147
212.000000 217.000000 -0.182928 -0.032158
31.000000 218.000000 -0.474089 -0.029784
86.000000 218.000000 -0.385756 -0.029986
202.000000 218.000000 -0.199199 -0.030484
212.000000 219.000000 -0.182935 -0.028882
30.000000 220.000000 -0.475713 -0.026547
33.000000 220.000000 -0.470859 -0.026555
196.000000 220.000000 -0.208950 -0.027189
210.000000 221.000000 -0.186198 -0.025599
212.000000 221.000000 -0.182941 -0.025605
23.000000 223.000000 -0.487076 -0.021676
27.000000 223.000000 -0.480583 -0.021687
209.000000 223.000000 -0.187831 -0.022320
212.000000 223.000000 -0.182947 -0.022329
61.000000 224.000000 -0.425802 -0.020175
84.000000 224.000000 -0.388977 -0.020254
169.000000 224.000000 -0.252660 -0.020559
26.000000 225.000000 -0.482211 -0.018449
203.000000 225.000000 -0.197596 -0.019028
206.000000 225.000000 -0.192718 -0.019036
341.000000 225.000000 0.029129 -0.019199
192.000000 226.000000 -0.215458 -0.017361
194.000000 226.000000 -0.212214 -0.017366
201.000000 226.000000 -0.200849 -0.017385
21.000000 227.000000 -0.490338 -0.015201
209.000000 227.000000 -0.187842 -0.015767
211.000000 227.000000 -0.184586 -0.015772
203.000000 228.000000 -0.197604 -0.014115
337.000000 228.000000 0.022530 -0.014262
47.000000 229.000000 -0.448304 -0.012040
67.000000 229.000000 -0.416201 -0.012099
199.000000 229.000000 -0.204105 -0.012469
212.000000 229.000000 -0.182962 -0.012497
23.000000 230.000000 -0.487095 -0.010354
63.000000 230.000000 -0.422614 -0.010468
187.000000 230.000000 -0.223573 -0.010806
208.000000 230.000000 -0.189476 -0.010850
27.000000 231.000000 -0.480606 -0.008748
56.000000 231.000000 -0.433846 -0.008829
193.000000 231.000000 -0.213849 -0.009183
206.000000 231.000000 -0.192732 -0.009208
210.000000 231.000000 -0.186223 -0.009216
213.000000 231.000000 -0.181337 -0.009221
343.000000 231.000000 0.032432 -0.009321
215.000000 232.000000 -0.178080 -0.007585
327.000000 232.000000 0.006023 -0.007677
35.000000 233.000000 -0.467663 -0.005535
197.000000 233.000000 -0.207361 -0.005917
204.000000 233.000000 -0.195988 -0.005929
213.000000 233.000000 -0.181340 -0.005943
344.000000 233.000000 0.034083 -0.006027
48.000000 234.000000 -0.446710 -0.003953
64.000000 234.000000 -0.421022 -0.003995
193.000000 234.000000 -0.213854 -0.004274
340.000000 234.000000 0.027482 -0.004382
36.000000 235.000000 -0.466053 -0.002302
57.000000 235.000000 -0.432252 -0.002358
67.000000 235.000000 -0.416218 -0.002383
205.000000 235.000000 -0.194365 -0.002654
212.000000 235.000000 -0.182972 -0.002663
28.000000 236.000000 -0.478998 -0.000663
74.000000 236.000000 -0.405011 -0.000780
185.000000 236.000000 -0.226823 -0.000990
195.000000 236.000000 -0.210612 -0.001003
197.000000 236.000000 -0.207366 -0.001006
216.000000 236.000000 -0.176455 -0.001029
38.000000 237.000000 -0.462829 0.000928
40.000000 237.000000 -0.459602 0.000922
48.000000 237.000000 -0.446717 0.000902
82.000000 237.000000 -0.392213 0.000822
179.000000 237.000000 -0.236534 0.000653
208.000000 237.000000 -0.189487 0.000619
36.000000 238.000000 -0.466061 0.002551
201.000000 238.000000 -0.200871 0.002264
53.000000 239.000000 -0.438685 0.004126
83.000000 239.000000 -0.390618 0.004062
172.000000 239.000000 -0.247850 0.003930
197.000000 239.000000 -0.207369 0.003905
337.000000 239.000000 0.022532 0.003852
66.000000 240.000000 -0.417831 0.005717
182.000000 240.000000 -0.231684 0.005554
204.000000 240.000000 -0.195996 0.005538
22.000000 241.000000 -0.488751 0.007442
41.000000 241.000000 -0.458000 0.007392
315.000000 241.000000 -0.013789 0.007146
59.000000 242.000000 -0.429059 0.008969
63.000000 242.000000 -0.422644 0.008961
75.000000 242.000000 -0.403423 0.008939
79.000000 242.000000 -0.397022 0.008932
174.000000 242.000000 -0.244622 0.008829
180.000000 242.000000 -0.234922 0.008826
188.000000 242.000000 -0.221969 0.008821
201.000000 242.000000 -0.200874 0.008815
57.000000 243.000000 -0.432270 0.010592
65.000000 243.000000 -0.419440 0.010577
85.000000 243.000000 -0.387426 0.010544
340.000000 243.000000 0.027483 0.010440
24.000000 244.000000 -0.485510 0.012290
38.000000 244.000000 -0.462847 0.012253
195.000000 244.000000 -0.210618 0.012092
197.000000 244.000000 -0.207371 0.012091
204.000000 245.000000 -0.195998 0.013728
85.000000 246.000000 -0.387430 0.015408
178.000000 246.000000 -0.238158 0.015365
185.000000 246.000000 -0.226830 0.015365
189.000000 246.000000 -0.220349 0.015365
329.000000 246.000000 0.009326 0.015381
340.000000 246.000000 0.027483 0.015380
22.000000 248.000000 -0.488771 0.018767
42.000000 248.000000 -0.456404 0.018716
46.000000 248.000000 -0.449961 0.018708
88.000000 248.000000 -0.382634 0.018648
182.000000 248.000000 -0.231686 0.018635
79.000000 249.000000 -0.397032 0.020278
315.000000 249.000000 -0.013789 0.020322
332.000000 249.000000 0.014278 0.020322
338.000000 249.000000 0.024182 0.020321
28.000000 250.000000 -0.479036 0.021986
34.000000 250.000000 -0.469323 0.021971
48.000000 250.000000 -0.446746 0.021940
173.000000 250.000000 -0.246237 0.021899
182.000000 250.000000 -0.231685 0.021905
25.000000 251.000000 -0.483906 0.023612
32.000000 251.000000 -0.472560 0.023594
315.000000 251.000000 -0.013788 0.023616
328.000000 251.000000 0.007674 0.023616
175.000000 252.000000 -0.243005 0.025169
31.000000 253.000000 -0.474184 0.026832
315.000000 253.000000 -0.013788 0.026910
23.000000 254.000000 -0.487164 0.028472
333.000000 254.000000 0.015928 0.028556
340.000000 254.000000 0.027482 0.028554
29.000000 255.000000 -0.477429 0.030074
174.000000 255.000000 -0.244617 0.030069
314.000000 256.000000 -0.015439 0.031850
24.000000 257.000000 -0.485547 0.033324
167.000000 257.000000 -0.255916 0.033325
331.000000 257.000000 0.012626 0.033497
339.000000 257.000000 0.025831 0.033494
169.000000 260.000000 -0.252683 0.038227
342.000000 260.000000 0.030780 0.038432
24.000000 261.000000 -0.485559 0.039797
133.000000 261.000000 -0.310598 0.039788
635.000000 261.000000 0.505119 0.039814
27.000000 262.000000 -0.480691 0.041407
25.000000 264.000000 -0.483944 0.044649
28.000000 267.000000 -0.479082 0.049496
314.000000 267.000000 -0.015437 0.049960
308.000000 269.000000 -0.025338 0.053249
349.000000 269.000000 0.042321 0.053240
331.000000 277.000000 0.012620 0.066413
336.000000 277.000000 0.020870 0.066411
345.000000 277.000000 0.035716 0.066403
99.000000 278.000000 -0.365009 0.067329
321.000000 279.000000 -0.003882 0.069704
332.000000 281.000000 0.014268 0.072991
342.000000 282.000000 0.030763 0.074627
633.000000 283.000000 0.501948 0.075402
312.000000 284.000000 -0.018730 0.077922
321.000000 284.000000 -0.003882 0.077925
342.000000 285.000000 0.030760 0.079557
355.000000 285.000000 0.052189 0.079538
360.000000 285.000000 0.060425 0.079528
576.000000 287.000000 0.409978 0.081808
585.000000 287.000000 0.424398 0.081794
591.000000 287.000000 0.434025 0.081789
604.000000 287.000000 0.454935 0.081792
607.000000 287.000000 0.459772 0.081795
612.000000 287.000000 0.467847 0.081804
619.000000 287.000000 0.479180 0.081821
626.000000 287.000000 0.490552 0.081845
31.000000 288.000000 -0.474273 0.083481
319.000000 289.000000 -0.007181 0.086142
315.000000 290.000000 -0.013779 0.087783
28.000000 291.000000 -0.479153 0.088347
30.000000 291.000000 -0.475904 0.088341
313.000000 291.000000 -0.017077 0.089425
634.000000 291.000000 0.503625 0.088358
403.000000 293.000000 0.131020 0.092502
631.000000 293.000000 0.498731 0.091580
27.000000 294.000000 -0.480789 0.093208
464.000000 294.000000 0.230278 0.093768
478.000000 294.000000 0.252886 0.093672
252.000000 296.000000 -0.117448 0.097472
464.000000 296.000000 0.230264 0.097030
31.000000 297.000000 -0.474298 0.098053
26.000000 298.000000 -0.482431 0.099690
34.000000 298.000000 -0.469433 0.099664
387.000000 298.000000 0.104774 0.100770
389.000000 298.000000 0.108055 0.100761
211.000000 299.000000 -0.184423 0.102150
252.000000 299.000000 -0.117434 0.102387
264.000000 299.000000 -0.097742 0.102440
541.000000 299.000000 0.353949 0.101384
598.000000 299.000000 0.445276 0.101206
268.000000 300.000000 -0.091167 0.104095
535.000000 300.000000 0.344344 0.103041
595.000000 300.000000 0.440448 0.102825
601.000000 300.000000 0.450109 0.102825
537.000000 301.000000 0.347538 0.104651
384.000000 302.000000 0.099832 0.107337
599.000000 302.000000 0.446887 0.106061
214.000000 303.000000 -0.179511 0.108707
389.000000 303.000000 0.108031 0.108951
5.000000 304.000000 -0.516888 0.109545
395.000000 304.000000 0.117862 0.110557
448.000000 304.000000 0.204290 0.110200
467.000000 304.000000 0.235054 0.110049
222.000000 305.000000 -0.166460 0.112030
270.000000 305.000000 -0.087861 0.112296
272.000000 305.000000 -0.084574 0.112304
389.000000 305.000000 0.108021 0.112225
403.000000 305.000000 0.130955 0.112148
595.000000 305.000000 0.440446 0.110916
389.000000 307.000000 0.108011 0.115499
506.000000 307.000000 0.297829 0.114610
511.000000 307.000000 0.305852 0.114570
530.000000 307.000000 0.336296 0.114427
534.000000 307.000000 0.342699 0.114400
411.000000 308.000000 0.144017 0.117003
423.000000 308.000000 0.163602 0.116920
425.000000 308.000000 0.166862 0.116905
431.000000 308.000000 0.176634 0.116860
438.000000 309.000000 0.188012 0.118438
457.000000 309.000000 0.218836 0.118280
462.000000 309.000000 0.226928 0.118237
392.000000 310.000000 0.112912 0.120391
398.000000 310.000000 0.122741 0.120356
474.000000 310.000000 0.246307 0.119761
483.000000 310.000000 0.260820 0.119682
490.000000 310.000000 0.272091 0.119620
493.000000 310.000000 0.276917 0.119594
502.000000 310.000000 0.291382 0.119516
416.000000 311.000000 0.152161 0.121871
438.000000 311.000000 0.187996 0.121701
516.000000 311.000000 0.313838 0.121023
518.000000 311.000000 0.317044 0.121007
524.000000 311.000000 0.326658 0.120960
528.000000 311.000000 0.333065 0.120929
530.000000 311.000000 0.336267 0.120914
535.000000 311.000000 0.344272 0.120878
391.000000 313.000000 0.111256 0.125303
403.000000 313.000000 0.130905 0.125229
499.000000 313.000000 0.286536 0.124416
252.000000 314.000000 -0.117354 0.126935
259.000000 314.000000 -0.105878 0.126974
459.000000 314.000000 0.222029 0.126408
467.000000 314.000000 0.234967 0.126335
474.000000 314.000000 0.246271 0.126270
510.000000 314.000000 0.304190 0.125943
541.000000 314.000000 0.353855 0.125698
545.000000 314.000000 0.360257 0.125672
389.000000 315.000000 0.107967 0.128585
395.000000 315.000000 0.117798 0.128549
402.000000 315.000000 0.129256 0.128503
408.000000 315.000000 0.139067 0.128462
413.000000 315.000000 0.147235 0.128426
421.000000 315.000000 0.160288 0.128365
426.000000 315.000000 0.168437 0.128325
478.000000 315.000000 0.252715 0.127860
538.000000 315.000000 0.349046 0.127340
415.000000 316.000000 0.150492 0.130044
445.000000 316.000000 0.199322 0.129793
515.000000 316.000000 0.312192 0.129145
524.000000 316.000000 0.326618 0.129069
544.000000 316.000000 0.358643 0.128918
387.000000 317.000000 0.104676 0.131866
428.000000 317.000000 0.171678 0.131571
437.000000 317.000000 0.186319 0.131494
533.000000 317.000000 0.341026 0.130619
535.000000 317.000000 0.344228 0.130603
443.000000 318.000000 0.196057 0.133071
471.000000 318.000000 0.241391 0.132806
499.000000 318.000000 0.286490 0.132536
246.000000 319.000000 -0.127150 0.135068
392.000000 319.000000 0.112859 0.135103
397.000000 319.000000 0.121047 0.135071
468.000000 319.000000 0.236536 0.134462
475.000000 319.000000 0.247837 0.134393
514.000000 319.000000 0.310562 0.134021
526.000000 319.000000 0.329798 0.133917
535.000000 319.000000 0.344213 0.133844
545.000000 319.000000 0.360223 0.133771
403.000000 320.000000 0.130857 0.136662
412.000000 320.000000 0.145564 0.136595
415.000000 320.000000 0.150461 0.136572
503.000000 321.000000 0.292888 0.137368
391.000000 322.000000 0.111201 0.140010
426.000000 322.000000 0.168378 0.139742
482.000000 322.000000 0.259095 0.139200
489.000000 322.000000 0.270369 0.139129
499.000000 322.000000 0.286452 0.139030
546.000000 322.000000 0.361804 0.138623
388.000000 323.000000 0.106280 0.141661
420.000000 323.000000 0.158593 0.141424
423.000000 323.000000 0.163482 0.141398
433.000000 323.000000 0.179762 0.141309
440.000000 323.000000 0.191139 0.141244
507.000000 323.000000 0.299292 0.140575
391.000000 324.000000 0.111189 0.143275
401.000000 324.000000 0.127557 0.143206
412.000000 324.000000 0.145532 0.143121
426.000000 324.000000 0.168361 0.143002
437.000000 324.000000 0.186256 0.142901
466.000000 324.000000 0.233254 0.142614
469.000000 324.000000 0.238101 0.142583
534.000000 324.000000 0.342572 0.141953
414.000000 325.000000 0.148789 0.144735
420.000000 325.000000 0.158576 0.144684
443.000000 325.000000 0.195991 0.144472
395.000000 326.000000 0.117725 0.146512
433.000000 326.000000 0.179734 0.146196
441.000000 326.000000 0.192735 0.146119
512.000000 326.000000 0.307288 0.145392
521.000000 326.000000 0.321723 0.145307
437.000000 327.000000 0.186227 0.147786
391.000000 328.000000 0.111162 0.149802
428.000000 328.000000 0.171580 0.149500
431.000000 328.000000 0.176462 0.149472
471.000000 328.000000 0.241289 0.149063
485.000000 328.000000 0.263866 0.148914
487.000000 328.000000 0.267087 0.148892
387.000000 329.000000 0.104603 0.151460
401.000000 329.000000 0.127520 0.151361
408.000000 329.000000 0.138960 0.151306
412.000000 329.000000 0.145491 0.151272
414.000000 329.000000 0.148755 0.151255
437.000000 329.000000 0.186208 0.151042
443.000000 329.000000 0.195952 0.150982
493.000000 329.000000 0.276733 0.150452
501.000000 329.000000 0.289596 0.150368
244.000000 330.000000 -0.130344 0.153003
246.000000 330.000000 -0.127073 0.153018
420.000000 330.000000 0.158531 0.152832
487.000000 330.000000 0.267066 0.152139
509.000000 330.000000 0.302434 0.151907
425.000000 331.000000 0.166668 0.154414
452.000000 331.000000 0.210526 0.154142
495.000000 331.000000 0.279929 0.153675
465.000000 332.000000 0.231553 0.155627
468.000000 332.000000 0.236401 0.155594
499.000000 332.000000 0.286350 0.155254
507.000000 332.000000 0.299202 0.155170
390.000000 333.000000 0.109490 0.157963
397.000000 333.000000 0.120947 0.157912
401.000000 333.000000 0.127489 0.157881
441.000000 333.000000 0.192664 0.157510
485.000000 333.000000 0.263812 0.157029
487.000000 333.000000 0.267033 0.157007
412.000000 334.000000 0.145448 0.159417
414.000000 334.000000 0.148711 0.159400
420.000000 335.000000 0.158485 0.160972
422.000000 335.000000 0.161744 0.160953
443.000000 335.000000 0.195890 0.160741
445.000000 335.000000 0.199135 0.160719
468.000000 335.000000 0.236367 0.160466
499.000000 335.000000 0.286317 0.160119
448.000000 336.000000 0.203989 0.162312
450.000000 336.000000 0.207231 0.162291
482.000000 336.000000 0.258945 0.161930
514.000000 336.000000 0.310398 0.161580
518.000000 336.000000 0.316816 0.161539
390.000000 337.000000 0.109461 0.164481
395.000000 337.000000 0.117645 0.164444
466.000000 337.000000 0.233113 0.163736
529.000000 337.000000 0.334446 0.163051
546.000000 337.000000 0.361693 0.162906
402.000000 338.000000 0.129083 0.166016
411.000000 338.000000 0.143781 0.165938
414.000000 338.000000 0.148675 0.165911
452.000000 338.000000 0.210450 0.165518
465.000000 339.000000 0.231474 0.166994
474.000000 339.000000 0.246009 0.166889
492.000000 339.000000 0.275014 0.166681
277.000000 340.000000 -0.076202 0.169513
282.000000 340.000000 -0.067993 0.169537
293.000000 340.000000 -0.049922 0.169580
420.000000 340.000000 0.158437 0.169107
468.000000 340.000000 0.236310 0.168582
500.000000 340.000000 0.287870 0.168211
510.000000 340.000000 0.303935 0.168101
522.000000 340.000000 0.323192 0.167976
544.000000 340.000000 0.358464 0.167776
546.000000 340.000000 0.361670 0.167761
287.000000 341.000000 -0.059777 0.171187
310.000000 341.000000 -0.021970 0.171250
344.000000 341.000000 0.033948 0.171229
417.000000 341.000000 0.153539 0.170762
448.000000 341.000000 0.203934 0.170435
454.000000 341.000000 0.213656 0.170367
470.000000 341.000000 0.239529 0.170181
275.000000 342.000000 -0.079474 0.172760
315.000000 342.000000 -0.013746 0.172885
321.000000 342.000000 -0.003877 0.172887
327.000000 342.000000 0.005991 0.172886
389.000000 342.000000 0.107788 0.172629
397.000000 342.000000 0.120876 0.172567
467.000000 342.000000 0.234671 0.171838
480.000000 342.000000 0.255652 0.171685
411.000000 343.000000 0.143735 0.174072
413.000000 343.000000 0.146997 0.174053
439.000000 343.000000 0.189310 0.173784
499.000000 343.000000 0.286228 0.173083
424.000000 344.000000 0.164912 0.175569
449.000000 344.000000 0.205521 0.175295
452.000000 344.000000 0.210382 0.175260
513.000000 344.000000 0.308708 0.174546
233.000000 345.000000 -0.148187 0.177330
416.000000 345.000000 0.151870 0.177275
471.000000 345.000000 0.241096 0.176657
546.000000 345.000000 0.361631 0.175850
556.000000 345.000000 0.377672 0.175778
239.000000 346.000000 -0.138384 0.179011
389.000000 346.000000 0.107758 0.179137
394.000000 346.000000 0.115938 0.179098
452.000000 346.000000 0.210358 0.178506
493.000000 346.000000 0.276542 0.178013
235.000000 347.000000 -0.144905 0.180600
362.000000 347.000000 0.063495 0.180933
400.000000 347.000000 0.125738 0.180674
407.000000 347.000000 0.137170 0.180611
411.000000 347.000000 0.143697 0.180574
427.000000 347.000000 0.169763 0.180411
440.000000 347.000000 0.190889 0.180268
458.000000 347.000000 0.220060 0.180056
466.000000 347.000000 0.232996 0.179960
469.000000 347.000000 0.237842 0.179923
371.000000 348.000000 0.078255 0.182512
413.000000 348.000000 0.146949 0.182179
447.000000 348.000000 0.202232 0.181809
451.000000 348.000000 0.208715 0.181762
500.000000 348.000000 0.287778 0.181170
388.000000 349.000000 0.106099 0.184023
420.000000 349.000000 0.158347 0.183733
477.000000 349.000000 0.250730 0.183067
479.000000 349.000000 0.253955 0.183042
485.000000 349.000000 0.263626 0.182969
495.000000 349.000000 0.279725 0.182848
505.000000 349.000000 0.295803 0.182730
513.000000 349.000000 0.308654 0.182640
548.000000 349.000000 0.364808 0.182305
554.000000 349.000000 0.374436 0.182262
386.000000 350.000000 0.102818 0.185664
492.000000 350.000000 0.274885 0.184503
531.000000 350.000000 0.337530 0.184071
533.000000 350.000000 0.340738 0.184051
359.000000 351.000000 0.058553 0.187453
367.000000 351.000000 0.071678 0.187413
389.000000 351.000000 0.107719 0.187266
393.000000 351.000000 0.114262 0.187234
399.000000 351.000000 0.124070 0.187183
424.000000 351.000000 0.164838 0.186938
439.000000 351.000000 0.189219 0.186770
500.000000 351.000000 0.287743 0.186026
506.000000 351.000000 0.297387 0.185956
410.000000 352.000000 0.142018 0.188705
413.000000 352.000000 0.146910 0.188675
467.000000 352.000000 0.234550 0.188052
473.000000 352.000000 0.244239 0.187977
556.000000 352.000000 0.377627 0.187101
393.000000 353.000000 0.114246 0.190483
447.000000 353.000000 0.202173 0.189919
484.000000 353.000000 0.261965 0.189459
488.000000 353.000000 0.268409 0.189409
441.000000 354.000000 0.192430 0.191612
449.000000 354.000000 0.205402 0.191516
466.000000 354.000000 0.232910 0.191305
179.000000 355.000000 -0.235777 0.192960
375.000000 355.000000 0.084769 0.193865
388.000000 355.000000 0.106052 0.193771
417.000000 355.000000 0.153398 0.193503
451.000000 355.000000 0.208630 0.193112
473.000000 355.000000 0.244201 0.192836
476.000000 355.000000 0.249042 0.192798
480.000000 355.000000 0.255493 0.192747
483.000000 355.000000 0.260329 0.192710
488.000000 355.000000 0.268384 0.192647
498.000000 355.000000 0.284478 0.192524
514.000000 355.000000 0.310193 0.192336
516.000000 355.000000 0.313405 0.192314
563.000000 355.000000 0.388855 0.191913
164.000000 356.000000 -0.259989 0.194395
399.000000 356.000000 0.124025 0.195302
490.000000 356.000000 0.271592 0.194241
522.000000 356.000000 0.323027 0.193867
525.000000 356.000000 0.327842 0.193835
533.000000 356.000000 0.340681 0.193756
193.000000 357.000000 -0.213093 0.196371
312.000000 357.000000 -0.018661 0.197286
371.000000 357.000000 0.078202 0.197138
410.000000 357.000000 0.141968 0.196819
413.000000 357.000000 0.146859 0.196789
467.000000 357.000000 0.234487 0.196151
474.000000 357.000000 0.245790 0.196061
499.000000 357.000000 0.286063 0.195748
502.000000 357.000000 0.290887 0.195711
518.000000 357.000000 0.316594 0.195527
378.000000 358.000000 0.089662 0.198716
385.000000 358.000000 0.101121 0.198665
388.000000 358.000000 0.106028 0.198641
491.000000 358.000000 0.273177 0.197464
510.000000 358.000000 0.303733 0.197234
238.000000 359.000000 -0.139896 0.200112
295.000000 359.000000 -0.046573 0.200494
419.000000 359.000000 0.156613 0.199969
498.000000 359.000000 0.284430 0.198995
527.000000 359.000000 0.331022 0.198666
531.000000 359.000000 0.337443 0.198626
543.000000 359.000000 0.356705 0.198518
280.000000 360.000000 -0.071177 0.202052
389.000000 360.000000 0.107647 0.201878
394.000000 360.000000 0.115821 0.201836
478.000000 360.000000 0.252204 0.200866
484.000000 360.000000 0.261877 0.200789
507.000000 360.000000 0.298889 0.200504
573.000000 360.000000 0.404926 0.199960
578.000000 360.000000 0.412986 0.199948
180.000000 361.000000 -0.234086 0.202689
287.000000 361.000000 -0.059692 0.203709
299.000000 361.000000 -0.040001 0.203754
400.000000 361.000000 0.125612 0.203404
407.000000 361.000000 0.137036 0.203336
410.000000 361.000000 0.141928 0.203306
413.000000 361.000000 0.146818 0.203275
491.000000 361.000000 0.273140 0.202318
513.000000 361.000000 0.308519 0.202051
520.000000 361.000000 0.319762 0.201973
542.000000 361.000000 0.355083 0.201760
557.000000 361.000000 0.379177 0.201651
560.000000 361.000000 0.384000 0.201633
565.000000 361.000000 0.392042 0.201608
582.000000 361.000000 0.419440 0.201561
631.000000 361.000000 0.499362 0.201883
147.000000 362.000000 -0.287314 0.203899
282.000000 362.000000 -0.067888 0.205308
384.000000 362.000000 0.099454 0.205162
467.000000 362.000000 0.234423 0.204245
477.000000 362.000000 0.250566 0.204115
567.000000 362.000000 0.395256 0.203217
159.000000 363.000000 -0.267967 0.205663
239.000000 363.000000 -0.138226 0.206607
299.000000 363.000000 -0.039995 0.207000
359.000000 363.000000 0.058496 0.206942
485.000000 363.000000 0.263450 0.205629
278.000000 364.000000 -0.074434 0.208531
384.000000 364.000000 0.099438 0.208405
419.000000 364.000000 0.156558 0.208072
498.000000 364.000000 0.284368 0.207081
561.000000 364.000000 0.385592 0.206480
565.000000 364.000000 0.392029 0.206461
567.000000 364.000000 0.395248 0.206453
281.000000 365.000000 -0.069511 0.210169
395.000000 365.000000 0.117411 0.209934
399.000000 365.000000 0.123943 0.209897
473.000000 365.000000 0.244073 0.209020
512.000000 365.000000 0.306866 0.208529
569.000000 365.000000 0.398466 0.208063
234.000000 366.000000 -0.146351 0.211419
356.000000 366.000000 0.053563 0.211822
409.000000 366.000000 0.140247 0.211419
412.000000 366.000000 0.145136 0.211387
481.000000 366.000000 0.256964 0.210532
488.000000 366.000000 0.268245 0.210441
492.000000 366.000000 0.274686 0.210390
564.000000 366.000000 0.390410 0.209701
168.000000 367.000000 -0.253397 0.212246
231.000000 367.000000 -0.151230 0.213007
239.000000 367.000000 -0.138187 0.213089
289.000000 367.000000 -0.056386 0.213450
314.000000 367.000000 -0.015366 0.213518
386.000000 367.000000 0.102685 0.213252
498.000000 367.000000 0.284331 0.211931
295.000000 368.000000 -0.046542 0.215095
303.000000 368.000000 -0.033417 0.215119
147.000000 369.000000 -0.287231 0.215219
199.000000 369.000000 -0.203221 0.215875
293.000000 369.000000 -0.049818 0.216708
347.000000 369.000000 0.038791 0.216720
387.000000 369.000000 0.104304 0.216483
390.000000 369.000000 0.109207 0.216458
525.000000 369.000000 0.327708 0.214851
560.000000 369.000000 0.383958 0.214572
564.000000 369.000000 0.390397 0.214553
214.000000 370.000000 -0.178860 0.217674
282.000000 370.000000 -0.067846 0.218278
353.000000 370.000000 0.048626 0.218318
398.000000 370.000000 0.122263 0.218005
405.000000 370.000000 0.133684 0.217937
422.000000 370.000000 0.161373 0.217752
466.000000 370.000000 0.232703 0.217197
495.000000 370.000000 0.279465 0.216817
541.000000 370.000000 0.353402 0.216317
567.000000 370.000000 0.395226 0.216160
173.000000 371.000000 -0.245272 0.218778
227.000000 371.000000 -0.157702 0.219440
237.000000 371.000000 -0.141409 0.219545
313.000000 371.000000 -0.017002 0.219999
409.000000 371.000000 0.140195 0.219514
597.000000 371.000000 0.443756 0.217789
233.000000 372.000000 -0.147919 0.221123
279.000000 372.000000 -0.072750 0.221501
291.000000 372.000000 -0.053086 0.221560
293.000000 372.000000 -0.049807 0.221568
394.000000 372.000000 0.115714 0.221280
437.000000 372.000000 0.185720 0.220808
524.000000 372.000000 0.326070 0.219709
221.000000 373.000000 -0.167444 0.222609
228.000000 373.000000 -0.156052 0.222687
236.000000 373.000000 -0.143019 0.222772
255.000000 373.000000 -0.112010 0.222950
419.000000 373.000000 0.156458 0.222640
421.000000 373.000000 0.159712 0.222617
425.000000 373.000000 0.166217 0.222571
511.000000 373.000000 0.305166 0.221469
515.000000 373.000000 0.311596 0.221423
629.000000 373.000000 0.496251 0.221387
632.000000 373.000000 0.501228 0.221443
286.000000 374.000000 -0.061272 0.224776
303.000000 374.000000 -0.033402 0.224839
377.000000 374.000000 0.087912 0.224656
387.000000 374.000000 0.104262 0.224578
392.000000 374.000000 0.112430 0.224534
497.000000 374.000000 0.282634 0.223255
499.000000 374.000000 0.285853 0.223230
524.000000 374.000000 0.326049 0.222940
575.000000 374.000000 0.408122 0.222614
141.000000 375.000000 -0.296822 0.224845
166.000000 375.000000 -0.256523 0.225154
408.000000 375.000000 0.138523 0.225996
423.000000 375.000000 0.162941 0.225828
527.000000 375.000000 0.330860 0.224525
631.000000 375.000000 0.499606 0.224685
389.000000 376.000000 0.107513 0.227796
391.000000 376.000000 0.110779 0.227779
412.000000 376.000000 0.145029 0.227570
425.000000 376.000000 0.166181 0.227421
466.000000 376.000000 0.232623 0.226894
529.000000 376.000000 0.334064 0.226121
533.000000 376.000000 0.340493 0.226083
164.000000 377.000000 -0.259726 0.228360
236.000000 377.000000 -0.142978 0.229242
238.000000 377.000000 -0.139718 0.229262
292.000000 377.000000 -0.051426 0.229658
469.000000 377.000000 0.237456 0.228469
503.000000 377.000000 0.292252 0.228026
519.000000 377.000000 0.317981 0.227840
576.000000 377.000000 0.409735 0.227470
139.000000 378.000000 -0.300008 0.229670
141.000000 378.000000 -0.296787 0.229693
230.000000 378.000000 -0.152741 0.230795
285.000000 378.000000 -0.062890 0.231244
428.000000 378.000000 0.171033 0.230618
497.000000 378.000000 0.282583 0.229715
500.000000 378.000000 0.287412 0.229678
533.000000 378.000000 0.340475 0.229315
580.000000 378.000000 0.416204 0.229089
233.000000 379.000000 -0.147845 0.232444
272.000000 379.000000 -0.084167 0.232786
414.000000 379.000000 0.148252 0.232397
418.000000 379.000000 0.154762 0.232352
519.000000 379.000000 0.317960 0.231070
584.000000 379.000000 0.422683 0.230715
632.000000 379.000000 0.501350 0.231230
179.000000 380.000000 -0.235460 0.233400
431.000000 380.000000 0.175881 0.233812
502.000000 380.000000 0.290606 0.232882
506.000000 380.000000 0.297042 0.232834
170.000000 381.000000 -0.249989 0.234898
299.000000 381.000000 -0.039940 0.236152
433.000000 381.000000 0.179116 0.235403
513.000000 381.000000 0.308290 0.234367
632.000000 381.000000 0.501393 0.234495
208.000000 382.000000 -0.188460 0.237001
418.000000 382.000000 0.154728 0.237199
437.000000 382.000000 0.185594 0.236967
586.000000 382.000000 0.425934 0.235582
206.000000 383.000000 -0.191693 0.238591
416.000000 383.000000 0.151462 0.238837
440.000000 383.000000 0.190447 0.238543
442.000000 383.000000 0.193690 0.238517
521.000000 383.000000 0.321133 0.237509
525.000000 383.000000 0.327565 0.237468
628.000000 383.000000 0.494784 0.237674
631.000000 383.000000 0.499772 0.237738
192.000000 384.000000 -0.214374 0.240028
199.000000 384.000000 -0.203032 0.240118
429.000000 384.000000 0.172584 0.240297
437.000000 384.000000 0.185569 0.240196
447.000000 384.000000 0.201779 0.240066
513.000000 384.000000 0.308256 0.239211
575.000000 384.000000 0.408116 0.238806
577.000000 384.000000 0.411352 0.238807
587.000000 384.000000 0.427563 0.238828
175.000000 385.000000 -0.241860 0.241421
185.000000 385.000000 -0.225691 0.241551
268.000000 385.000000 -0.090668 0.242455
282.000000 385.000000 -0.067766 0.242543
415.000000 385.000000 0.149813 0.242077
423.000000 385.000000 0.162823 0.241984
466.000000 385.000000 0.232502 0.241425
528.000000 385.000000 0.332370 0.240669
571.000000 385.000000 0.401647 0.240427
196.000000 386.000000 -0.207869 0.243308
245.000000 386.000000 -0.128215 0.243874
247.000000 386.000000 -0.124954 0.243894
325.000000 386.000000 0.002683 0.244267
383.000000 386.000000 0.097627 0.244008
421.000000 386.000000 0.159560 0.243622
429.000000 386.000000 0.172559 0.243525
497.000000 386.000000 0.282483 0.242630
586.000000 386.000000 0.425947 0.242068
441.000000 387.000000 0.192017 0.244987
464.000000 387.000000 0.229243 0.244680
499.000000 387.000000 0.285691 0.244219
506.000000 387.000000 0.296959 0.244134
532.000000 387.000000 0.338786 0.243863
584.000000 387.000000 0.422704 0.243683
593.000000 387.000000 0.437335 0.243726
278.000000 388.000000 -0.074294 0.247365
333.000000 388.000000 0.015790 0.247489
340.000000 388.000000 0.027258 0.247474
376.000000 388.000000 0.086174 0.247291
450.000000 388.000000 0.206585 0.246481
518.000000 388.000000 0.316255 0.245614
595.000000 388.000000 0.440601 0.245363
348.000000 389.000000 0.040358 0.249063
415.000000 389.000000 0.149767 0.248533
464.000000 389.000000 0.229216 0.247906
467.000000 389.000000 0.234064 0.247866
531.000000 389.000000 0.337160 0.247102
533.000000 389.000000 0.340378 0.247085
626.000000 389.000000 0.491589 0.247427
355.000000 390.000000 0.051813 0.250647
499.000000 390.000000 0.285654 0.249060
503.000000 390.000000 0.292094 0.249012
574.000000 390.000000 0.406500 0.248525
213.000000 391.000000 -0.180233 0.251590
254.000000 391.000000 -0.113487 0.252028
273.000000 391.000000 -0.082452 0.252175
281.000000 391.000000 -0.069369 0.252225
300.000000 391.000000 -0.038271 0.252307
363.000000 391.000000 0.064898 0.252219
431.000000 391.000000 0.175744 0.251567
609.000000 391.000000 0.463543 0.250388
377.000000 392.000000 0.087778 0.253738
382.000000 392.000000 0.095945 0.253699
444.000000 392.000000 0.196814 0.253013
447.000000 392.000000 0.201674 0.252973
287.000000 393.000000 -0.059543 0.255482
387.000000 393.000000 0.104099 0.255270
389.000000 393.000000 0.107363 0.255252
411.000000 393.000000 0.143213 0.255030
414.000000 393.000000 0.148095 0.254996
422.000000 393.000000 0.161102 0.254903
455.000000 393.000000 0.214610 0.254479
461.000000 393.000000 0.224314 0.254398
560.000000 393.000000 0.383863 0.253396
281.000000 394.000000 -0.069352 0.257064
301.000000 394.000000 -0.036624 0.257150
377.000000 394.000000 0.087763 0.256964
396.000000 394.000000 0.118770 0.256799
401.000000 394.000000 0.126919 0.256749
467.000000 394.000000 0.233996 0.255929
472.000000 394.000000 0.242071 0.255862
563.000000 394.000000 0.388706 0.255009
605.000000 394.000000 0.457015 0.255218
277.000000 395.000000 -0.075887 0.258653
407.000000 395.000000 0.136681 0.258298
436.000000 395.000000 0.183806 0.257953
479.000000 395.000000 0.253355 0.257381
481.000000 395.000000 0.256582 0.257355
508.000000 395.000000 0.300085 0.257021
530.000000 395.000000 0.335499 0.256802
532.000000 395.000000 0.338719 0.256785
611.000000 395.000000 0.466893 0.256934
210.000000 396.000000 -0.185041 0.259616
283.000000 396.000000 -0.066071 0.260300
298.000000 396.000000 -0.041529 0.260365
303.000000 396.000000 -0.033345 0.260380
379.000000 396.000000 0.091014 0.260173
420.000000 396.000000 0.157816 0.259763
423.000000 396.000000 0.162691 0.259727
447.000000 396.000000 0.201621 0.259422
449.000000 396.000000 0.204859 0.259395
488.000000 396.000000 0.267856 0.258877
492.000000 396.000000 0.274303 0.258826
498.000000 396.000000 0.283970 0.258752
579.000000 396.000000 0.414618 0.258262
613.000000 396.000000 0.470206 0.258598
255.000000 397.000000 -0.111803 0.261712
289.000000 397.000000 -0.056252 0.261942
306.000000 397.000000 -0.028431 0.262000
308.000000 397.000000 -0.025157 0.262004
458.000000 397.000000 0.219409 0.260886
464.000000 397.000000 0.229109 0.260806
485.000000 397.000000 0.263007 0.260528
534.000000 397.000000 0.341924 0.260000
249.000000 398.000000 -0.121579 0.263269
437.000000 398.000000 0.185390 0.262775
446.000000 398.000000 0.199975 0.262658
466.000000 398.000000 0.232327 0.262391
473.000000 398.000000 0.243632 0.262297
476.000000 398.000000 0.248475 0.262257
503.000000 398.000000 0.292000 0.261918
529.000000 398.000000 0.333864 0.261655
242.000000 399.000000 -0.132977 0.264813
277.000000 399.000000 -0.075863 0.265100
379.000000 399.000000 0.090991 0.265007
450.000000 399.000000 0.206438 0.264216
486.000000 399.000000 0.264593 0.263739
604.000000 399.000000 0.455441 0.263347
236.000000 400.000000 -0.142736 0.266362
490.000000 400.000000 0.271030 0.265301
52.000000 401.000000 -0.440650 0.266642
54.000000 401.000000 -0.437375 0.266620
127.000000 401.000000 -0.319103 0.266688
230.000000 401.000000 -0.152488 0.267908
498.000000 401.000000 0.283910 0.266816
500.000000 401.000000 0.287133 0.266792
540.000000 401.000000 0.351564 0.266422
577.000000 401.000000 0.411388 0.266365
64.000000 402.000000 -0.421050 0.268162
224.000000 402.000000 -0.162233 0.269451
288.000000 402.000000 -0.057864 0.269993
513.000000 402.000000 0.308061 0.268262
625.000000 402.000000 0.490234 0.268662
126.000000 403.000000 -0.320698 0.269909
307.000000 403.000000 -0.026782 0.271668
497.000000 403.000000 0.282275 0.270052
525.000000 403.000000 0.327379 0.269763
623.000000 403.000000 0.486927 0.270248
260.000000 404.000000 -0.103586 0.273031
502.000000 404.000000 0.290320 0.271607
530.000000 404.000000 0.335427 0.271337
82.000000 405.000000 -0.391795 0.272960
125.000000 405.000000 -0.322294 0.273130
191.000000 405.000000 -0.215723 0.273879
262.000000 405.000000 -0.100315 0.274657
389.000000 405.000000 0.107255 0.274585
516.000000 405.000000 0.312863 0.273073
518.000000 405.000000 0.316085 0.273054
532.000000 405.000000 0.338643 0.272938
571.000000 405.000000 0.401663 0.272834
223.000000 406.000000 -0.163812 0.275881
225.000000 406.000000 -0.160562 0.275904
264.000000 406.000000 -0.097044 0.276282
353.000000 406.000000 0.048468 0.276440
395.000000 406.000000 0.117024 0.276138
399.000000 406.000000 0.123540 0.276099
527.000000 406.000000 0.330577 0.274591
259.000000 407.000000 -0.105193 0.277851
358.000000 407.000000 0.056636 0.278025
405.000000 407.000000 0.133297 0.277646
409.000000 407.000000 0.139805 0.277603
535.000000 407.000000 0.343466 0.276150
542.000000 407.000000 0.354757 0.276111
418.000000 408.000000 0.154425 0.279111
185.000000 409.000000 -0.225383 0.280246
357.000000 409.000000 0.054991 0.281248
361.000000 409.000000 0.061527 0.281226
379.000000 409.000000 0.090912 0.281105
386.000000 409.000000 0.102329 0.281047
429.000000 409.000000 0.172274 0.280588
179.000000 410.000000 -0.235075 0.281781
341.000000 410.000000 0.028835 0.282919
405.000000 410.000000 0.133266 0.282473
431.000000 410.000000 0.175507 0.282172
434.000000 410.000000 0.180373 0.282135
439.000000 410.000000 0.188478 0.282072
415.000000 411.000000 0.149516 0.283971
445.000000 411.000000 0.198186 0.283604
541.000000 411.000000 0.353125 0.282583
617.000000 411.000000 0.477146 0.283197
213.000000 412.000000 -0.179979 0.285420
357.000000 412.000000 0.054976 0.286072
379.000000 412.000000 0.090889 0.285930
397.000000 412.000000 0.120224 0.285771
412.000000 412.000000 0.144628 0.285613
425.000000 412.000000 0.165746 0.285463
622.000000 412.000000 0.485503 0.284972
218.000000 413.000000 -0.171852 0.287088
385.000000 413.000000 0.100664 0.287488
407.000000 413.000000 0.136487 0.287276
460.000000 413.000000 0.222432 0.286628
466.000000 413.000000 0.232130 0.286551
417.000000 414.000000 0.152732 0.288773
434.000000 414.000000 0.180323 0.288570
470.000000 414.000000 0.238580 0.288110
75.000000 415.000000 -0.403208 0.289216
393.000000 415.000000 0.113681 0.290632
427.000000 415.000000 0.168956 0.290263
455.000000 415.000000 0.214320 0.289911
472.000000 415.000000 0.241797 0.289694
481.000000 415.000000 0.256328 0.289583
536.000000 415.000000 0.345035 0.289074
541.000000 415.000000 0.353109 0.289053
620.000000 415.000000 0.482251 0.289837
82.000000 416.000000 -0.391823 0.290806
136.000000 416.000000 -0.304451 0.290982
215.000000 416.000000 -0.176687 0.291878
386.000000 416.000000 0.102268 0.292302
438.000000 416.000000 0.186782 0.291736
483.000000 416.000000 0.259543 0.291169
492.000000 416.000000 0.274064 0.291065
496.000000 416.000000 0.280515 0.291020
499.000000 416.000000 0.285353 0.290988
561.000000 416.000000 0.385469 0.290651
69.000000 417.000000 -0.413007 0.292513
73.000000 417.000000 -0.406480 0.292480
238.000000 417.000000 -0.139306 0.293739
410.000000 417.000000 0.141322 0.293674
418.000000 417.000000 0.154322 0.293585
448.000000 417.000000 0.202967 0.293218
465.000000 417.000000 0.230463 0.293002
476.000000 417.000000 0.248232 0.292865
494.000000 417.000000 0.277278 0.292654
76.000000 418.000000 -0.401597 0.294086
210.000000 418.000000 -0.184775 0.295036
230.000000 418.000000 -0.152303 0.295263
403.000000 418.000000 0.129929 0.295355
407.000000 418.000000 0.136434 0.295313
427.000000 418.000000 0.168920 0.295087
459.000000 418.000000 0.220751 0.294687
491.000000 418.000000 0.272428 0.294299
506.000000 418.000000 0.296621 0.294142
515.000000 418.000000 0.311135 0.294061
522.000000 418.000000 0.322425 0.294007
571.000000 418.000000 0.401717 0.293935
579.000000 418.000000 0.414749 0.293994
596.000000 418.000000 0.442584 0.294208
623.000000 418.000000 0.487359 0.294858
64.000000 419.000000 -0.421202 0.295820
66.000000 419.000000 -0.417930 0.295798
68.000000 419.000000 -0.414660 0.295777
227.000000 419.000000 -0.157167 0.296838
382.000000 419.000000 0.095725 0.297155
397.000000 419.000000 0.120156 0.297021
413.000000 419.000000 0.146176 0.296855
438.000000 419.000000 0.186745 0.296560
470.000000 419.000000 0.238517 0.296158
487.000000 419.000000 0.265963 0.295955
517.000000 419.000000 0.314352 0.295659
95.000000 420.000000 -0.370725 0.297267
389.000000 420.000000 0.107121 0.298702
407.000000 420.000000 0.136413 0.298527
424.000000 420.000000 0.164028 0.298337
436.000000 420.000000 0.183491 0.298192
449.000000 420.000000 0.204548 0.298031
456.000000 420.000000 0.215874 0.297943
527.000000 420.000000 0.330480 0.297205
559.000000 420.000000 0.382234 0.297135
564.000000 420.000000 0.390349 0.297150
592.000000 420.000000 0.436044 0.297409
630.000000 420.000000 0.499197 0.298400
123.000000 421.000000 -0.325410 0.298963
129.000000 421.000000 -0.315716 0.299001
156.000000 421.000000 -0.272112 0.299237
392.000000 421.000000 0.111997 0.300281
419.000000 421.000000 0.155900 0.300001
444.000000 421.000000 0.196440 0.299701
447.000000 421.000000 0.201298 0.299664
460.000000 421.000000 0.222330 0.299501
467.000000 421.000000 0.233645 0.299414
498.000000 421.000000 0.283688 0.299058
617.000000 421.000000 0.477421 0.299602
77.000000 422.000000 -0.399995 0.300582
132.000000 422.000000 -0.310863 0.300637
234.000000 422.000000 -0.145759 0.301733
394.000000 422.000000 0.115244 0.301868
404.000000 422.000000 0.131514 0.301771
429.000000 422.000000 0.172117 0.301492
492.000000 422.000000 0.273998 0.300733
509.000000 422.000000 0.301423 0.300567
607.000000 422.000000 0.460819 0.300972
232.000000 423.000000 -0.149000 0.303319
387.000000 423.000000 0.103838 0.303537
433.000000 423.000000 0.178592 0.303051
463.000000 423.000000 0.227156 0.302681
472.000000 423.000000 0.241699 0.302572
504.000000 423.000000 0.293348 0.302225
587.000000 423.000000 0.427886 0.302230
591.000000 423.000000 0.434449 0.302290
600.000000 423.000000 0.449265 0.302454
603.000000 423.000000 0.454221 0.302518
75.000000 424.000000 -0.403273 0.303852
120.000000 424.000000 -0.330243 0.303797
129.000000 424.000000 -0.315696 0.303847
147.000000 424.000000 -0.286619 0.303987
397.000000 424.000000 0.120108 0.305052
426.000000 424.000000 0.167227 0.304741
439.000000 424.000000 0.188304 0.304585
451.000000 424.000000 0.207735 0.304438
516.000000 424.000000 0.312701 0.303738
154.000000 425.000000 -0.275303 0.305665
407.000000 425.000000 0.136361 0.306558
437.000000 425.000000 0.185051 0.306217
463.000000 425.000000 0.227132 0.305899
468.000000 425.000000 0.235213 0.305838
149.000000 426.000000 -0.283371 0.307230
241.000000 426.000000 -0.134337 0.308228
246.000000 426.000000 -0.126203 0.308275
448.000000 426.000000 0.202855 0.307690
479.000000 426.000000 0.252970 0.307319
493.000000 426.000000 0.275570 0.307168
513.000000 426.000000 0.307845 0.306989
191.000000 427.000000 -0.215456 0.309287
234.000000 427.000000 -0.145708 0.309765
238.000000 427.000000 -0.139206 0.309805
305.000000 427.000000 -0.029998 0.310233
458.000000 427.000000 0.219023 0.309176
474.000000 427.000000 0.244883 0.308986
42.000000 428.000000 -0.457634 0.310944
71.000000 428.000000 -0.409849 0.310407
187.000000 428.000000 -0.221919 0.310850
315.000000 428.000000 -0.013668 0.311852
319.000000 428.000000 -0.007137 0.311855
464.000000 428.000000 0.228712 0.310713
485.000000 428.000000 0.262636 0.310474
503.000000 428.000000 0.291689 0.310298
6.000000 429.000000 -0.518428 0.314027
248.000000 429.000000 -0.122922 0.313110
322.000000 429.000000 -0.002238 0.313459
475.000000 429.000000 0.246476 0.312194
483.000000 429.000000 0.259396 0.312106
497.000000 429.000000 0.281996 0.311965
630.000000 429.000000 0.499569 0.313271
57.000000 430.000000 -0.432863 0.313883
152.000000 430.000000 -0.278488 0.313708
186.000000 430.000000 -0.223515 0.314056
240.000000 430.000000 -0.135925 0.314641
316.000000 430.000000 -0.012034 0.315061
455.000000 430.000000 0.214134 0.314036
466.000000 430.000000 0.231922 0.313907
487.000000 430.000000 0.265844 0.313674
492.000000 430.000000 0.273916 0.313624
70.000000 431.000000 -0.411523 0.315311
233.000000 431.000000 -0.147293 0.316178
313.000000 431.000000 -0.016931 0.316662
322.000000 431.000000 -0.002238 0.316666
334.000000 431.000000 0.017351 0.316654
461.000000 431.000000 0.223827 0.315573
39.000000 432.000000 -0.462741 0.317604
231.000000 432.000000 -0.150532 0.317763
240.000000 432.000000 -0.135906 0.317851
251.000000 432.000000 -0.118014 0.317950
345.000000 432.000000 0.035301 0.318230
351.000000 432.000000 0.045090 0.318208
470.000000 432.000000 0.238363 0.317079
482.000000 432.000000 0.257749 0.316948
486.000000 432.000000 0.264209 0.316906
500.000000 432.000000 0.286812 0.316775
36.000000 433.000000 -0.467782 0.319346
338.000000 433.000000 0.023875 0.319853
341.000000 433.000000 0.028771 0.319845
355.000000 433.000000 0.051611 0.319793
476.000000 433.000000 0.248047 0.318622
496.000000 433.000000 0.280346 0.318422
521.000000 433.000000 0.320720 0.318246
56.000000 434.000000 -0.434592 0.320452
240.000000 434.000000 -0.135887 0.321061
320.000000 434.000000 -0.005503 0.321476
324.000000 434.000000 0.001025 0.321475
333.000000 434.000000 0.015714 0.321466
345.000000 434.000000 0.035294 0.321436
348.000000 434.000000 0.040188 0.321426
352.000000 434.000000 0.046713 0.321410
488.000000 434.000000 0.267419 0.320109
493.000000 434.000000 0.275493 0.320062
509.000000 434.000000 0.301329 0.319932
311.000000 435.000000 -0.020190 0.323072
317.000000 435.000000 -0.010399 0.323077
357.000000 435.000000 0.054863 0.322990
360.000000 435.000000 0.059754 0.322975
363.000000 435.000000 0.064644 0.322959
499.000000 435.000000 0.285173 0.321622
233.000000 436.000000 -0.147244 0.324204
241.000000 436.000000 -0.134243 0.324280
249.000000 436.000000 -0.121233 0.324351
307.000000 436.000000 -0.026715 0.324668
375.000000 436.000000 0.084191 0.324487
378.000000 436.000000 0.089077 0.324465
387.000000 436.000000 0.103728 0.324395
392.000000 436.000000 0.111864 0.324353
506.000000 436.000000 0.296470 0.323182
100.000000 437.000000 -0.362642 0.324840
207.000000 437.000000 -0.189425 0.325541
228.000000 437.000000 -0.155355 0.325759
368.000000 437.000000 0.072781 0.326136
371.000000 437.000000 0.077669 0.326117
382.000000 437.000000 0.095582 0.326039
395.000000 437.000000 0.116734 0.325930
399.000000 437.000000 0.123238 0.325894
404.000000 437.000000 0.131365 0.325846
512.000000 437.000000 0.306156 0.324758
518.000000 437.000000 0.315852 0.324726
198.000000 438.000000 -0.203998 0.327051
210.000000 438.000000 -0.184551 0.327179
333.000000 438.000000 0.015707 0.327876
377.000000 438.000000 0.087434 0.327679
393.000000 438.000000 0.113473 0.327551
411.000000 438.000000 0.142726 0.327381
94.000000 439.000000 -0.372411 0.328118
304.000000 439.000000 -0.031603 0.329469
316.000000 439.000000 -0.012028 0.329486
319.000000 439.000000 -0.007134 0.329488
323.000000 439.000000 -0.000608 0.329488
351.000000 439.000000 0.045062 0.329427
390.000000 439.000000 0.108584 0.329181
408.000000 439.000000 0.137844 0.329015
416.000000 439.000000 0.150834 0.328934
91.000000 440.000000 -0.377305 0.329765
179.000000 440.000000 -0.234737 0.330072
327.000000 440.000000 0.005917 0.331087
331.000000 440.000000 0.012441 0.331083
355.000000 440.000000 0.051579 0.331012
385.000000 440.000000 0.100442 0.330824
405.000000 440.000000 0.132961 0.330648
420.000000 440.000000 0.157315 0.330497
423.000000 440.000000 0.162182 0.330465
428.000000 440.000000 0.170290 0.330411
88.000000 441.000000 -0.382206 0.331418
169.000000 441.000000 -0.250905 0.331588
200.000000 441.000000 -0.200727 0.331894
210.000000 441.000000 -0.184520 0.331998
338.000000 441.000000 0.023857 0.332672
363.000000 441.000000 0.064611 0.332575
401.000000 441.000000 0.126452 0.332290
99.000000 442.000000 -0.364290 0.332968
172.000000 442.000000 -0.246043 0.333226
311.000000 442.000000 -0.020181 0.334287
367.000000 442.000000 0.071122 0.334154
371.000000 442.000000 0.077637 0.334130
414.000000 442.000000 0.147557 0.333768
418.000000 442.000000 0.154049 0.333727
432.000000 442.000000 0.176753 0.333579
442.000000 442.000000 0.192955 0.333470
65.000000 443.000000 -0.419934 0.335014
83.000000 443.000000 -0.390394 0.334730
86.000000 443.000000 -0.385490 0.334697
212.000000 443.000000 -0.181256 0.335231
317.000000 443.000000 -0.010395 0.335894
319.000000 443.000000 -0.007133 0.335895
349.000000 443.000000 0.041786 0.335843
353.000000 443.000000 0.048306 0.335827
384.000000 443.000000 0.098791 0.335641
439.000000 443.000000 0.188085 0.335108
447.000000 443.000000 0.201040 0.335022
59.000000 444.000000 -0.429860 0.336788
62.000000 444.000000 -0.424904 0.336718
96.000000 444.000000 -0.369186 0.336240
172.000000 444.000000 -0.246025 0.336447
307.000000 444.000000 -0.026701 0.337484
309.000000 444.000000 -0.023440 0.337488
322.000000 444.000000 -0.002240 0.337497
329.000000 444.000000 0.009175 0.337492
361.000000 444.000000 0.061337 0.337391
364.000000 444.000000 0.066224 0.337375
392.000000 444.000000 0.111795 0.337179
425.000000 444.000000 0.165383 0.336863
451.000000 444.000000 0.207504 0.336586
460.000000 444.000000 0.222066 0.336491
316.000000 445.000000 -0.012024 0.339097
333.000000 445.000000 0.015696 0.339088
373.000000 445.000000 0.080874 0.338923
396.000000 445.000000 0.118290 0.338748
399.000000 445.000000 0.123165 0.338721
432.000000 445.000000 0.176721 0.338395
468.000000 445.000000 0.234993 0.338018
80.000000 446.000000 -0.395343 0.339667
170.000000 446.000000 -0.249244 0.339651
201.000000 446.000000 -0.199056 0.339940
320.000000 446.000000 -0.005502 0.340699
327.000000 446.000000 0.005912 0.340697
345.000000 446.000000 0.035256 0.340661
378.000000 446.000000 0.089006 0.340492
464.000000 446.000000 0.228515 0.339667
473.000000 446.000000 0.243067 0.339579
73.000000 447.000000 -0.406845 0.341415
75.000000 447.000000 -0.403559 0.341380
88.000000 447.000000 -0.382266 0.341200
92.000000 447.000000 -0.375733 0.341159
295.000000 447.000000 -0.046255 0.342258
331.000000 447.000000 0.012432 0.342294
339.000000 447.000000 0.025473 0.342279
352.000000 447.000000 0.046660 0.342237
404.000000 447.000000 0.131271 0.341883
409.000000 447.000000 0.139390 0.341836
416.000000 447.000000 0.150753 0.341768
440.000000 447.000000 0.189662 0.341522
453.000000 447.000000 0.210709 0.341387
478.000000 447.000000 0.251141 0.341144
482.000000 447.000000 0.257607 0.341110
487.000000 447.000000 0.265689 0.341069
60.000000 448.000000 -0.428305 0.343336
180.000000 448.000000 -0.233044 0.342958
202.000000 448.000000 -0.197416 0.343164
277.000000 448.000000 -0.075574 0.343782
355.000000 448.000000 0.051543 0.343826
357.000000 448.000000 0.054801 0.343817
390.000000 448.000000 0.108511 0.343606
420.000000 448.000000 0.157233 0.343333
86.000000 449.000000 -0.385559 0.344488
169.000000 449.000000 -0.250838 0.344477
172.000000 449.000000 -0.245983 0.344501
308.000000 449.000000 -0.025062 0.345492
344.000000 449.000000 0.033617 0.345467
350.000000 449.000000 0.043393 0.345447
364.000000 449.000000 0.066197 0.345383
369.000000 449.000000 0.074338 0.345355
401.000000 449.000000 0.126379 0.345116
403.000000 449.000000 0.129628 0.345098
416.000000 449.000000 0.150733 0.344977
432.000000 449.000000 0.176680 0.344817
491.000000 449.000000 0.272140 0.344265
500.000000 449.000000 0.286691 0.344208
505.000000 449.000000 0.294776 0.344182
69.000000 450.000000 -0.413487 0.346411
125.000000 450.000000 -0.322080 0.345893
197.000000 450.000000 -0.205498 0.346331
293.000000 450.000000 -0.049504 0.347055
318.000000 450.000000 -0.008761 0.347103
354.000000 450.000000 0.049906 0.347033
497.000000 450.000000 0.281834 0.345840
514.000000 450.000000 0.309334 0.345766
62.000000 451.000000 -0.425071 0.348218
85.000000 451.000000 -0.387223 0.347768
121.000000 451.000000 -0.328570 0.347517
168.000000 451.000000 -0.252441 0.347693
177.000000 451.000000 -0.237874 0.347763
287.000000 451.000000 -0.059274 0.348634
313.000000 451.000000 -0.016910 0.348700
328.000000 451.000000 0.007537 0.348700
363.000000 451.000000 0.064558 0.348591
381.000000 451.000000 0.093852 0.348481
415.000000 451.000000 0.149091 0.348194
434.000000 451.000000 0.179901 0.348007
491.000000 451.000000 0.272126 0.347492
509.000000 451.000000 0.301239 0.347399
519.000000 451.000000 0.317427 0.347375
53.000000 452.000000 -0.440038 0.350126
58.000000 452.000000 -0.431727 0.349974
71.000000 452.000000 -0.410234 0.349650
197.000000 452.000000 -0.205480 0.349547
203.000000 452.000000 -0.195758 0.349602
325.000000 452.000000 0.002647 0.350303
367.000000 452.000000 0.071065 0.350171
453.000000 452.000000 0.210659 0.349425
527.000000 452.000000 0.330391 0.348994
168.000000 453.000000 -0.252427 0.350917
179.000000 453.000000 -0.234620 0.351000
185.000000 453.000000 -0.224906 0.351050
218.000000 453.000000 -0.171430 0.351346
341.000000 453.000000 0.028718 0.351879
394.000000 453.000000 0.114972 0.351586
434.000000 453.000000 0.179881 0.351219
447.000000 453.000000 0.200937 0.351091
465.000000 453.000000 0.230066 0.350921
491.000000 453.000000 0.272114 0.350720
497.000000 453.000000 0.281817 0.350685
508.000000 453.000000 0.299614 0.350638
524.000000 453.000000 0.325528 0.350614
533.000000 453.000000 0.340128 0.350629
50.000000 454.000000 -0.445106 0.353532
56.000000 454.000000 -0.435109 0.353332
332.000000 454.000000 0.014052 0.353497
336.000000 454.000000 0.020569 0.353491
512.000000 454.000000 0.306086 0.352245
58.000000 455.000000 -0.431816 0.354920
204.000000 455.000000 -0.194111 0.354432
308.000000 455.000000 -0.025053 0.355097
353.000000 455.000000 0.048257 0.355041
389.000000 455.000000 0.106831 0.354830
392.000000 455.000000 0.111706 0.354807
407.000000 455.000000 0.136070 0.354682
415.000000 455.000000 0.149054 0.354610
526.000000 455.000000 0.328773 0.353860
528.000000 455.000000 0.332018 0.353864
65.000000 456.000000 -0.420237 0.356369
316.000000 456.000000 -0.012018 0.356705
320.000000 456.000000 -0.005501 0.356707
345.000000 456.000000 0.035225 0.356670
348.000000 456.000000 0.040111 0.356660
367.000000 456.000000 0.071043 0.356576
454.000000 456.000000 0.212240 0.355848
460.000000 456.000000 0.221950 0.355794
487.000000 456.000000 0.265626 0.355586
489.000000 456.000000 0.268861 0.355574
496.000000 456.000000 0.280185 0.355537
537.000000 456.000000 0.346638 0.355522
540.000000 456.000000 0.351517 0.355540
78.000000 457.000000 -0.398812 0.357711
203.000000 457.000000 -0.195714 0.357638
214.000000 457.000000 -0.177882 0.357733
309.000000 457.000000 -0.023421 0.358299
313.000000 457.000000 -0.016904 0.358304
327.000000 457.000000 0.005903 0.358304
361.000000 457.000000 0.061273 0.358208
403.000000 457.000000 0.129559 0.357923
406.000000 457.000000 0.134430 0.357897
419.000000 457.000000 0.155525 0.357782
427.000000 457.000000 0.168497 0.357708
120.000000 458.000000 -0.330210 0.358884
217.000000 458.000000 -0.173008 0.359365
325.000000 458.000000 0.002644 0.359906
331.000000 458.000000 0.012417 0.359900
380.000000 458.000000 0.092178 0.359700
413.000000 458.000000 0.145782 0.359440
432.000000 458.000000 0.176592 0.359266
488.000000 458.000000 0.267231 0.358809
284.000000 459.000000 -0.064126 0.361430
374.000000 459.000000 0.082414 0.361339
441.000000 459.000000 0.191164 0.360790
506.000000 459.000000 0.296360 0.360352
511.000000 459.000000 0.304458 0.360344
82.000000 460.000000 -0.392293 0.362555
194.000000 460.000000 -0.210272 0.362389
212.000000 460.000000 -0.181099 0.362536
219.000000 460.000000 -0.169747 0.362594
298.000000 460.000000 -0.041330 0.363078
337.000000 460.000000 0.022186 0.363091
341.000000 460.000000 0.028700 0.363082
343.000000 460.000000 0.031957 0.363077
392.000000 460.000000 0.111668 0.362819
426.000000 460.000000 0.166848 0.362533
454.000000 460.000000 0.212205 0.362282
519.000000 460.000000 0.317426 0.361965
524.000000 460.000000 0.325538 0.361974
190.000000 461.000000 -0.216744 0.363967
196.000000 461.000000 -0.207024 0.364013
208.000000 461.000000 -0.187576 0.364110
281.000000 461.000000 -0.069000 0.364619
296.000000 461.000000 -0.044583 0.364674
389.000000 461.000000 0.106786 0.364443
439.000000 461.000000 0.187906 0.364022
445.000000 461.000000 0.197624 0.363969
487.000000 461.000000 0.265597 0.363658
531.000000 461.000000 0.336911 0.363625
160.000000 462.000000 -0.265330 0.365397
168.000000 462.000000 -0.252371 0.365435
218.000000 462.000000 -0.171353 0.365798
304.000000 462.000000 -0.031555 0.366293
349.000000 462.000000 0.041719 0.366260
392.000000 462.000000 0.111653 0.366024
406.000000 462.000000 0.134388 0.365914
468.000000 462.000000 0.234847 0.365391
493.000000 462.000000 0.275303 0.365246
507.000000 462.000000 0.297974 0.365209
526.000000 462.000000 0.328791 0.365230
536.000000 462.000000 0.345048 0.365283
96.000000 463.000000 -0.369382 0.367238
310.000000 463.000000 -0.021784 0.367902
320.000000 463.000000 -0.005501 0.367908
369.000000 463.000000 0.074259 0.367773
402.000000 463.000000 0.127886 0.367550
453.000000 463.000000 0.210561 0.367118
487.000000 463.000000 0.265587 0.366889
511.000000 463.000000 0.304456 0.366827
514.000000 463.000000 0.309320 0.366828
165.000000 464.000000 -0.257221 0.368650
189.000000 464.000000 -0.218343 0.368791
193.000000 464.000000 -0.211862 0.368819
223.000000 464.000000 -0.163226 0.369049
236.000000 464.000000 -0.142129 0.369149
418.000000 464.000000 0.153841 0.369023
494.000000 464.000000 0.276915 0.368477
522.000000 464.000000 0.322303 0.368467
536.000000 464.000000 0.345063 0.368542
202.000000 465.000000 -0.197270 0.370494
230.000000 465.000000 -0.151860 0.370708
248.000000 465.000000 -0.122634 0.370838
269.000000 465.000000 -0.088501 0.370967
279.000000 465.000000 -0.072236 0.371015
326.000000 465.000000 0.004268 0.371107
381.000000 465.000000 0.093758 0.370905
412.000000 465.000000 0.144100 0.370677
467.000000 465.000000 0.233207 0.370233
527.000000 465.000000 0.330429 0.370113
168.000000 466.000000 -0.252352 0.371893
173.000000 466.000000 -0.244251 0.371917
207.000000 466.000000 -0.189158 0.372140
243.000000 466.000000 -0.130748 0.372408
346.000000 466.000000 0.036824 0.372671
376.000000 466.000000 0.085624 0.372538
500.000000 466.000000 0.286627 0.371698
212.000000 467.000000 -0.181044 0.373785
241.000000 467.000000 -0.133989 0.373998
387.000000 467.000000 0.103495 0.374070
395.000000 467.000000 0.116490 0.374015
425.000000 467.000000 0.165167 0.373780
507.000000 467.000000 0.297971 0.373313
143.000000 468.000000 -0.292879 0.375075
220.000000 468.000000 -0.168063 0.375451
229.000000 468.000000 -0.153461 0.375517
233.000000 468.000000 -0.146969 0.375546
243.000000 468.000000 -0.130734 0.375615
389.000000 468.000000 0.106738 0.375660
439.000000 468.000000 0.187847 0.375273
500.000000 468.000000 0.286625 0.374938
535.000000 468.000000 0.343467 0.375056
408.000000 469.000000 0.137578 0.377126
444.000000 469.000000 0.195939 0.376842
404.000000 470.000000 0.131079 0.378760
421.000000 470.000000 0.158658 0.378630
491.000000 470.000000 0.272039 0.378193
506.000000 470.000000 0.296351 0.378179
521.000000 470.000000 0.320702 0.378220
514.000000 471.000000 0.309335 0.379819
106.000000 472.000000 -0.353146 0.381828
386.000000 472.000000 0.101838 0.382089
421.000000 472.000000 0.158642 0.381842
542.000000 472.000000 0.354930 0.381669
117.000000 473.000000 -0.335192 0.383335
490.000000 474.000000 0.270411 0.384671
122.000000 475.000000 -0.327058 0.386553
400.000000 475.000000 0.124552 0.386809
410.000000 475.000000 0.140779 0.386740
9.000000 476.000000 -0.516731 0.393123
12.000000 476.000000 -0.511432 0.392831
129.000000 476.000000 -0.315662 0.388130
