-0.162417 -0.144706 0.395140 133.000000 136.000000 144.000000
-0.129433 -0.151157 0.413310 125.000000 132.000000 146.000000
-0.026368 -0.178500 0.486450 64.000000 74.000000 82.000000
0.130264 -0.215412 0.588570 140.000000 139.000000 130.000000
0.164535 -0.223073 0.609960 141.000000 136.000000 124.000000
0.216059 -0.236181 0.646070 137.000000 136.000000 127.000000
0.242368 -0.241534 0.660560 140.000000 135.000000 125.000000
0.256494 -0.244796 0.669300 140.000000 132.000000 128.000000
0.288894 -0.254200 0.694370 134.000000 127.000000 116.000000
0.303960 -0.257409 0.702650 135.000000 129.000000 124.000000
0.319376 -0.260669 0.710930 142.000000 129.000000 127.000000
0.336981 -0.265424 0.723120 137.000000 130.000000 116.000000
0.353440 -0.268983 0.731860 137.000000 133.000000 117.000000
-0.187059 -0.132997 0.378350 164.000000 170.000000 186.000000
0.152881 -0.210786 0.602600 136.000000 130.000000 125.000000
0.188997 -0.218666 0.625600 137.000000 132.000000 134.000000
0.230640 -0.229858 0.657800 139.000000 136.000000 128.000000
0.256428 -0.233933 0.669300 133.000000 127.000000 120.000000
0.271216 -0.237377 0.678960 134.000000 129.000000 128.000000
0.286845 -0.241257 0.689770 143.000000 128.000000 121.000000
0.302985 -0.245259 0.700810 137.000000 128.000000 124.000000
0.318631 -0.248582 0.709780 140.000000 131.000000 130.000000
0.336693 -0.253491 0.723120 139.000000 131.000000 125.000000
0.352975 -0.256770 0.731630 140.000000 129.000000 123.000000
-0.123273 -0.138431 0.414920 104.000000 113.000000 117.000000
0.098096 -0.189533 0.566720 140.000000 139.000000 132.000000
0.164278 -0.203071 0.608580 146.000000 138.000000 134.000000
0.176260 -0.205538 0.616170 142.000000 138.000000 132.000000
0.188627 -0.208165 0.624220 140.000000 133.000000 131.000000
0.201187 -0.210723 0.632040 137.000000 130.000000 133.000000
0.228306 -0.217028 0.651130 145.000000 134.000000 131.000000
0.242819 -0.220627 0.661940 143.000000 132.000000 131.000000
0.255947 -0.222713 0.668150 137.000000 131.000000 127.000000
0.270504 -0.225822 0.677350 134.000000 135.000000 128.000000
0.284734 -0.228424 0.684940 134.000000 130.000000 122.000000
0.301253 -0.232596 0.697130 138.000000 128.000000 122.000000
0.317825 -0.236503 0.708400 135.000000 137.000000 125.000000
0.335383 -0.240843 0.720820 137.000000 127.000000 130.000000
0.351788 -0.244087 0.729790 136.000000 130.000000 128.000000
-0.181015 -0.120808 0.379730 101.000000 118.000000 126.000000
-0.123038 -0.131484 0.414000 92.000000 96.000000 104.000000
-0.087790 -0.139483 0.438150 56.000000 65.000000 69.000000
-0.048053 -0.148664 0.465980 96.000000 105.000000 108.000000
0.097811 -0.179837 0.564650 147.000000 140.000000 138.000000
0.164040 -0.192965 0.607430 141.000000 135.000000 128.000000
0.200504 -0.199844 0.629740 144.000000 135.000000 131.000000
0.227118 -0.205449 0.647680 138.000000 135.000000 129.000000
0.268348 -0.213177 0.672060 133.000000 132.000000 125.000000
0.283705 -0.216580 0.682640 137.000000 134.000000 126.000000
0.299356 -0.219941 0.692990 137.000000 126.000000 123.000000
0.317985 -0.225165 0.709090 130.000000 136.000000 125.000000
0.335079 -0.228973 0.720590 133.000000 131.000000 130.000000
0.350318 -0.231296 0.727260 131.000000 128.000000 120.000000
-0.155063 -0.118456 0.393300 112.000000 128.000000 143.000000
0.199320 -0.188560 0.625830 141.000000 138.000000 127.000000
0.268327 -0.202316 0.672060 142.000000 129.000000 125.000000
0.282318 -0.204556 0.679420 137.000000 133.000000 121.000000
0.298084 -0.207863 0.690230 142.000000 131.000000 130.000000
0.316424 -0.212658 0.705870 136.000000 130.000000 125.000000
0.332887 -0.215900 0.716220 135.000000 130.000000 122.000000
0.348891 -0.218631 0.724730 126.000000 127.000000 118.000000
-0.180277 -0.108073 0.378580 95.000000 97.000000 108.000000
-0.081416 -0.126464 0.441370 68.000000 79.000000 80.000000
0.107800 -0.162777 0.568330 142.000000 138.000000 132.000000
0.140531 -0.168766 0.590180 143.000000 137.000000 132.000000
0.174839 -0.174281 0.610420 138.000000 137.000000 126.000000
0.254538 -0.189321 0.664470 137.000000 129.000000 122.000000
0.315304 -0.200544 0.703570 136.000000 132.000000 127.000000
0.331371 -0.203392 0.713230 137.000000 131.000000 127.000000
0.348498 -0.206675 0.724270 128.000000 130.000000 129.000000
-0.151494 -0.080186 0.297390 162.000000 172.000000 182.000000
-0.074985 -0.120520 0.445280 84.000000 83.000000 90.000000
-0.033561 -0.128597 0.474030 69.000000 80.000000 83.000000
0.174597 -0.164187 0.609270 139.000000 135.000000 134.000000
0.199027 -0.168103 0.624450 140.000000 133.000000 131.000000
0.211916 -0.170317 0.632960 142.000000 130.000000 134.000000
0.238705 -0.174893 0.650440 134.000000 133.000000 125.000000
0.252983 -0.177508 0.660330 140.000000 133.000000 124.000000
0.266958 -0.179705 0.668610 139.000000 137.000000 133.000000
0.281995 -0.182415 0.678730 143.000000 131.000000 124.000000
0.298590 -0.185890 0.691610 139.000000 131.000000 125.000000
0.315858 -0.189515 0.704950 140.000000 129.000000 125.000000
0.331379 -0.191873 0.713460 137.000000 131.000000 129.000000
0.349023 -0.195257 0.725650 136.000000 132.000000 129.000000
-0.061894 -0.115959 0.454940 74.000000 81.000000 83.000000
0.211068 -0.159452 0.630200 138.000000 137.000000 130.000000
0.224021 -0.161414 0.638250 135.000000 135.000000 126.000000
0.236819 -0.163094 0.645150 137.000000 133.000000 130.000000
0.251262 -0.165715 0.655730 137.000000 131.000000 129.000000
0.281810 -0.171349 0.678270 137.000000 131.000000 127.000000
0.296885 -0.173729 0.687700 137.000000 129.000000 118.000000
0.314474 -0.177353 0.701960 140.000000 129.000000 125.000000
0.330236 -0.179726 0.711160 138.000000 131.000000 119.000000
0.348027 -0.183004 0.723810 131.000000 124.000000 122.000000
-0.138418 -0.094780 0.399970 108.000000 120.000000 130.000000
-0.099586 -0.101537 0.426650 54.000000 64.000000 59.000000
-0.061665 -0.108159 0.452870 66.000000 75.000000 74.000000
-0.025987 -0.113909 0.476100 74.000000 69.000000 73.000000
0.117676 -0.135860 0.570400 147.000000 139.000000 135.000000
0.211148 -0.149326 0.630200 134.000000 135.000000 126.000000
0.250519 -0.154671 0.653660 143.000000 129.000000 134.000000
0.266193 -0.157671 0.666540 136.000000 131.000000 123.000000
0.282116 -0.160575 0.678960 136.000000 127.000000 125.000000
0.295493 -0.161866 0.684480 137.000000 131.000000 127.000000
0.310636 -0.163994 0.693450 139.000000 132.000000 132.000000
0.327833 -0.167016 0.706100 134.000000 129.000000 119.000000
0.345398 -0.170014 0.718520 137.000000 130.000000 133.000000
-0.164017 -0.084735 0.384330 94.000000 106.000000 116.000000
-0.138148 -0.088142 0.399050 124.000000 127.000000 133.000000
-0.018534 -0.108113 0.484380 70.000000 85.000000 92.000000
0.076100 -0.119684 0.537510 112.000000 121.000000 123.000000
0.139149 -0.129265 0.582820 136.000000 136.000000 136.000000
0.173954 -0.134127 0.606050 135.000000 134.000000 130.000000
0.223524 -0.140483 0.636410 137.000000 131.000000 127.000000
0.236527 -0.142084 0.644000 137.000000 131.000000 129.000000
0.249606 -0.143591 0.651130 145.000000 131.000000 129.000000
0.264584 -0.146022 0.662400 132.000000 125.000000 123.000000
0.280042 -0.148516 0.673900 135.000000 128.000000 128.000000
0.295007 -0.150569 0.683330 136.000000 128.000000 117.000000
0.308359 -0.151678 0.688390 136.000000 131.000000 119.000000
0.324700 -0.154127 0.699430 140.000000 127.000000 124.000000
0.342679 -0.157159 0.713000 128.000000 126.000000 125.000000
-0.159144 -0.079212 0.387550 107.000000 127.000000 129.000000
-0.093373 -0.088393 0.429180 37.000000 46.000000 45.000000
-0.018515 -0.100107 0.483460 87.000000 89.000000 88.000000
0.106645 -0.115454 0.560050 144.000000 141.000000 142.000000
0.138911 -0.119600 0.581440 143.000000 139.000000 136.000000
0.161377 -0.122251 0.595240 143.000000 135.000000 128.000000
0.197099 -0.126503 0.617320 144.000000 132.000000 136.000000
0.209466 -0.127924 0.624680 140.000000 131.000000 130.000000
0.236514 -0.131671 0.643770 140.000000 129.000000 125.000000
0.263624 -0.134836 0.659870 138.000000 128.000000 120.000000
0.278358 -0.136809 0.669760 136.000000 127.000000 123.000000
0.294233 -0.139172 0.681490 136.000000 121.000000 131.000000
0.308463 -0.140613 0.688620 134.000000 127.000000 129.000000
0.325640 -0.143246 0.701500 127.000000 128.000000 119.000000
0.342522 -0.145574 0.712770 134.000000 123.000000 118.000000
-0.188066 -0.069641 0.369840 59.000000 78.000000 78.000000
-0.127248 -0.076483 0.404800 122.000000 132.000000 144.000000
0.085811 -0.103282 0.542800 128.000000 126.000000 136.000000
0.138561 -0.109877 0.579600 141.000000 136.000000 137.000000
0.160284 -0.111833 0.590870 135.000000 135.000000 135.000000
0.184846 -0.115131 0.609270 140.000000 135.000000 125.000000
0.196527 -0.116171 0.615250 139.000000 133.000000 124.000000
0.238109 -0.122084 0.647910 138.000000 135.000000 129.000000
0.251233 -0.123357 0.655040 135.000000 129.000000 124.000000
0.277827 -0.125755 0.668380 136.000000 124.000000 126.000000
0.292374 -0.127360 0.677120 131.000000 124.000000 122.000000
0.308577 -0.129543 0.688850 136.000000 127.000000 125.000000
0.327019 -0.132478 0.704490 137.000000 127.000000 119.000000
0.343153 -0.134308 0.714150 127.000000 127.000000 127.000000
-0.187682 -0.063529 0.369150 64.000000 75.000000 76.000000
-0.183293 -0.064100 0.372600 56.000000 65.000000 71.000000
0.106493 -0.097083 0.558440 147.000000 138.000000 139.000000
0.171652 -0.103286 0.597080 137.000000 135.000000 129.000000
0.183887 -0.104710 0.605820 137.000000 131.000000 127.000000
0.209249 -0.107598 0.623530 135.000000 131.000000 123.000000
0.221418 -0.108588 0.629740 141.000000 130.000000 125.000000
0.250594 -0.112484 0.653200 135.000000 130.000000 122.000000
0.277491 -0.114821 0.667460 133.000000 125.000000 121.000000
0.310348 -0.119100 0.692760 132.000000 130.000000 119.000000
0.327555 -0.121300 0.705640 125.000000 124.000000 117.000000
0.342581 -0.122569 0.713000 139.000000 126.000000 121.000000
-0.183279 -0.058073 0.372600 56.000000 65.000000 69.000000
-0.126924 -0.063202 0.403420 73.000000 85.000000 95.000000
-0.080875 -0.068746 0.435850 25.000000 29.000000 32.000000
0.075788 -0.084306 0.533600 88.000000 88.000000 93.000000
0.171407 -0.093462 0.595930 139.000000 133.000000 126.000000
0.183972 -0.094929 0.605820 137.000000 133.000000 132.000000
0.220767 -0.098108 0.627670 134.000000 130.000000 115.000000
0.247042 -0.100480 0.643770 137.000000 122.000000 118.000000
0.276967 -0.103843 0.666080 130.000000 126.000000 121.000000
0.292446 -0.105519 0.677120 130.000000 126.000000 121.000000
0.323613 -0.108583 0.697130 134.000000 129.000000 119.000000
0.339146 -0.109940 0.705870 131.000000 123.000000 116.000000
-0.182819 -0.051919 0.371680 71.000000 71.000000 82.000000
-0.173673 -0.052825 0.378120 52.000000 50.000000 44.000000
-0.121258 -0.057088 0.405950 74.000000 81.000000 92.000000
-0.040458 -0.065528 0.461380 65.000000 70.000000 73.000000
0.105402 -0.078068 0.552000 144.000000 137.000000 140.000000
0.148973 -0.082135 0.582820 135.000000 128.000000 128.000000
0.159976 -0.082900 0.588800 144.000000 133.000000 134.000000
0.182795 -0.084556 0.601680 135.000000 130.000000 122.000000
0.194202 -0.085254 0.607200 139.000000 130.000000 131.000000
0.220599 -0.087879 0.626980 138.000000 130.000000 121.000000
0.232321 -0.088453 0.631580 132.000000 126.000000 121.000000
0.246224 -0.089771 0.641470 136.000000 126.000000 120.000000
0.260083 -0.090965 0.650440 130.000000 127.000000 117.000000
0.276730 -0.093002 0.665390 133.000000 126.000000 115.000000
0.291195 -0.094177 0.674130 119.000000 125.000000 118.000000
0.305146 -0.095105 0.681030 125.000000 126.000000 116.000000
0.321173 -0.096590 0.691840 132.000000 125.000000 114.000000
0.338262 -0.098282 0.704030 127.000000 119.000000 115.000000
-0.177193 -0.046026 0.372600 70.000000 64.000000 72.000000
-0.110154 -0.051501 0.413080 74.000000 83.000000 84.000000
-0.074115 -0.054802 0.437230 33.000000 42.000000 44.000000
0.115893 -0.069928 0.559130 142.000000 138.000000 132.000000
0.126792 -0.070899 0.567410 144.000000 131.000000 140.000000
0.159613 -0.073160 0.587190 142.000000 130.000000 132.000000
0.182730 -0.074763 0.601220 135.000000 131.000000 125.000000
0.194718 -0.075605 0.608580 134.000000 130.000000 122.000000
0.246816 -0.079586 0.642850 128.000000 123.000000 115.000000
0.259403 -0.080239 0.648600 131.000000 128.000000 122.000000
0.290144 -0.082985 0.671600 131.000000 122.000000 121.000000
0.305177 -0.084113 0.681030 135.000000 119.000000 115.000000
0.321192 -0.085421 0.691840 128.000000 123.000000 113.000000
0.337604 -0.086741 0.702650 125.000000 125.000000 111.000000
-0.147419 -0.041898 0.388930 88.000000 94.000000 99.000000
-0.142278 -0.042256 0.391920 85.000000 101.000000 105.000000
0.115666 -0.060683 0.557750 141.000000 136.000000 137.000000
0.158868 -0.063312 0.584200 138.000000 135.000000 129.000000
0.195081 -0.065853 0.609500 134.000000 128.000000 121.000000
0.232619 -0.068095 0.632040 127.000000 129.000000 115.000000
0.246433 -0.069077 0.641700 132.000000 126.000000 117.000000
0.259549 -0.069789 0.648830 129.000000 123.000000 121.000000
0.274053 -0.070803 0.658720 131.000000 123.000000 114.000000
0.304591 -0.072971 0.679650 134.000000 124.000000 116.000000
0.319613 -0.073881 0.688390 129.000000 119.000000 109.000000
0.336510 -0.075146 0.700350 129.000000 119.000000 109.000000
-0.181573 -0.033663 0.369150 65.000000 83.000000 88.000000
-0.172021 -0.034164 0.374440 53.000000 61.000000 65.000000
-0.109507 -0.037830 0.410320 73.000000 84.000000 90.000000
0.158928 -0.053824 0.584200 140.000000 127.000000 120.000000
0.181462 -0.054852 0.596620 132.000000 130.000000 128.000000
0.218688 -0.056916 0.621000 133.000000 122.000000 116.000000
0.232168 -0.057746 0.630660 124.000000 122.000000 118.000000
0.259139 -0.059200 0.647680 127.000000 128.000000 119.000000
0.287441 -0.060710 0.665160 131.000000 122.000000 109.000000
0.303490 -0.061766 0.677120 126.000000 118.000000 114.000000
0.317822 -0.062409 0.684480 124.000000 118.000000 109.000000
0.333099 -0.063185 0.693220 127.000000 120.000000 111.000000
-0.148571 -0.021930 0.292330 152.000000 158.000000 174.000000
-0.171930 -0.028096 0.374210 63.000000 73.000000 81.000000
-0.141928 -0.029480 0.390770 49.000000 54.000000 54.000000
-0.136554 -0.029701 0.393300 69.000000 75.000000 79.000000
-0.109298 -0.031086 0.409400 80.000000 86.000000 93.000000
-0.103852 -0.031469 0.414000 81.000000 88.000000 99.000000
0.104909 -0.041825 0.548320 144.000000 140.000000 135.000000
0.125261 -0.042616 0.559820 137.000000 133.000000 128.000000
0.136074 -0.043131 0.567180 135.000000 130.000000 130.000000
0.193503 -0.045692 0.604210 139.000000 126.000000 121.000000
0.205644 -0.046198 0.611570 129.000000 125.000000 120.000000
0.231880 -0.047470 0.629740 132.000000 124.000000 116.000000
0.273279 -0.049363 0.656650 128.000000 123.000000 113.000000
0.285987 -0.049705 0.661710 130.000000 120.000000 114.000000
0.301356 -0.050466 0.672290 130.000000 122.000000 113.000000
0.318274 -0.051422 0.685400 123.000000 120.000000 110.000000
0.333447 -0.052039 0.693910 127.000000 113.000000 114.000000
-0.166730 -0.022171 0.376050 154.000000 169.000000 177.000000
-0.136263 -0.023269 0.392380 48.000000 50.000000 52.000000
0.021822 -0.029945 0.496570 85.000000 85.000000 85.000000
0.094818 -0.032484 0.541420 138.000000 135.000000 129.000000
0.181073 -0.035381 0.595010 133.000000 127.000000 122.000000
0.205381 -0.036225 0.610650 131.000000 124.000000 124.000000
0.244458 -0.037613 0.636180 131.000000 118.000000 111.000000
0.258304 -0.038118 0.645380 129.000000 121.000000 112.000000
0.285424 -0.038930 0.660330 116.000000 118.000000 110.000000
0.317550 -0.040255 0.683790 129.000000 119.000000 111.000000
0.334571 -0.040965 0.696210 131.000000 116.000000 110.000000
-0.162082 -0.016243 0.379270 162.000000 165.000000 177.000000
-0.097543 -0.018054 0.415380 93.000000 92.000000 99.000000
0.147185 -0.024923 0.574540 136.000000 126.000000 120.000000
0.229082 -0.026733 0.621920 137.000000 123.000000 112.000000
0.242637 -0.027105 0.631350 119.000000 113.000000 106.000000
0.257602 -0.027596 0.643540 127.000000 122.000000 110.000000
0.285454 -0.028255 0.660330 128.000000 116.000000 107.000000
0.299866 -0.028592 0.668840 122.000000 119.000000 109.000000
0.314476 -0.028922 0.677120 136.000000 120.000000 109.000000
0.331495 -0.029441 0.689770 126.000000 113.000000 110.000000
-0.162097 -0.010106 0.379270 148.000000 160.000000 165.000000
-0.130789 -0.010611 0.394680 157.000000 156.000000 163.000000
-0.125554 -0.010721 0.398130 160.000000 163.000000 173.000000
-0.091540 -0.011372 0.418600 154.000000 152.000000 160.000000
0.104204 -0.014812 0.544180 141.000000 131.000000 123.000000
0.180021 -0.015934 0.591330 134.000000 121.000000 116.000000
0.192586 -0.016169 0.600990 126.000000 125.000000 121.000000
0.216099 -0.016444 0.613180 127.000000 120.000000 111.000000
0.256250 -0.017087 0.640090 125.000000 118.000000 116.000000
0.269547 -0.017259 0.647450 126.000000 117.000000 116.000000
0.284088 -0.017492 0.657110 127.000000 117.000000 109.000000
0.297931 -0.017664 0.664470 127.000000 117.000000 95.000000
0.312255 -0.017850 0.672290 132.000000 116.000000 101.000000
0.329304 -0.018172 0.685170 127.000000 116.000000 99.000000
-0.156599 -0.003992 0.380650 159.000000 161.000000 165.000000
-0.151871 -0.004040 0.384100 155.000000 158.000000 170.000000
-0.085737 -0.004587 0.423430 151.000000 156.000000 166.000000
-0.046713 -0.004891 0.447350 138.000000 146.000000 150.000000
0.215310 -0.006470 0.610880 128.000000 123.000000 113.000000
0.228710 -0.006557 0.620770 126.000000 119.000000 108.000000
0.241539 -0.006618 0.628360 124.000000 118.000000 109.000000
0.269281 -0.006774 0.646760 121.000000 118.000000 107.000000
0.297436 -0.006909 0.663320 129.000000 113.000000 110.000000
0.311634 -0.006969 0.670910 124.000000 117.000000 103.000000
0.327554 -0.007059 0.681490 120.000000 116.000000 97.000000
-0.184491 0.002127 0.362940 154.000000 160.000000 164.000000
-0.146872 0.002195 0.387090 162.000000 159.000000 163.000000
-0.115072 0.002269 0.406180 148.000000 151.000000 161.000000
-0.109640 0.002288 0.410320 146.000000 147.000000 154.000000
-0.073480 0.002390 0.432400 130.000000 131.000000 138.000000
0.124200 0.003077 0.554530 132.000000 126.000000 117.000000
0.156366 0.003201 0.574080 127.000000 121.000000 116.000000
0.190851 0.003342 0.595470 127.000000 119.000000 113.000000
0.228809 0.003512 0.621000 120.000000 119.000000 115.000000
0.255458 0.003631 0.638020 126.000000 118.000000 112.000000
0.268148 0.003678 0.644000 129.000000 113.000000 112.000000
0.281939 0.003738 0.652050 124.000000 114.000000 108.000000
0.296835 0.003810 0.661940 126.000000 114.000000 104.000000
0.311011 0.003870 0.669530 121.000000 118.000000 105.000000
0.327573 0.003957 0.681490 125.000000 117.000000 111.000000
-0.184269 0.007990 0.362480 154.000000 163.000000 167.000000
-0.179823 0.008044 0.365470 152.000000 158.000000 165.000000
-0.151431 0.008386 0.382950 152.000000 154.000000 165.000000
-0.146265 0.008438 0.385480 148.000000 161.000000 163.000000
-0.103832 0.009056 0.413540 147.000000 151.000000 154.000000
-0.067125 0.009586 0.437000 148.000000 142.000000 148.000000
0.093354 0.011678 0.532680 134.000000 122.000000 126.000000
0.266722 0.014028 0.640550 125.000000 112.000000 109.000000
0.296023 0.014476 0.660100 122.000000 112.000000 104.000000
0.311348 0.014712 0.670220 117.000000 111.000000 104.000000
0.327702 0.014981 0.681720 117.000000 114.000000 104.000000
-0.184049 0.013839 0.362020 156.000000 162.000000 167.000000
-0.179495 0.013931 0.364780 156.000000 157.000000 161.000000
-0.141270 0.014816 0.388700 151.000000 151.000000 153.000000
-0.103596 0.015774 0.412620 145.000000 152.000000 154.000000
-0.066943 0.016714 0.435850 147.000000 146.000000 153.000000
-0.032651 0.017540 0.456550 138.000000 140.000000 142.000000
0.134982 0.021491 0.562120 130.000000 122.000000 115.000000
0.202853 0.022980 0.602830 122.000000 119.000000 107.000000
0.240590 0.023838 0.625830 124.000000 112.000000 98.000000
0.253168 0.024082 0.632270 124.000000 114.000000 106.000000
0.266822 0.024407 0.640780 118.000000 111.000000 98.000000
0.281362 0.024787 0.650670 118.000000 116.000000 105.000000
0.295622 0.025119 0.659180 122.000000 114.000000 105.000000
0.310507 0.025481 0.668380 122.000000 115.000000 101.000000
0.326615 0.025918 0.679420 132.000000 115.000000 91.000000
-0.183597 0.019650 0.361100 146.000000 154.000000 161.000000
-0.179281 0.019811 0.364320 159.000000 161.000000 165.000000
-0.174565 0.019937 0.366850 147.000000 149.000000 164.000000
-0.109011 0.022246 0.408020 149.000000 153.000000 159.000000
-0.097511 0.022664 0.415150 148.000000 146.000000 156.000000
-0.060086 0.023990 0.437920 144.000000 141.000000 144.000000
0.202066 0.032648 0.600530 125.000000 118.000000 105.000000
0.214991 0.033145 0.609960 127.000000 114.000000 110.000000
0.240141 0.033920 0.624680 120.000000 113.000000 104.000000
0.280370 0.035192 0.648370 122.000000 117.000000 107.000000
0.308490 0.036054 0.664010 120.000000 113.000000 102.000000
0.324754 0.036694 0.675510 119.000000 111.000000 105.000000
-0.178276 0.025562 0.362250 150.000000 156.000000 159.000000
-0.174027 0.025794 0.365700 150.000000 159.000000 158.000000
-0.140837 0.027352 0.387550 152.000000 151.000000 161.000000
-0.135832 0.027609 0.391000 150.000000 150.000000 152.000000
-0.097223 0.029364 0.414000 151.000000 147.000000 155.000000
-0.060041 0.031159 0.437690 145.000000 140.000000 142.000000
0.225823 0.043234 0.612950 120.000000 118.000000 102.000000
0.265285 0.044896 0.637100 120.000000 115.000000 103.000000
0.278878 0.045442 0.644920 119.000000 112.000000 101.000000
0.293262 0.046075 0.653890 116.000000 113.000000 105.000000
0.307646 0.046666 0.662170 116.000000 114.000000 99.000000
0.322672 0.047314 0.671140 122.000000 112.000000 104.000000
-0.178178 0.031408 0.362020 145.000000 160.000000 155.000000
-0.169382 0.031945 0.368460 149.000000 155.000000 160.000000
-0.140321 0.033520 0.386170 149.000000 155.000000 160.000000
-0.091351 0.036489 0.417910 151.000000 146.000000 148.000000
-0.053214 0.038616 0.440680 145.000000 142.000000 145.000000
0.144039 0.049004 0.562350 128.000000 117.000000 105.000000
0.225462 0.053093 0.612030 124.000000 116.000000 110.000000
0.250470 0.054227 0.625600 120.000000 116.000000 101.000000
0.278477 0.055799 0.644000 117.000000 116.000000 107.000000
0.292544 0.056516 0.652280 117.000000 116.000000 105.000000
0.307123 0.057280 0.661020 112.000000 114.000000 98.000000
0.321365 0.057934 0.668380 122.000000 112.000000 106.000000
-0.182491 0.036963 0.358800 149.000000 153.000000 159.000000
-0.173939 0.037612 0.365470 155.000000 154.000000 161.000000
-0.169070 0.037840 0.367770 153.000000 155.000000 159.000000
-0.135076 0.040089 0.388930 154.000000 153.000000 158.000000
-0.129911 0.040445 0.392150 149.000000 148.000000 155.000000
-0.096687 0.042661 0.411930 146.000000 146.000000 146.000000
-0.046373 0.046265 0.444590 141.000000 138.000000 142.000000
0.064402 0.053117 0.510830 130.000000 127.000000 119.000000
0.073611 0.053710 0.516810 129.000000 126.000000 114.000000
0.188242 0.060609 0.587650 126.000000 116.000000 103.000000
0.237168 0.063505 0.617090 123.000000 115.000000 108.000000
0.263060 0.064978 0.631810 123.000000 110.000000 101.000000
0.291618 0.066857 0.650210 123.000000 113.000000 107.000000
0.306601 0.067858 0.659870 120.000000 113.000000 102.000000
0.319839 0.068420 0.665160 117.000000 107.000000 101.000000
-0.173514 0.043422 0.364550 151.000000 150.000000 159.000000
-0.164253 0.044093 0.370300 159.000000 154.000000 158.000000
-0.134653 0.046261 0.387780 153.000000 150.000000 155.000000
-0.129579 0.046700 0.391230 160.000000 152.000000 159.000000
-0.124608 0.047224 0.395370 147.000000 146.000000 149.000000
-0.090386 0.049630 0.413770 145.000000 142.000000 145.000000
-0.052865 0.052746 0.438150 145.000000 142.000000 143.000000
0.175908 0.069068 0.578220 123.000000 113.000000 107.000000
0.211475 0.071570 0.600300 117.000000 114.000000 106.000000
0.236345 0.073253 0.615020 117.000000 112.000000 100.000000
0.249140 0.074102 0.622380 115.000000 110.000000 103.000000
0.263236 0.075259 0.632270 120.000000 112.000000 108.000000
0.275680 0.075877 0.637560 121.000000 109.000000 102.000000
0.287906 0.076394 0.641930 116.000000 109.000000 97.000000
0.304263 0.077935 0.654810 117.000000 112.000000 100.000000
0.319201 0.079024 0.663780 122.000000 108.000000 96.000000
-0.177786 0.048883 0.361100 157.000000 150.000000 164.000000
-0.168661 0.049627 0.366850 150.000000 151.000000 157.000000
-0.164254 0.050089 0.370300 147.000000 150.000000 158.000000
-0.159755 0.050558 0.373750 151.000000 148.000000 149.000000
-0.129473 0.053015 0.391000 147.000000 146.000000 153.000000
-0.084568 0.057036 0.418370 148.000000 140.000000 149.000000
-0.045993 0.060374 0.441370 143.000000 136.000000 141.000000
0.063904 0.069351 0.507380 132.000000 123.000000 124.000000
0.073115 0.070193 0.513820 133.000000 123.000000 112.000000
0.111668 0.073368 0.538430 121.000000 121.000000 110.000000
0.132290 0.075079 0.551770 122.000000 119.000000 107.000000
0.261687 0.084994 0.628590 115.000000 113.000000 96.000000
0.274777 0.085914 0.635490 122.000000 112.000000 106.000000
0.287806 0.086752 0.641700 122.000000 107.000000 98.000000
0.303958 0.088442 0.654120 119.000000 111.000000 107.000000
0.319674 0.089898 0.664700 113.000000 110.000000 99.000000
-0.173000 0.055063 0.363400 146.000000 148.000000 161.000000
-0.163746 0.055912 0.369150 140.000000 144.000000 147.000000
-0.158963 0.056331 0.371910 143.000000 146.000000 157.000000
-0.154202 0.056792 0.374900 149.000000 146.000000 152.000000
-0.123888 0.059738 0.393300 143.000000 142.000000 149.000000
-0.118325 0.060161 0.395830 139.000000 142.000000 148.000000
-0.084528 0.063847 0.418370 143.000000 138.000000 142.000000
-0.078415 0.064451 0.422050 145.000000 140.000000 146.000000
-0.045943 0.067545 0.441140 141.000000 136.000000 135.000000
-0.039050 0.068169 0.445050 136.000000 131.000000 135.000000
0.005179 0.072603 0.473570 131.000000 126.000000 130.000000
0.037775 0.075435 0.492430 138.000000 124.000000 122.000000
0.082441 0.079477 0.520030 127.000000 123.000000 119.000000
0.111376 0.081955 0.537280 123.000000 119.000000 116.000000
0.121618 0.082950 0.544180 121.000000 118.000000 107.000000
0.152588 0.085362 0.561200 124.000000 114.000000 106.000000
0.185962 0.088192 0.580980 120.000000 114.000000 109.000000
0.197826 0.089290 0.588570 123.000000 114.000000 103.000000
0.209847 0.090356 0.595930 118.000000 112.000000 105.000000
0.234511 0.092468 0.610420 112.000000 111.000000 103.000000
0.260329 0.094679 0.625370 111.000000 108.000000 100.000000
0.274074 0.095955 0.633880 120.000000 110.000000 100.000000
0.304085 0.099069 0.654350 121.000000 106.000000 95.000000
0.318715 0.100353 0.662630 111.000000 111.000000 95.000000
-0.163138 0.061660 0.367770 146.000000 146.000000 146.000000
-0.153813 0.062707 0.373980 145.000000 147.000000 151.000000
-0.123487 0.065919 0.392150 146.000000 145.000000 150.000000
-0.118147 0.066501 0.395370 143.000000 144.000000 152.000000
-0.112761 0.067125 0.398820 147.000000 144.000000 150.000000
-0.090064 0.069672 0.412850 142.000000 142.000000 142.000000
-0.078330 0.071277 0.421820 138.000000 135.000000 136.000000
-0.071896 0.071747 0.424350 140.000000 138.000000 139.000000
-0.045842 0.074618 0.440450 140.000000 132.000000 137.000000
-0.038925 0.075230 0.443900 138.000000 128.000000 132.000000
-0.002572 0.079004 0.465750 141.000000 128.000000 125.000000
0.005142 0.079822 0.470580 132.000000 123.000000 122.000000
0.037591 0.083114 0.490360 127.000000 126.000000 122.000000
0.046211 0.084137 0.496570 125.000000 121.000000 118.000000
0.072735 0.086589 0.511750 127.000000 121.000000 118.000000
0.082319 0.087863 0.519570 126.000000 117.000000 116.000000
0.110841 0.090299 0.534980 118.000000 116.000000 112.000000
0.121198 0.091518 0.542570 122.000000 114.000000 107.000000
0.141662 0.093328 0.554070 125.000000 113.000000 101.000000
0.152150 0.094232 0.559820 124.000000 114.000000 108.000000
0.163274 0.095406 0.567180 118.000000 116.000000 105.000000
0.197772 0.098820 0.588570 119.000000 114.000000 100.000000
0.221299 0.100843 0.601220 123.000000 108.000000 100.000000
0.233062 0.101729 0.606740 117.000000 111.000000 102.000000
0.260312 0.104798 0.625370 117.000000 112.000000 100.000000
0.274467 0.106369 0.634800 115.000000 107.000000 100.000000
0.304538 0.109823 0.655270 119.000000 105.000000 94.000000
0.318205 0.110902 0.661480 113.000000 110.000000 97.000000
-0.167642 0.067040 0.364550 155.000000 147.000000 152.000000
-0.162838 0.067492 0.367080 137.000000 144.000000 153.000000
-0.158269 0.068080 0.370300 144.000000 144.000000 156.000000
-0.153330 0.068550 0.372830 148.000000 142.000000 146.000000
-0.128531 0.071552 0.388470 139.000000 141.000000 145.000000
-0.117829 0.072736 0.394450 146.000000 137.000000 147.000000
-0.112716 0.073587 0.398820 141.000000 138.000000 144.000000
-0.101641 0.074999 0.405950 140.000000 137.000000 143.000000
-0.084160 0.077187 0.416990 140.000000 137.000000 141.000000
-0.078114 0.077958 0.420900 141.000000 135.000000 139.000000
-0.071697 0.078472 0.423430 143.000000 138.000000 140.000000
-0.045788 0.081741 0.440220 141.000000 134.000000 136.000000
-0.031930 0.083291 0.448270 134.000000 125.000000 128.000000
-0.002569 0.086503 0.465290 132.000000 126.000000 121.000000
0.005132 0.087399 0.470120 132.000000 125.000000 125.000000
0.013016 0.088460 0.475870 132.000000 126.000000 121.000000
0.037528 0.091009 0.489900 131.000000 122.000000 121.000000
0.045964 0.091789 0.494270 129.000000 120.000000 116.000000
0.081794 0.095751 0.516580 124.000000 115.000000 116.000000
0.091324 0.096889 0.523020 129.000000 119.000000 111.000000
0.120877 0.100107 0.541420 118.000000 115.000000 109.000000
0.131169 0.101230 0.547860 124.000000 114.000000 110.000000
0.141302 0.102097 0.552920 124.000000 111.000000 106.000000
0.151709 0.103048 0.558440 128.000000 113.000000 106.000000
0.185476 0.106794 0.579830 117.000000 110.000000 108.000000
0.197329 0.108132 0.587420 120.000000 116.000000 97.000000
0.208776 0.109136 0.593170 113.000000 114.000000 98.000000
0.232849 0.111460 0.606280 107.000000 108.000000 101.000000
0.246274 0.113120 0.615480 119.000000 109.000000 96.000000
0.273571 0.116264 0.632730 115.000000 110.000000 101.000000
0.288145 0.118049 0.642390 115.000000 107.000000 100.000000
0.302539 0.119639 0.650900 119.000000 102.000000 92.000000
0.317705 0.121420 0.660330 117.000000 109.000000 101.000000
-0.157877 0.073894 0.369380 138.000000 146.000000 150.000000
-0.148216 0.075057 0.375130 134.000000 143.000000 145.000000
-0.122971 0.078338 0.390770 136.000000 140.000000 148.000000
-0.112344 0.079812 0.397670 140.000000 137.000000 145.000000
-0.106671 0.080415 0.400430 143.000000 138.000000 142.000000
-0.083740 0.083576 0.415150 132.000000 131.000000 136.000000
-0.077768 0.084459 0.419290 138.000000 133.000000 139.000000
-0.071457 0.085109 0.422280 132.000000 134.000000 140.000000
-0.065354 0.086175 0.427340 137.000000 127.000000 130.000000
-0.038770 0.089433 0.442750 135.000000 128.000000 130.000000
-0.031825 0.090342 0.447120 136.000000 125.000000 122.000000
-0.024718 0.091199 0.451260 132.000000 126.000000 121.000000
0.005105 0.094621 0.468050 134.000000 123.000000 120.000000
0.012948 0.095775 0.473800 134.000000 121.000000 119.000000
0.045843 0.099631 0.493350 125.000000 119.000000 112.000000
0.063420 0.101870 0.504850 127.000000 113.000000 114.000000
0.081411 0.103715 0.514510 126.000000 118.000000 114.000000
0.091064 0.105139 0.521870 129.000000 114.000000 105.000000
0.100680 0.106281 0.527850 121.000000 115.000000 112.000000
0.119321 0.107537 0.534750 123.000000 112.000000 111.000000
0.129944 0.109132 0.543030 124.000000 115.000000 104.000000
0.162082 0.113031 0.563500 120.000000 114.000000 100.000000
0.173446 0.114486 0.571090 125.000000 113.000000 103.000000
0.184678 0.115712 0.577530 122.000000 115.000000 99.000000
0.208482 0.118591 0.592480 122.000000 111.000000 108.000000
0.221634 0.120522 0.602370 117.000000 110.000000 98.000000
0.232815 0.121266 0.606280 121.000000 110.000000 98.000000
0.245053 0.122480 0.612490 109.000000 114.000000 96.000000
0.258946 0.124396 0.622150 123.000000 106.000000 98.000000
0.273077 0.126280 0.631580 116.000000 108.000000 99.000000
0.287237 0.128044 0.640320 109.000000 109.000000 91.000000
0.301083 0.129551 0.647680 114.000000 109.000000 97.000000
0.316995 0.131818 0.658720 117.000000 105.000000 91.000000
-0.162660 0.079296 0.366620 145.000000 139.000000 150.000000
-0.153129 0.080525 0.372370 146.000000 144.000000 152.000000
-0.147749 0.080880 0.373980 143.000000 143.000000 145.000000
-0.111972 0.085994 0.396520 142.000000 135.000000 135.000000
-0.106560 0.086842 0.400200 136.000000 137.000000 141.000000
-0.101022 0.087692 0.403880 130.000000 134.000000 135.000000
-0.077548 0.091049 0.418370 135.000000 133.000000 143.000000
-0.065169 0.092897 0.426420 141.000000 135.000000 132.000000
-0.058720 0.093743 0.430100 138.000000 128.000000 132.000000
-0.052197 0.094686 0.434240 141.000000 128.000000 125.000000
-0.045531 0.095625 0.438380 133.000000 126.000000 128.000000
-0.038660 0.096410 0.441830 135.000000 128.000000 130.000000
-0.031801 0.097592 0.447120 132.000000 127.000000 131.000000
-0.024636 0.098266 0.450110 132.000000 123.000000 124.000000
-0.002551 0.101009 0.462530 128.000000 123.000000 127.000000
0.005097 0.102162 0.467820 128.000000 122.000000 117.000000
0.012912 0.103259 0.472880 131.000000 121.000000 117.000000
0.020899 0.104399 0.478170 130.000000 122.000000 115.000000
0.054275 0.108391 0.497030 130.000000 114.000000 113.000000
0.063372 0.110050 0.504850 125.000000 119.000000 112.000000
0.081281 0.111947 0.514050 126.000000 113.000000 110.000000
0.090682 0.113189 0.520030 127.000000 117.000000 107.000000
0.129378 0.117466 0.540960 129.000000 111.000000 108.000000
0.150570 0.120317 0.554760 117.000000 116.000000 107.000000
0.161351 0.121643 0.561200 119.000000 113.000000 97.000000
0.172192 0.122870 0.567180 112.000000 113.000000 96.000000
0.207460 0.127571 0.589720 115.000000 114.000000 94.000000
0.244850 0.132290 0.612030 112.000000 107.000000 86.000000
0.258462 0.134219 0.621000 124.000000 106.000000 91.000000
0.271199 0.135567 0.627210 117.000000 109.000000 101.000000
0.286133 0.137879 0.637790 119.000000 107.000000 95.000000
0.300173 0.139616 0.645610 116.000000 110.000000 87.000000
0.315412 0.141778 0.655270 115.000000 107.000000 98.000000
-0.180558 0.082575 0.354200 139.000000 147.000000 154.000000
-0.152750 0.086343 0.371450 139.000000 143.000000 144.000000
-0.147558 0.086827 0.373520 138.000000 140.000000 144.000000
-0.142660 0.087535 0.376510 141.000000 141.000000 141.000000
-0.117076 0.091390 0.392380 133.000000 143.000000 142.000000
-0.111664 0.092187 0.395600 137.000000 139.000000 141.000000
-0.106204 0.093040 0.399050 140.000000 138.000000 139.000000
-0.100626 0.093896 0.402500 138.000000 133.000000 135.000000
-0.077370 0.097651 0.417680 139.000000 132.000000 130.000000
-0.071128 0.098455 0.420900 132.000000 129.000000 134.000000
-0.064982 0.099579 0.425500 132.000000 132.000000 132.000000
-0.058677 0.100700 0.430100 140.000000 128.000000 128.000000
-0.031612 0.104289 0.444820 137.000000 126.000000 127.000000
-0.024541 0.105228 0.448730 127.000000 122.000000 123.000000
-0.002544 0.108226 0.461380 131.000000 122.000000 123.000000
0.012862 0.110589 0.471500 129.000000 120.000000 118.000000
0.020791 0.111653 0.476100 132.000000 117.000000 115.000000
0.045577 0.115126 0.491280 125.000000 119.000000 114.000000
0.054181 0.116324 0.496570 125.000000 117.000000 111.000000
0.062977 0.117570 0.502090 120.000000 115.000000 105.000000
0.071910 0.118756 0.507380 125.000000 118.000000 107.000000
0.081004 0.119936 0.512670 124.000000 116.000000 107.000000
0.090378 0.121273 0.518650 120.000000 113.000000 102.000000
0.100110 0.122820 0.525550 117.000000 113.000000 110.000000
0.118976 0.124615 0.533830 122.000000 113.000000 111.000000
0.139913 0.127850 0.548320 119.000000 108.000000 91.000000
0.161216 0.130654 0.560970 120.000000 112.000000 108.000000
0.171358 0.131443 0.564650 113.000000 109.000000 101.000000
0.182643 0.132985 0.571550 125.000000 108.000000 98.000000
0.194919 0.135067 0.580750 111.000000 109.000000 94.000000
0.206846 0.136728 0.588110 110.000000 111.000000 92.000000
0.219861 0.138931 0.597770 112.000000 106.000000 101.000000
0.232314 0.140610 0.605130 119.000000 104.000000 100.000000
0.244835 0.142195 0.612030 115.000000 107.000000 96.000000
0.257602 0.143795 0.618930 118.000000 103.000000 99.000000
0.269627 0.144879 0.623530 113.000000 107.000000 93.000000
0.282768 0.146465 0.630200 112.000000 107.000000 95.000000
0.298527 0.149251 0.641930 111.000000 104.000000 91.000000
0.314398 0.151906 0.652970 114.000000 102.000000 93.000000
-0.180654 0.088374 0.354200 143.000000 141.000000 153.000000
-0.175974 0.088911 0.356730 148.000000 146.000000 158.000000
-0.147643 0.092934 0.373750 144.000000 140.000000 148.000000
-0.142471 0.093513 0.376050 143.000000 142.000000 147.000000
-0.137569 0.094330 0.379270 141.000000 141.000000 141.000000
-0.111292 0.098288 0.394450 135.000000 133.000000 132.000000
-0.105909 0.099253 0.398130 136.000000 135.000000 140.000000
-0.100516 0.100337 0.402270 140.000000 132.000000 137.000000
-0.094822 0.101250 0.405720 134.000000 128.000000 132.000000
-0.071079 0.105250 0.420900 134.000000 127.000000 129.000000
-0.064549 0.105816 0.422970 137.000000 130.000000 133.000000
-0.058226 0.106897 0.427110 130.000000 125.000000 127.000000
-0.051870 0.108206 0.432170 134.000000 127.000000 127.000000
-0.038479 0.110351 0.440450 128.000000 121.000000 125.000000
-0.031505 0.111186 0.443670 133.000000 125.000000 121.000000
-0.024459 0.112189 0.447580 131.000000 122.000000 123.000000
-0.017298 0.113301 0.451950 133.000000 120.000000 113.000000
0.012819 0.117918 0.470350 129.000000 121.000000 114.000000
0.020752 0.119228 0.475640 126.000000 117.000000 118.000000
0.028771 0.120186 0.479550 127.000000 114.000000 110.000000
0.045390 0.122657 0.489670 127.000000 115.000000 117.000000
0.053961 0.123940 0.494960 124.000000 114.000000 110.000000
0.062667 0.125159 0.500020 123.000000 112.000000 111.000000
0.089713 0.128783 0.515200 127.000000 113.000000 116.000000
0.099210 0.130211 0.521180 119.000000 111.000000 105.000000
0.109174 0.131980 0.528540 120.000000 114.000000 109.000000
0.119057 0.133402 0.534520 119.000000 111.000000 107.000000
0.128903 0.134592 0.539580 113.000000 114.000000 109.000000
0.139547 0.136412 0.547170 120.000000 108.000000 101.000000
0.161147 0.139708 0.560970 128.000000 114.000000 100.000000
0.182877 0.142443 0.572470 111.000000 111.000000 99.000000
0.194094 0.143876 0.578450 119.000000 108.000000 93.000000
0.206316 0.145888 0.586730 116.000000 108.000000 101.000000
0.219150 0.148138 0.595930 113.000000 106.000000 97.000000
0.231409 0.149828 0.602830 111.000000 104.000000 93.000000
0.256560 0.153197 0.616400 117.000000 105.000000 93.000000
0.269160 0.154709 0.622380 108.000000 107.000000 96.000000
0.282202 0.156359 0.628820 108.000000 106.000000 102.000000
0.298180 0.159466 0.641010 118.000000 107.000000 92.000000
0.313514 0.162033 0.650900 116.000000 103.000000 98.000000
-0.180648 0.094125 0.353970 142.000000 143.000000 149.000000
-0.175496 0.094445 0.355580 145.000000 146.000000 153.000000
-0.147280 0.098746 0.372830 136.000000 136.000000 138.000000
-0.142026 0.099296 0.374900 135.000000 140.000000 139.000000
-0.137300 0.100282 0.378580 140.000000 139.000000 144.000000
-0.132384 0.101216 0.382030 131.000000 137.000000 142.000000
-0.122086 0.102984 0.388470 135.000000 128.000000 140.000000
-0.111181 0.104591 0.394220 137.000000 132.000000 134.000000
-0.100178 0.106519 0.401120 134.000000 132.000000 131.000000
-0.094608 0.107609 0.405030 126.000000 129.000000 128.000000
-0.077055 0.110823 0.416530 135.000000 122.000000 120.000000
-0.064398 0.112452 0.422280 129.000000 130.000000 127.000000
-0.057995 0.113416 0.425730 131.000000 122.000000 121.000000
-0.051582 0.114622 0.430100 130.000000 124.000000 131.000000
-0.031447 0.118217 0.443210 127.000000 121.000000 118.000000
-0.017275 0.120527 0.451720 134.000000 121.000000 116.000000
-0.009968 0.121581 0.455630 126.000000 119.000000 121.000000
-0.002534 0.122751 0.460000 122.000000 116.000000 116.000000
0.020642 0.126345 0.473570 125.000000 116.000000 115.000000
0.028676 0.127611 0.478400 122.000000 116.000000 114.000000
0.053666 0.131306 0.492660 126.000000 113.000000 106.000000
0.062444 0.132852 0.498640 116.000000 112.000000 111.000000
0.071278 0.134147 0.503700 120.000000 113.000000 113.000000
0.098924 0.138306 0.520030 119.000000 112.000000 103.000000
0.108677 0.139950 0.526470 121.000000 110.000000 105.000000
0.128721 0.143169 0.539120 122.000000 112.000000 104.000000
0.149359 0.146202 0.551080 120.000000 115.000000 105.000000
0.160419 0.148148 0.558670 119.000000 112.000000 103.000000
0.171300 0.149731 0.564880 119.000000 106.000000 92.000000
0.182233 0.151197 0.570630 115.000000 98.000000 94.000000
0.205064 0.154456 0.583280 111.000000 110.000000 103.000000
0.217346 0.156497 0.591100 117.000000 109.000000 101.000000
0.230954 0.159281 0.601680 113.000000 102.000000 99.000000
0.243727 0.161289 0.609270 114.000000 98.000000 94.000000
0.256486 0.163134 0.616170 112.000000 103.000000 87.000000
0.270000 0.165305 0.624220 118.000000 100.000000 97.000000
0.284440 0.167868 0.633650 112.000000 99.000000 85.000000
0.298708 0.170156 0.641930 115.000000 101.000000 87.000000
0.312318 0.171931 0.648140 103.000000 97.000000 92.000000
-0.180307 0.099692 0.353050 155.000000 142.000000 151.000000
-0.175601 0.100280 0.355580 140.000000 142.000000 146.000000
-0.170754 0.100826 0.357880 133.000000 138.000000 145.000000
-0.151934 0.103841 0.369380 141.000000 140.000000 143.000000
-0.147197 0.104728 0.372600 142.000000 140.000000 141.000000
-0.142023 0.105369 0.374900 137.000000 137.000000 137.000000
-0.137204 0.106344 0.378350 134.000000 133.000000 138.000000
-0.132283 0.107328 0.381800 134.000000 131.000000 139.000000
-0.094450 0.114005 0.404570 127.000000 132.000000 130.000000
-0.088504 0.114834 0.407330 130.000000 128.000000 126.000000
-0.082740 0.116052 0.411470 130.000000 127.000000 130.000000
-0.076749 0.117141 0.415150 130.000000 127.000000 128.000000
-0.070398 0.117840 0.417450 139.000000 126.000000 123.000000
-0.064281 0.119121 0.421820 134.000000 120.000000 121.000000
-0.057920 0.120205 0.425500 134.000000 122.000000 124.000000
-0.051515 0.121481 0.429870 128.000000 123.000000 123.000000
-0.045032 0.122949 0.434930 129.000000 123.000000 121.000000
-0.031389 0.125221 0.442750 131.000000 122.000000 123.000000
-0.024356 0.126285 0.446430 131.000000 122.000000 119.000000
-0.017226 0.127538 0.450800 130.000000 119.000000 120.000000
-0.009936 0.128589 0.454480 126.000000 117.000000 118.000000
0.005040 0.131455 0.464600 126.000000 119.000000 117.000000
0.012737 0.132487 0.468280 123.000000 114.000000 110.000000
0.020623 0.133967 0.473570 124.000000 114.000000 110.000000
0.045035 0.137587 0.486680 124.000000 115.000000 114.000000
0.053471 0.138846 0.491280 122.000000 112.000000 106.000000
0.062423 0.140943 0.498870 122.000000 111.000000 110.000000
0.071255 0.142319 0.503930 127.000000 117.000000 105.000000
0.080315 0.143820 0.509450 119.000000 108.000000 105.000000
0.098639 0.146355 0.518880 120.000000 109.000000 104.000000
0.108418 0.148168 0.525550 123.000000 110.000000 103.000000
0.118506 0.150109 0.532680 118.000000 111.000000 100.000000
0.128651 0.151854 0.539120 119.000000 108.000000 101.000000
0.148856 0.154631 0.549470 120.000000 108.000000 101.000000
0.159629 0.156444 0.556140 122.000000 107.000000 98.000000
0.170893 0.158520 0.563730 116.000000 109.000000 93.000000
0.181300 0.159632 0.567870 113.000000 107.000000 102.000000
0.192229 0.161075 0.573160 111.000000 105.000000 100.000000
0.204223 0.163239 0.580980 113.000000 106.000000 95.000000
0.229979 0.168315 0.599150 111.000000 104.000000 93.000000
0.256904 0.173399 0.617090 109.000000 108.000000 88.000000
0.283496 0.177547 0.631350 105.000000 108.000000 87.000000
0.297437 0.179797 0.638940 111.000000 104.000000 91.000000
0.311367 0.181892 0.645840 102.000000 104.000000 96.000000
-0.175496 0.105996 0.355120 146.000000 145.000000 150.000000
-0.170853 0.106699 0.357880 142.000000 136.000000 143.000000
-0.166272 0.107493 0.360870 134.000000 144.000000 143.000000
-0.161121 0.107964 0.362710 141.000000 138.000000 142.000000
-0.147212 0.110779 0.372600 134.000000 141.000000 141.000000
-0.136864 0.112197 0.377430 137.000000 129.000000 137.000000
-0.131630 0.112957 0.379960 136.000000 131.000000 135.000000
-0.126474 0.113862 0.382950 134.000000 131.000000 137.000000
-0.099794 0.119103 0.399970 136.000000 126.000000 127.000000
-0.094079 0.120108 0.403190 130.000000 130.000000 130.000000
-0.088404 0.121322 0.407100 126.000000 125.000000 132.000000
-0.082274 0.122056 0.409400 129.000000 122.000000 127.000000
-0.064271 0.125972 0.422050 129.000000 124.000000 126.000000
-0.051476 0.128392 0.429870 131.000000 122.000000 123.000000
-0.044949 0.129802 0.434470 130.000000 121.000000 117.000000
-0.038186 0.130934 0.438150 127.000000 122.000000 121.000000
-0.031299 0.132062 0.441830 125.000000 118.000000 118.000000
-0.017195 0.134645 0.450340 128.000000 122.000000 117.000000
-0.009903 0.135549 0.453330 127.000000 119.000000 113.000000
-0.002524 0.137066 0.458390 126.000000 114.000000 118.000000
0.005022 0.138577 0.463450 126.000000 118.000000 114.000000
0.012700 0.139736 0.467360 123.000000 114.000000 112.000000
0.020604 0.141577 0.473570 128.000000 115.000000 111.000000
0.028514 0.142449 0.476560 122.000000 110.000000 112.000000
0.036693 0.144001 0.481850 117.000000 114.000000 104.000000
0.044997 0.145409 0.486680 120.000000 112.000000 110.000000
0.053427 0.146742 0.491280 122.000000 112.000000 102.000000
0.062229 0.148618 0.497720 116.000000 112.000000 109.000000
0.071038 0.150077 0.502780 123.000000 113.000000 107.000000
0.080003 0.151531 0.507840 120.000000 110.000000 102.000000
0.089083 0.152912 0.512670 119.000000 113.000000 106.000000
0.098486 0.154563 0.518420 120.000000 113.000000 104.000000
0.107829 0.155869 0.523020 117.000000 108.000000 107.000000
0.117619 0.157585 0.529000 121.000000 110.000000 105.000000
0.127540 0.159231 0.534750 120.000000 113.000000 104.000000
0.138168 0.161494 0.542570 117.000000 105.000000 93.000000
0.148294 0.162938 0.547630 113.000000 109.000000 101.000000
0.159108 0.164932 0.554530 115.000000 105.000000 97.000000
0.170422 0.167204 0.562350 116.000000 106.000000 98.000000
0.180888 0.168458 0.566720 113.000000 105.000000 99.000000
0.192117 0.170268 0.572930 112.000000 106.000000 99.000000
0.203958 0.172430 0.580290 102.000000 104.000000 94.000000
0.215881 0.174470 0.587190 114.000000 102.000000 93.000000
0.228751 0.177073 0.595930 112.000000 102.000000 89.000000
0.242390 0.180037 0.605820 112.000000 101.000000 94.000000
0.254945 0.181999 0.612260 110.000000 105.000000 91.000000
0.269144 0.184946 0.621920 113.000000 104.000000 89.000000
0.282469 0.187103 0.628820 121.000000 100.000000 89.000000
0.296833 0.189777 0.637330 104.000000 102.000000 87.000000
0.311998 0.192767 0.646760 104.000000 99.000000 87.000000
-0.180038 0.111016 0.351900 134.000000 140.000000 143.000000
-0.175297 0.111645 0.354430 144.000000 140.000000 146.000000
-0.170421 0.112229 0.356730 145.000000 142.000000 136.000000
-0.165943 0.113127 0.359950 152.000000 137.000000 142.000000
-0.156098 0.114479 0.364780 130.000000 137.000000 146.000000
-0.136699 0.118172 0.376970 138.000000 133.000000 137.000000
-0.131462 0.118964 0.379500 137.000000 133.000000 130.000000
-0.126381 0.119983 0.382720 135.000000 136.000000 131.000000
-0.120985 0.120794 0.385250 135.000000 130.000000 132.000000
-0.110476 0.123014 0.392150 137.000000 127.000000 130.000000
-0.104994 0.124060 0.395370 138.000000 129.000000 130.000000
-0.099521 0.125255 0.399050 134.000000 126.000000 133.000000
-0.093819 0.126309 0.402270 126.000000 128.000000 130.000000
-0.088008 0.127365 0.405490 135.000000 124.000000 121.000000
-0.082180 0.128567 0.409170 130.000000 124.000000 131.000000
-0.076270 0.129842 0.413080 134.000000 122.000000 126.000000
-0.070266 0.131189 0.417220 131.000000 123.000000 116.000000
-0.057805 0.133807 0.425270 130.000000 121.000000 121.000000
-0.044701 0.136126 0.432400 123.000000 120.000000 112.000000
-0.038037 0.137533 0.436770 132.000000 124.000000 116.000000
-0.031176 0.138719 0.440450 126.000000 119.000000 119.000000
-0.017147 0.141582 0.449420 124.000000 115.000000 116.000000
-0.009891 0.142751 0.453100 126.000000 117.000000 116.000000
-0.002518 0.144132 0.457470 122.000000 116.000000 112.000000
0.005006 0.145723 0.462530 126.000000 116.000000 105.000000
0.012675 0.147091 0.466900 119.000000 111.000000 116.000000
0.020475 0.148380 0.471040 123.000000 114.000000 112.000000
0.028393 0.149589 0.474950 121.000000 110.000000 105.000000
0.036452 0.150865 0.479090 115.000000 113.000000 109.000000
0.044832 0.152786 0.485300 129.000000 113.000000 110.000000
0.053258 0.154266 0.490130 125.000000 110.000000 108.000000
0.062037 0.156248 0.496570 121.000000 109.000000 113.000000
0.070627 0.157355 0.500250 124.000000 114.000000 106.000000
0.079620 0.159037 0.505770 118.000000 109.000000 108.000000
0.088863 0.160860 0.511750 123.000000 108.000000 104.000000
0.098074 0.162317 0.516580 120.000000 108.000000 110.000000
0.107575 0.163989 0.522100 116.000000 105.000000 102.000000
0.117351 0.165805 0.528080 122.000000 107.000000 101.000000
0.127148 0.167404 0.533370 116.000000 107.000000 107.000000
0.137813 0.169870 0.541420 116.000000 103.000000 96.000000
0.148361 0.171905 0.548090 114.000000 109.000000 99.000000
0.158924 0.173728 0.554070 119.000000 105.000000 107.000000
0.169819 0.175702 0.560510 119.000000 107.000000 99.000000
0.180485 0.177251 0.565570 122.000000 107.000000 101.000000
0.192014 0.179459 0.572700 112.000000 106.000000 101.000000
0.203946 0.181825 0.580290 113.000000 102.000000 99.000000
0.216476 0.184493 0.588800 113.000000 103.000000 91.000000
0.228332 0.186388 0.594780 113.000000 105.000000 101.000000
0.242250 0.189746 0.605360 108.000000 105.000000 97.000000
0.253961 0.191183 0.609730 113.000000 102.000000 97.000000
0.267551 0.193876 0.618010 106.000000 104.000000 88.000000
0.281157 0.196387 0.625600 107.000000 101.000000 96.000000
0.297758 0.200745 0.638940 106.000000 103.000000 90.000000
0.314217 0.204720 0.650900 96.000000 95.000000 84.000000
-0.180117 0.116803 0.351670 142.000000 138.000000 153.000000
-0.175349 0.117449 0.354200 139.000000 141.000000 143.000000
-0.170448 0.118048 0.356500 134.000000 137.000000 145.000000
-0.166055 0.119055 0.359950 134.000000 140.000000 143.000000
-0.161081 0.119704 0.362250 134.000000 134.000000 134.000000
-0.151015 0.121065 0.366850 139.000000 139.000000 139.000000
-0.146003 0.121848 0.369380 132.000000 135.000000 141.000000
-0.141191 0.122873 0.372600 145.000000 134.000000 143.000000
-0.136459 0.124064 0.376280 139.000000 137.000000 135.000000
-0.131462 0.125116 0.379500 141.000000 133.000000 140.000000
-0.126144 0.125950 0.382030 129.000000 128.000000 133.000000
-0.120968 0.127022 0.385250 140.000000 134.000000 127.000000
-0.115692 0.128101 0.388470 133.000000 130.000000 134.000000
-0.110122 0.128960 0.391000 131.000000 128.000000 129.000000
-0.093562 0.132478 0.401350 120.000000 118.000000 117.000000
-0.088014 0.133962 0.405720 126.000000 125.000000 128.000000
-0.081997 0.134916 0.408480 129.000000 124.000000 126.000000
-0.076226 0.136478 0.413080 127.000000 125.000000 124.000000
-0.070222 0.137889 0.417220 133.000000 120.000000 117.000000
-0.063974 0.139071 0.420670 128.000000 123.000000 123.000000
-0.057640 0.140327 0.424350 131.000000 122.000000 119.000000
-0.051263 0.141810 0.428720 125.000000 121.000000 122.000000
-0.044573 0.142757 0.431480 118.000000 116.000000 114.000000
-0.038008 0.144537 0.436770 126.000000 119.000000 117.000000
-0.031088 0.145476 0.439530 124.000000 117.000000 117.000000
-0.024212 0.147247 0.444820 122.000000 117.000000 107.000000
-0.017108 0.148557 0.448730 129.000000 117.000000 112.000000
-0.009859 0.149633 0.451950 127.000000 113.000000 118.000000
-0.002511 0.151083 0.456320 126.000000 113.000000 108.000000
0.004988 0.152756 0.461380 124.000000 115.000000 112.000000
0.012632 0.154194 0.465750 122.000000 111.000000 110.000000
0.020376 0.155321 0.469200 120.000000 112.000000 106.000000
0.028244 0.156518 0.472880 122.000000 111.000000 110.000000
0.036263 0.157861 0.477020 123.000000 113.000000 107.000000
0.044647 0.160035 0.483690 122.000000 111.000000 108.000000
0.053141 0.161899 0.489440 120.000000 112.000000 106.000000
0.061760 0.163605 0.494730 120.000000 112.000000 108.000000
0.070576 0.165382 0.500250 125.000000 112.000000 109.000000
0.079384 0.166775 0.504620 119.000000 106.000000 103.000000
0.088646 0.168773 0.510830 118.000000 111.000000 109.000000
0.098145 0.170843 0.517270 117.000000 111.000000 104.000000
0.107752 0.172760 0.523250 121.000000 110.000000 98.000000
0.117291 0.174297 0.528080 115.000000 107.000000 100.000000
0.127145 0.176062 0.533600 119.000000 104.000000 102.000000
0.137290 0.177981 0.539580 110.000000 100.000000 92.000000
0.147812 0.180131 0.546250 113.000000 106.000000 95.000000
0.158549 0.182287 0.552920 109.000000 105.000000 102.000000
0.169364 0.184298 0.559130 106.000000 108.000000 96.000000
0.180091 0.186015 0.564420 116.000000 101.000000 95.000000
0.191692 0.188426 0.571780 109.000000 105.000000 102.000000
0.204836 0.192064 0.582820 111.000000 107.000000 90.000000
0.216918 0.194432 0.589950 110.000000 103.000000 89.000000
0.227930 0.195682 0.593630 111.000000 98.000000 91.000000
0.241394 0.198853 0.603060 101.000000 103.000000 93.000000
0.253862 0.200991 0.609270 120.000000 101.000000 94.000000
0.266879 0.203389 0.616170 104.000000 101.000000 93.000000
0.280906 0.206357 0.624680 110.000000 102.000000 94.000000
0.296249 0.210054 0.635260 107.000000 98.000000 83.000000
0.311032 0.213121 0.643770 107.000000 97.000000 87.000000
-0.179871 0.122375 0.350750 142.000000 144.000000 145.000000
-0.175198 0.123115 0.353510 129.000000 136.000000 138.000000
-0.170498 0.123886 0.356270 145.000000 143.000000 141.000000
-0.160883 0.125433 0.361560 127.000000 131.000000 136.000000
-0.155665 0.125964 0.363400 140.000000 133.000000 135.000000
-0.150989 0.126993 0.366620 141.000000 137.000000 129.000000
-0.146054 0.127882 0.369380 141.000000 137.000000 129.000000
-0.141227 0.128947 0.372600 138.000000 135.000000 138.000000
-0.131074 0.130879 0.378350 131.000000 132.000000 141.000000
-0.126067 0.132063 0.381800 138.000000 125.000000 136.000000
-0.120669 0.132939 0.384330 132.000000 130.000000 138.000000
-0.115264 0.133903 0.387090 133.000000 132.000000 128.000000
-0.109903 0.135034 0.390310 130.000000 126.000000 125.000000
-0.104380 0.136091 0.393300 130.000000 125.000000 127.000000
-0.098932 0.137393 0.396980 130.000000 118.000000 124.000000
-0.093525 0.138939 0.401350 133.000000 124.000000 127.000000
-0.088025 0.140567 0.405950 128.000000 126.000000 125.000000
-0.075973 0.142715 0.411930 125.000000 121.000000 120.000000
-0.070027 0.144268 0.416300 127.000000 119.000000 124.000000
-0.063586 0.145024 0.418370 131.000000 120.000000 121.000000
-0.057416 0.146655 0.422970 126.000000 118.000000 114.000000
-0.051092 0.148285 0.427570 129.000000 119.000000 120.000000
-0.044495 0.149513 0.431020 130.000000 118.000000 122.000000
-0.037801 0.150817 0.434700 121.000000 117.000000 112.000000
-0.030984 0.152118 0.438380 128.000000 117.000000 114.000000
-0.024082 0.153654 0.442750 121.000000 114.000000 118.000000
-0.017069 0.155504 0.448040 122.000000 113.000000 111.000000
-0.009833 0.156551 0.451030 125.000000 117.000000 111.000000
-0.002504 0.157991 0.455170 127.000000 116.000000 113.000000
0.004955 0.159266 0.458850 123.000000 111.000000 115.000000
0.012582 0.161173 0.464370 123.000000 113.000000 116.000000
0.020358 0.162835 0.469200 121.000000 110.000000 107.000000
0.028221 0.164092 0.472880 120.000000 108.000000 110.000000
0.036234 0.165503 0.477020 122.000000 111.000000 108.000000
0.044463 0.167227 0.482080 121.000000 108.000000 104.000000
0.052877 0.169025 0.487370 120.000000 106.000000 107.000000
0.061400 0.170659 0.492200 121.000000 109.000000 111.000000
0.070398 0.173087 0.499330 117.000000 108.000000 107.000000
0.079333 0.174872 0.504620 116.000000 112.000000 107.000000
0.088393 0.176575 0.509680 114.000000 108.000000 105.000000
0.097742 0.178514 0.515430 113.000000 107.000000 102.000000
0.107034 0.180055 0.520030 120.000000 110.000000 100.000000
0.116675 0.181914 0.525550 111.000000 106.000000 94.000000
0.126874 0.184332 0.532680 111.000000 105.000000 100.000000
0.136949 0.186276 0.538430 114.000000 102.000000 95.000000
0.147085 0.188065 0.543720 111.000000 106.000000 94.000000
0.157525 0.190020 0.549470 113.000000 108.000000 98.000000
0.168712 0.192619 0.557060 112.000000 106.000000 99.000000
0.180884 0.196025 0.566950 106.000000 101.000000 91.000000
0.191691 0.197695 0.571780 103.000000 102.000000 93.000000
0.203802 0.200494 0.579830 114.000000 102.000000 93.000000
0.214755 0.201961 0.583970 111.000000 98.000000 91.000000
0.226400 0.203928 0.589490 115.000000 105.000000 99.000000
0.240836 0.208150 0.601450 114.000000 98.000000 87.000000
0.253979 0.210972 0.609270 108.000000 102.000000 100.000000
0.265737 0.212476 0.613180 106.000000 103.000000 92.000000
0.279548 0.215456 0.621230 112.000000 100.000000 90.000000
0.294132 0.218806 0.630200 104.000000 101.000000 95.000000
0.309774 0.222693 0.640550 111.000000 103.000000 95.000000
-0.180011 0.128207 0.350520 153.000000 139.000000 156.000000
-0.175189 0.128875 0.353050 135.000000 135.000000 146.000000
-0.170244 0.129496 0.355350 138.000000 133.000000 139.000000
-0.165389 0.130233 0.357880 130.000000 139.000000 140.000000
-0.160706 0.131165 0.360870 137.000000 139.000000 139.000000
-0.155771 0.131955 0.363400 139.000000 138.000000 143.000000
-0.150884 0.132852 0.366160 136.000000 137.000000 141.000000
-0.145756 0.133601 0.368460 135.000000 129.000000 136.000000
-0.140927 0.134703 0.371680 136.000000 131.000000 133.000000
-0.136015 0.135820 0.374900 135.000000 129.000000 136.000000
-0.131095 0.137035 0.378350 132.000000 128.000000 129.000000
-0.125621 0.137763 0.380420 135.000000 131.000000 128.000000
-0.114981 0.139835 0.386170 125.000000 127.000000 129.000000
-0.109693 0.141092 0.389620 136.000000 122.000000 127.000000
-0.104358 0.142440 0.393300 128.000000 122.000000 119.000000
-0.098905 0.143794 0.396980 131.000000 126.000000 128.000000
-0.093494 0.145403 0.401350 131.000000 122.000000 123.000000
-0.087791 0.146766 0.405030 132.000000 125.000000 123.000000
-0.081690 0.147631 0.407330 125.000000 122.000000 116.000000
-0.075724 0.148916 0.410780 128.000000 116.000000 120.000000
-0.069758 0.150451 0.414920 124.000000 121.000000 124.000000
-0.063445 0.151486 0.417680 120.000000 121.000000 116.000000
-0.057101 0.152687 0.420900 125.000000 117.000000 122.000000
-0.050703 0.154053 0.424580 120.000000 119.000000 115.000000
-0.044276 0.155751 0.429180 123.000000 121.000000 117.000000
-0.037756 0.157697 0.434470 123.000000 114.000000 112.000000
-0.030963 0.159138 0.438380 123.000000 119.000000 114.000000
-0.024053 0.160659 0.442520 121.000000 115.000000 110.000000
-0.016997 0.162091 0.446430 119.000000 112.000000 112.000000
-0.009822 0.163686 0.450800 123.000000 111.000000 115.000000
-0.002500 0.165025 0.454480 121.000000 116.000000 106.000000
0.004937 0.166192 0.457700 115.000000 112.000000 113.000000
0.012509 0.167770 0.462070 128.000000 112.000000 110.000000
0.020292 0.169928 0.468050 119.000000 111.000000 107.000000
0.028130 0.171245 0.471730 125.000000 111.000000 111.000000
0.036207 0.173141 0.477020 121.000000 108.000000 108.000000
0.044431 0.174948 0.482080 118.000000 111.000000 111.000000
0.052840 0.176834 0.487370 123.000000 110.000000 105.000000
0.061244 0.178215 0.491280 116.000000 113.000000 105.000000
0.070030 0.180260 0.497030 123.000000 112.000000 109.000000
0.079105 0.182551 0.503470 117.000000 107.000000 103.000000
0.088145 0.184340 0.508530 112.000000 112.000000 110.000000
0.097169 0.185795 0.512670 119.000000 110.000000 109.000000
0.106465 0.187499 0.517500 105.000000 106.000000 99.000000
0.115964 0.189288 0.522560 117.000000 103.000000 103.000000
0.126227 0.191996 0.530150 121.000000 103.000000 102.000000
0.136559 0.194457 0.537050 111.000000 98.000000 91.000000
0.146742 0.196425 0.542570 109.000000 106.000000 96.000000
0.156974 0.198235 0.547630 120.000000 103.000000 93.000000
0.168211 0.201054 0.555450 111.000000 105.000000 100.000000
0.179857 0.204051 0.563730 102.000000 101.000000 92.000000
0.190627 0.205816 0.568560 112.000000 98.000000 98.000000
0.202138 0.208181 0.575000 117.000000 104.000000 88.000000
0.213204 0.209902 0.579600 111.000000 103.000000 95.000000
0.224802 0.211981 0.585120 113.000000 101.000000 92.000000
0.239382 0.216591 0.597540 110.000000 103.000000 103.000000
0.252303 0.219403 0.604900 112.000000 98.000000 87.000000
0.265224 0.222005 0.611570 103.000000 97.000000 90.000000
0.279158 0.225239 0.619850 104.000000 102.000000 91.000000
0.292804 0.228026 0.626750 101.000000 99.000000 97.000000
0.309230 0.232719 0.638710 106.000000 93.000000 89.000000
