421.000000 49.000000 0.158773 -0.304252
151.000000 100.000000 -0.280302 -0.221458
331.000000 113.000000 0.012531 -0.202246
310.000000 153.000000 -0.021975 -0.137286
337.000000 175.000000 0.022484 -0.101330
274.000000 181.000000 -0.081276 -0.091412
332.000000 181.000000 0.014252 -0.091506
267.000000 182.000000 -0.092782 -0.089745
333.000000 183.000000 0.015902 -0.088227
12.000000 187.000000 -0.504952 -0.079868
364.000000 192.000000 0.066985 -0.073405
372.000000 192.000000 0.080144 -0.073379
158.000000 230.000000 -0.270411 -0.010736
411.000000 254.000000 0.144232 0.028502
415.000000 261.000000 0.150761 0.039985
416.000000 263.000000 0.152391 0.043264
