0.064335 -0.189722 0.517500 125.000000 129.000000 130.000000
0.133702 -0.206012 0.563040 146.000000 139.000000 137.000000
0.202291 -0.221131 0.604900 143.000000 138.000000 130.000000
0.215010 -0.224173 0.613180 142.000000 135.000000 135.000000
0.241774 -0.230748 0.630890 143.000000 137.000000 134.000000
0.270234 -0.237781 0.649520 143.000000 134.000000 132.000000
0.300467 -0.245236 0.668840 138.000000 134.000000 133.000000
0.318010 -0.250481 0.682410 143.000000 133.000000 134.000000
0.333113 -0.253513 0.689770 143.000000 135.000000 126.000000
-0.072275 -0.150986 0.430790 81.000000 83.000000 87.000000
0.178644 -0.206688 0.591330 152.000000 138.000000 138.000000
0.190171 -0.208825 0.597540 146.000000 139.000000 137.000000
0.228069 -0.217255 0.621690 138.000000 137.000000 130.000000
0.240478 -0.219382 0.627670 141.000000 133.000000 129.000000
0.255322 -0.223466 0.639170 141.000000 133.000000 131.000000
0.268768 -0.226053 0.646300 141.000000 135.000000 132.000000
0.282501 -0.228677 0.653430 142.000000 137.000000 127.000000
0.315061 -0.237204 0.676660 137.000000 131.000000 131.000000
0.330560 -0.240464 0.685170 137.000000 132.000000 134.000000
0.133337 -0.187320 0.560970 146.000000 140.000000 135.000000
0.143959 -0.189323 0.567180 150.000000 140.000000 141.000000
0.178063 -0.196506 0.589260 144.000000 139.000000 141.000000
0.213387 -0.202846 0.608580 142.000000 135.000000 135.000000
0.283065 -0.218553 0.655040 143.000000 133.000000 127.000000
0.312910 -0.224705 0.672520 144.000000 133.000000 130.000000
0.330279 -0.229163 0.685170 139.000000 132.000000 130.000000
0.073045 -0.165317 0.518650 121.000000 123.000000 124.000000
0.065845 -0.133596 0.419290 130.000000 130.000000 132.000000
0.165533 -0.183688 0.578450 141.000000 140.000000 136.000000
0.189446 -0.188823 0.595010 146.000000 138.000000 134.000000
0.253287 -0.201213 0.634340 143.000000 135.000000 128.000000
0.297047 -0.210339 0.662400 140.000000 132.000000 126.000000
0.311870 -0.213114 0.670680 141.000000 135.000000 132.000000
0.328381 -0.216813 0.681720 141.000000 132.000000 135.000000
0.143759 -0.170763 0.565800 144.000000 138.000000 138.000000
0.154675 -0.172695 0.572470 146.000000 139.000000 137.000000
0.189138 -0.178927 0.593860 140.000000 138.000000 137.000000
0.225293 -0.184885 0.614100 147.000000 133.000000 133.000000
0.238839 -0.187706 0.623530 141.000000 137.000000 131.000000
0.253817 -0.191376 0.635720 139.000000 131.000000 127.000000
0.267409 -0.193753 0.643540 142.000000 131.000000 130.000000
0.282390 -0.196919 0.653890 145.000000 131.000000 133.000000
0.311721 -0.202172 0.670680 143.000000 130.000000 128.000000
0.328075 -0.205587 0.681490 141.000000 130.000000 127.000000
-0.017678 -0.133252 0.463680 86.000000 87.000000 93.000000
0.133028 -0.159755 0.558670 141.000000 141.000000 139.000000
0.143317 -0.161116 0.563730 144.000000 138.000000 136.000000
0.165287 -0.164759 0.577070 144.000000 138.000000 136.000000
0.212923 -0.173014 0.606970 144.000000 133.000000 132.000000
0.224481 -0.174345 0.611800 140.000000 133.000000 133.000000
0.267192 -0.183218 0.643080 138.000000 129.000000 125.000000
0.281345 -0.185672 0.651590 142.000000 131.000000 128.000000
0.296854 -0.188809 0.662400 140.000000 132.000000 128.000000
0.312029 -0.191521 0.671600 135.000000 133.000000 134.000000
0.327914 -0.194467 0.681490 140.000000 133.000000 133.000000
0.177851 -0.158276 0.587650 142.000000 138.000000 134.000000
0.200289 -0.160972 0.598230 141.000000 133.000000 131.000000
0.252632 -0.170061 0.632730 136.000000 131.000000 121.000000
0.267470 -0.173019 0.643770 140.000000 129.000000 125.000000
0.279922 -0.174268 0.648370 136.000000 130.000000 125.000000
0.295762 -0.177458 0.660100 136.000000 129.000000 130.000000
0.311402 -0.180306 0.670450 135.000000 129.000000 126.000000
0.328004 -0.183499 0.681950 138.000000 129.000000 125.000000
-0.045939 -0.113238 0.443900 65.000000 64.000000 69.000000
0.165523 -0.146311 0.577300 140.000000 138.000000 137.000000
0.212800 -0.153329 0.606280 138.000000 134.000000 131.000000
0.224661 -0.154721 0.612030 139.000000 132.000000 130.000000
0.267380 -0.162575 0.643540 137.000000 131.000000 127.000000
0.279608 -0.163619 0.647680 137.000000 128.000000 126.000000
0.309516 -0.168450 0.666540 137.000000 126.000000 123.000000
0.327015 -0.171956 0.680110 144.000000 126.000000 125.000000
0.142880 -0.133345 0.560970 147.000000 140.000000 138.000000
0.176558 -0.138264 0.582820 145.000000 136.000000 134.000000
0.199512 -0.141097 0.595470 141.000000 134.000000 125.000000
0.212142 -0.143092 0.604210 137.000000 135.000000 129.000000
0.224721 -0.144877 0.612030 134.000000 132.000000 133.000000
0.251405 -0.148911 0.629510 137.000000 135.000000 131.000000
0.265965 -0.151383 0.640090 135.000000 129.000000 126.000000
0.292297 -0.154312 0.652510 137.000000 128.000000 124.000000
0.325717 -0.160327 0.677580 138.000000 127.000000 126.000000
0.175949 -0.128388 0.580520 139.000000 133.000000 128.000000
0.224700 -0.134980 0.611800 140.000000 132.000000 126.000000
0.238497 -0.137201 0.622150 137.000000 128.000000 124.000000
0.263985 -0.140001 0.635260 138.000000 129.000000 125.000000
0.308150 -0.146271 0.663780 134.000000 126.000000 122.000000
0.323998 -0.148591 0.674130 134.000000 126.000000 122.000000
0.110770 -0.110445 0.536130 147.000000 140.000000 140.000000
0.153396 -0.116204 0.565800 140.000000 138.000000 137.000000
0.187332 -0.120235 0.586730 137.000000 133.000000 130.000000
0.198515 -0.121236 0.592020 137.000000 131.000000 129.000000
0.211320 -0.123088 0.601450 141.000000 130.000000 125.000000
0.261725 -0.128635 0.629740 136.000000 126.000000 127.000000
0.291258 -0.132769 0.650210 134.000000 128.000000 123.000000
0.322296 -0.136978 0.670680 134.000000 124.000000 116.000000
0.081666 -0.098293 0.516580 117.000000 114.000000 117.000000
0.186388 -0.110178 0.583510 137.000000 131.000000 127.000000
0.211477 -0.113446 0.601680 136.000000 131.000000 131.000000
0.224754 -0.115237 0.611570 129.000000 130.000000 125.000000
0.237295 -0.116513 0.618700 138.000000 127.000000 126.000000
0.276286 -0.120352 0.639860 138.000000 126.000000 116.000000
0.292505 -0.122795 0.652970 136.000000 128.000000 121.000000
0.307482 -0.124563 0.662400 133.000000 126.000000 124.000000
0.322487 -0.126220 0.671140 131.000000 124.000000 120.000000
-0.024792 -0.079052 0.452640 93.000000 101.000000 105.000000
0.173206 -0.098628 0.570630 141.000000 133.000000 127.000000
0.198289 -0.101962 0.590870 137.000000 131.000000 131.000000
0.223640 -0.104827 0.608350 136.000000 130.000000 128.000000
0.262861 -0.108768 0.632270 134.000000 128.000000 123.000000
0.291286 -0.111785 0.650210 136.000000 124.000000 117.000000
0.306415 -0.113472 0.660100 128.000000 122.000000 119.000000
0.322358 -0.115334 0.670910 128.000000 123.000000 113.000000
-0.137651 -0.059314 0.379500 70.000000 79.000000 83.000000
-0.105759 -0.062355 0.396980 85.000000 90.000000 102.000000
0.162873 -0.088809 0.566260 133.000000 133.000000 133.000000
0.197902 -0.092213 0.589490 138.000000 129.000000 128.000000
0.209604 -0.093146 0.595930 137.000000 128.000000 126.000000
0.276255 -0.099677 0.639630 134.000000 122.000000 122.000000
0.290382 -0.100971 0.648140 135.000000 124.000000 119.000000
0.319808 -0.103671 0.665620 129.000000 121.000000 114.000000
-0.171720 -0.050440 0.361100 164.000000 170.000000 186.000000
-0.017486 -0.064706 0.455170 90.000000 89.000000 94.000000
0.290409 -0.090512 0.648140 129.000000 126.000000 118.000000
0.304516 -0.091581 0.655960 132.000000 124.000000 116.000000
0.318812 -0.092631 0.663550 135.000000 124.000000 112.000000
-0.162071 -0.045198 0.365700 153.000000 168.000000 174.000000
0.221217 -0.074491 0.601220 133.000000 125.000000 121.000000
0.246433 -0.076227 0.616170 134.000000 123.000000 120.000000
0.259846 -0.077230 0.624680 129.000000 124.000000 116.000000
0.274841 -0.078609 0.636180 128.000000 122.000000 117.000000
0.290027 -0.079938 0.647220 129.000000 124.000000 112.000000
0.306030 -0.081389 0.659180 133.000000 120.000000 115.000000
0.318818 -0.081914 0.663550 130.000000 119.000000 116.000000
-0.094445 -0.043760 0.402730 148.000000 157.000000 163.000000
0.029085 -0.052766 0.482080 80.000000 80.000000 82.000000
0.110372 -0.057906 0.532220 144.000000 135.000000 131.000000
0.151425 -0.060345 0.556830 141.000000 130.000000 125.000000
0.259317 -0.066996 0.623300 131.000000 121.000000 113.000000
0.274582 -0.068264 0.635490 128.000000 117.000000 116.000000
0.317723 -0.070951 0.661250 130.000000 121.000000 119.000000
-0.116993 -0.035995 0.391230 130.000000 130.000000 142.000000
0.162483 -0.051904 0.563960 134.000000 128.000000 123.000000
0.221076 -0.054987 0.600530 131.000000 123.000000 116.000000
0.233765 -0.055674 0.608580 128.000000 122.000000 117.000000
0.259934 -0.057054 0.624680 130.000000 122.000000 111.000000
0.273725 -0.057813 0.633420 131.000000 121.000000 115.000000
0.300734 -0.059053 0.647680 127.000000 121.000000 114.000000
0.252642 -0.047923 0.525780 123.000000 121.000000 117.000000
-0.111719 -0.029935 0.394680 154.000000 156.000000 169.000000
-0.077234 -0.031684 0.415150 130.000000 127.000000 130.000000
0.208452 -0.044656 0.591790 133.000000 125.000000 121.000000
0.219855 -0.045008 0.597080 125.000000 122.000000 114.000000
0.232928 -0.045657 0.606280 129.000000 124.000000 114.000000
0.246115 -0.046272 0.615020 132.000000 124.000000 116.000000
0.259974 -0.046959 0.624680 131.000000 121.000000 113.000000
0.272866 -0.047425 0.631350 129.000000 121.000000 112.000000
0.287644 -0.048170 0.641700 127.000000 119.000000 115.000000
0.316648 -0.049418 0.658950 129.000000 121.000000 114.000000
-0.106504 -0.023789 0.398820 159.000000 155.000000 163.000000
-0.065135 -0.025496 0.424350 147.000000 145.000000 155.000000
-0.031724 -0.026755 0.443900 131.000000 121.000000 127.000000
0.151702 -0.033218 0.557290 132.000000 126.000000 119.000000
0.162114 -0.033480 0.562350 132.000000 126.000000 119.000000
0.233233 -0.035886 0.606970 129.000000 120.000000 118.000000
0.271904 -0.037086 0.629050 129.000000 121.000000 112.000000
0.317549 -0.038881 0.660790 120.000000 116.000000 108.000000
-0.179321 -0.015055 0.352820 158.000000 163.000000 175.000000
-0.147204 -0.015982 0.372370 153.000000 156.000000 164.000000
-0.142208 -0.016109 0.374900 159.000000 160.000000 167.000000
-0.106283 -0.017251 0.397900 158.000000 159.000000 168.000000
-0.065154 -0.018542 0.424350 154.000000 151.000000 157.000000
0.208127 -0.025421 0.590640 131.000000 126.000000 114.000000
0.232826 -0.026009 0.605820 130.000000 122.000000 115.000000
0.258317 -0.026580 0.620540 125.000000 117.000000 113.000000
0.271336 -0.026858 0.627670 128.000000 118.000000 110.000000
0.285223 -0.027196 0.636180 127.000000 116.000000 113.000000
0.316131 -0.028076 0.657800 119.000000 119.000000 107.000000
-0.178743 -0.009318 0.351670 159.000000 165.000000 174.000000
-0.100232 -0.010817 0.399280 156.000000 157.000000 163.000000
-0.058541 -0.011658 0.426650 147.000000 149.000000 155.000000
-0.017426 -0.012401 0.452180 150.000000 143.000000 146.000000
0.012917 -0.012895 0.470120 144.000000 139.000000 141.000000
0.020895 -0.013030 0.475180 145.000000 141.000000 140.000000
0.054421 -0.013561 0.495650 141.000000 134.000000 136.000000
0.219791 -0.015975 0.596620 131.000000 122.000000 111.000000
0.272554 -0.016782 0.630430 124.000000 118.000000 111.000000
0.285865 -0.016949 0.637560 123.000000 115.000000 108.000000
0.314381 -0.017348 0.654120 128.000000 117.000000 114.000000
0.184205 -0.006120 0.574770 131.000000 121.000000 115.000000
0.194714 -0.006145 0.578680 130.000000 122.000000 111.000000
0.219050 -0.006280 0.594550 126.000000 121.000000 111.000000
0.231018 -0.006330 0.600990 132.000000 120.000000 110.000000
0.259322 -0.006524 0.622840 125.000000 119.000000 110.000000
0.273867 -0.006616 0.633420 124.000000 117.000000 113.000000
0.286091 -0.006645 0.638020 123.000000 115.000000 106.000000
0.238880 -0.005342 0.514280 123.000000 114.000000 110.000000
0.311746 -0.006719 0.648600 125.000000 117.000000 109.000000
-0.131774 0.002138 0.379270 158.000000 152.000000 159.000000
-0.126923 0.002153 0.382950 151.000000 152.000000 161.000000
-0.094772 0.002241 0.403420 152.000000 151.000000 159.000000
-0.089043 0.002259 0.407100 155.000000 152.000000 158.000000
0.257997 0.003539 0.619620 126.000000 117.000000 101.000000
0.270900 0.003592 0.626520 126.000000 115.000000 107.000000
0.284149 0.003647 0.633650 118.000000 116.000000 101.000000
0.310769 0.003754 0.646530 120.000000 114.000000 107.000000
-0.164811 0.007873 0.358570 154.000000 157.000000 165.000000
-0.136256 0.008205 0.374900 152.000000 154.000000 165.000000
-0.126773 0.008370 0.382490 156.000000 152.000000 163.000000
-0.121805 0.008450 0.386170 150.000000 149.000000 158.000000
-0.089044 0.008920 0.407100 158.000000 154.000000 160.000000
-0.045107 0.009483 0.431940 150.000000 142.000000 150.000000
-0.009982 0.009949 0.452870 145.000000 140.000000 144.000000
0.183040 0.012492 0.571090 133.000000 121.000000 111.000000
0.270016 0.013684 0.624450 124.000000 115.000000 112.000000
0.282615 0.013820 0.630200 126.000000 113.000000 106.000000
0.296389 0.014005 0.638020 125.000000 117.000000 111.000000
0.310786 0.014208 0.646530 123.000000 115.000000 106.000000
-0.164924 0.013685 0.358800 157.000000 156.000000 163.000000
-0.126466 0.014553 0.381570 151.000000 150.000000 157.000000
-0.088887 0.015553 0.406410 152.000000 152.000000 155.000000
-0.082850 0.015667 0.409170 152.000000 147.000000 153.000000
-0.076881 0.015817 0.412850 148.000000 145.000000 151.000000
-0.002528 0.017557 0.456780 147.000000 140.000000 140.000000
0.118990 0.020324 0.531300 136.000000 124.000000 117.000000
0.219068 0.022651 0.594550 124.000000 117.000000 105.000000
0.255138 0.023338 0.612720 126.000000 115.000000 107.000000
0.269626 0.023753 0.623530 128.000000 115.000000 111.000000
0.296189 0.024306 0.637560 120.000000 116.000000 108.000000
0.311467 0.024716 0.647910 122.000000 114.000000 105.000000
-0.160168 0.019612 0.361100 156.000000 157.000000 163.000000
-0.121213 0.020917 0.384330 150.000000 149.000000 158.000000
-0.082653 0.022315 0.408250 148.000000 146.000000 145.000000
-0.076656 0.022517 0.411700 151.000000 143.000000 151.000000
-0.038238 0.023843 0.434700 148.000000 141.000000 143.000000
-0.002521 0.025013 0.455630 144.000000 138.000000 138.000000
0.036887 0.026306 0.479550 142.000000 130.000000 132.000000
0.045311 0.026613 0.485300 136.000000 130.000000 125.000000
0.062548 0.027157 0.495650 136.000000 128.000000 121.000000
0.080443 0.027708 0.506230 137.000000 126.000000 125.000000
0.108598 0.028563 0.522790 132.000000 124.000000 118.000000
0.118511 0.028896 0.529230 134.000000 123.000000 118.000000
0.128339 0.029165 0.534520 133.000000 122.000000 114.000000
0.149079 0.029829 0.547400 130.000000 121.000000 110.000000
0.231034 0.032633 0.600990 122.000000 114.000000 103.000000
0.281498 0.034072 0.627670 123.000000 115.000000 106.000000
0.295667 0.034556 0.636410 123.000000 115.000000 108.000000
0.310268 0.035058 0.645380 117.000000 114.000000 106.000000
-0.154855 0.025539 0.362250 148.000000 152.000000 157.000000
-0.120909 0.027104 0.383410 152.000000 151.000000 159.000000
-0.115650 0.027332 0.386400 150.000000 149.000000 156.000000
-0.076469 0.029193 0.410780 149.000000 143.000000 150.000000
-0.070518 0.029522 0.415150 147.000000 144.000000 152.000000
-0.038229 0.030987 0.434700 146.000000 138.000000 141.000000
-0.002521 0.032509 0.455630 142.000000 137.000000 139.000000
0.117613 0.037266 0.525320 130.000000 121.000000 119.000000
0.159181 0.039049 0.552000 131.000000 118.000000 113.000000
0.193302 0.040566 0.574540 124.000000 116.000000 110.000000
0.228988 0.042001 0.595700 122.000000 117.000000 110.000000
0.240723 0.042376 0.601220 120.000000 112.000000 108.000000
0.268634 0.043773 0.621230 121.000000 116.000000 106.000000
0.280987 0.044147 0.626520 123.000000 116.000000 102.000000
0.309070 0.045320 0.642850 120.000000 112.000000 106.000000
-0.154460 0.031325 0.361330 152.000000 153.000000 164.000000
-0.150078 0.031630 0.364780 151.000000 151.000000 155.000000
-0.070654 0.036400 0.416070 150.000000 145.000000 149.000000
-0.064286 0.036663 0.418830 144.000000 141.000000 142.000000
-0.038196 0.038104 0.434470 148.000000 139.000000 142.000000
-0.031328 0.038459 0.438380 143.000000 136.000000 137.000000
-0.024299 0.038772 0.441830 144.000000 138.000000 138.000000
-0.002520 0.039997 0.455630 141.000000 137.000000 133.000000
0.005044 0.040380 0.460000 144.000000 135.000000 133.000000
0.012750 0.040760 0.464370 139.000000 132.000000 130.000000
0.045027 0.042309 0.482540 140.000000 126.000000 126.000000
0.053529 0.042755 0.487830 134.000000 128.000000 125.000000
0.089177 0.044530 0.509220 135.000000 125.000000 117.000000
0.117481 0.045803 0.524860 132.000000 119.000000 114.000000
0.127568 0.046352 0.531530 127.000000 121.000000 118.000000
0.159084 0.048012 0.551770 129.000000 119.000000 113.000000
0.170110 0.048599 0.558900 125.000000 117.000000 109.000000
0.204816 0.050445 0.581210 126.000000 114.000000 104.000000
0.217413 0.051197 0.590180 123.000000 114.000000 110.000000
0.239512 0.051854 0.598230 122.000000 114.000000 107.000000
0.253688 0.052798 0.609270 122.000000 114.000000 107.000000
0.267636 0.053627 0.618930 121.000000 110.000000 105.000000
0.280990 0.054284 0.626520 119.000000 111.000000 105.000000
0.293872 0.054809 0.632500 120.000000 112.000000 108.000000
0.308205 0.055562 0.641010 120.000000 114.000000 107.000000
-0.145492 0.037880 0.368000 147.000000 149.000000 155.000000
-0.120359 0.039402 0.381800 153.000000 149.000000 157.000000
-0.109719 0.040050 0.387550 149.000000 148.000000 155.000000
-0.070435 0.043087 0.414920 145.000000 140.000000 146.000000
-0.064193 0.043471 0.418370 144.000000 139.000000 143.000000
-0.031283 0.045604 0.437920 141.000000 135.000000 141.000000
-0.024276 0.045999 0.441600 143.000000 136.000000 139.000000
-0.002517 0.047430 0.455170 138.000000 134.000000 131.000000
0.005026 0.047788 0.458620 142.000000 130.000000 132.000000
0.012700 0.048215 0.462760 136.000000 129.000000 130.000000
0.053458 0.050702 0.487370 139.000000 126.000000 121.000000
0.062198 0.051299 0.493350 134.000000 126.000000 120.000000
0.056674 0.041352 0.397900 136.000000 126.000000 118.000000
0.079823 0.052221 0.502780 134.000000 123.000000 120.000000
0.089186 0.052880 0.509450 130.000000 122.000000 115.000000
0.098397 0.053346 0.514280 127.000000 123.000000 115.000000
0.127696 0.055089 0.532220 129.000000 119.000000 113.000000
0.137521 0.055548 0.537050 129.000000 121.000000 114.000000
0.158716 0.056868 0.550620 129.000000 119.000000 111.000000
0.170143 0.057706 0.559130 125.000000 118.000000 107.000000
0.181169 0.058331 0.565570 122.000000 117.000000 107.000000
0.192624 0.059029 0.572700 124.000000 116.000000 110.000000
0.203975 0.059634 0.578910 127.000000 117.000000 109.000000
0.217301 0.060740 0.589950 126.000000 113.000000 106.000000
0.228947 0.061304 0.595700 119.000000 113.000000 106.000000
0.240783 0.061873 0.601450 120.000000 114.000000 100.000000
0.253292 0.062566 0.608350 122.000000 113.000000 100.000000
0.280477 0.064303 0.625370 119.000000 114.000000 102.000000
0.293456 0.064949 0.631580 116.000000 113.000000 103.000000
0.308006 0.065889 0.640550 121.000000 110.000000 107.000000
-0.149588 0.043309 0.363630 153.000000 147.000000 156.000000
-0.109689 0.046353 0.387550 149.000000 148.000000 153.000000
-0.104430 0.046826 0.391230 143.000000 144.000000 152.000000
-0.099157 0.047355 0.395370 141.000000 139.000000 149.000000
-0.070211 0.049729 0.413770 144.000000 139.000000 143.000000
-0.063989 0.050173 0.417220 143.000000 138.000000 142.000000
-0.057548 0.050533 0.419980 144.000000 136.000000 144.000000
-0.024265 0.053237 0.441600 142.000000 136.000000 133.000000
-0.017162 0.053774 0.445970 141.000000 134.000000 136.000000
0.012655 0.055635 0.461380 135.000000 129.000000 126.000000
0.020486 0.056263 0.466670 137.000000 128.000000 128.000000
0.053357 0.058597 0.486680 132.000000 126.000000 121.000000
0.062286 0.059482 0.494270 132.000000 123.000000 122.000000
0.071057 0.060031 0.499100 135.000000 122.000000 120.000000
0.088948 0.061063 0.508300 130.000000 121.000000 117.000000
0.098138 0.061603 0.513130 134.000000 124.000000 116.000000
0.117865 0.063170 0.526930 129.000000 120.000000 116.000000
0.137418 0.064262 0.536820 122.000000 118.000000 115.000000
0.180759 0.067374 0.564420 126.000000 115.000000 107.000000
0.192198 0.068182 0.571550 122.000000 114.000000 103.000000
0.203048 0.068718 0.576380 121.000000 118.000000 110.000000
0.215998 0.069888 0.586500 120.000000 113.000000 104.000000
0.229008 0.070979 0.595930 121.000000 115.000000 110.000000
0.252894 0.072302 0.607430 123.000000 113.000000 105.000000
0.266331 0.073304 0.615940 119.000000 112.000000 103.000000
0.279344 0.074122 0.622840 124.000000 116.000000 107.000000
0.291438 0.074650 0.627210 120.000000 110.000000 100.000000
0.307809 0.076204 0.640090 114.000000 109.000000 99.000000
-0.139908 0.049944 0.368920 147.000000 145.000000 155.000000
-0.063747 0.056797 0.415840 146.000000 138.000000 145.000000
-0.057520 0.057394 0.419980 141.000000 135.000000 141.000000
-0.017126 0.060979 0.445280 142.000000 129.000000 136.000000
-0.002498 0.061903 0.451950 140.000000 128.000000 128.000000
0.012616 0.063030 0.460230 137.000000 128.000000 128.000000
0.020434 0.063775 0.465750 134.000000 126.000000 124.000000
0.028387 0.064422 0.470580 134.000000 126.000000 124.000000
0.053202 0.066396 0.485530 132.000000 124.000000 118.000000
0.061963 0.067244 0.491970 131.000000 122.000000 119.000000
0.070694 0.067868 0.496800 131.000000 123.000000 116.000000
0.097918 0.069843 0.512210 134.000000 121.000000 116.000000
0.107804 0.070830 0.519800 127.000000 119.000000 115.000000
0.137132 0.072866 0.535900 125.000000 117.000000 109.000000
0.147453 0.073657 0.542110 125.000000 118.000000 116.000000
0.180050 0.076249 0.562350 126.000000 115.000000 110.000000
0.191380 0.077136 0.569250 124.000000 111.000000 106.000000
0.214607 0.078889 0.582820 123.000000 113.000000 107.000000
0.227299 0.080036 0.591560 123.000000 113.000000 107.000000
0.239817 0.081034 0.599150 119.000000 111.000000 107.000000
0.252399 0.081977 0.606280 122.000000 112.000000 104.000000
0.265329 0.082960 0.613640 111.000000 108.000000 102.000000
0.278935 0.084078 0.621920 115.000000 110.000000 98.000000
0.291774 0.084897 0.627900 116.000000 108.000000 99.000000
0.308613 0.086787 0.641700 117.000000 110.000000 98.000000
-0.176621 0.052647 0.347070 150.000000 153.000000 164.000000
-0.139800 0.055884 0.368690 146.000000 148.000000 152.000000
-0.135304 0.056501 0.372600 144.000000 143.000000 152.000000
-0.098851 0.060074 0.394450 145.000000 140.000000 144.000000
-0.093286 0.060641 0.397900 141.000000 138.000000 142.000000
-0.081833 0.061812 0.405030 147.000000 139.000000 146.000000
-0.057174 0.063894 0.417680 140.000000 133.000000 135.000000
-0.050951 0.064699 0.422740 146.000000 136.000000 142.000000
-0.030955 0.066499 0.434010 139.000000 129.000000 133.000000
-0.024162 0.067468 0.440220 140.000000 131.000000 132.000000
-0.017072 0.068080 0.444130 140.000000 131.000000 132.000000
-0.009840 0.068616 0.447580 138.000000 128.000000 134.000000
-0.002502 0.069431 0.452870 138.000000 127.000000 128.000000
0.012607 0.070551 0.460230 133.000000 126.000000 126.000000
0.020431 0.071421 0.465980 133.000000 124.000000 125.000000
0.028369 0.072110 0.470580 136.000000 123.000000 123.000000
0.036505 0.072899 0.475870 135.000000 124.000000 121.000000
0.053045 0.074145 0.484380 133.000000 122.000000 116.000000
0.061638 0.074919 0.489670 131.000000 121.000000 115.000000
0.070458 0.075759 0.495420 131.000000 121.000000 115.000000
0.088457 0.077285 0.506000 129.000000 120.000000 116.000000
0.097561 0.077938 0.510600 127.000000 120.000000 111.000000
0.107275 0.078938 0.517500 129.000000 118.000000 115.000000
0.116992 0.079795 0.523480 126.000000 118.000000 112.000000
0.136900 0.081467 0.535210 126.000000 114.000000 104.000000
0.147460 0.082493 0.542340 127.000000 117.000000 107.000000
0.157904 0.083345 0.548320 122.000000 112.000000 106.000000
0.180293 0.085504 0.563270 123.000000 112.000000 109.000000
0.191100 0.086254 0.568560 120.000000 112.000000 108.000000
0.202315 0.087113 0.574540 118.000000 112.000000 103.000000
0.213128 0.087732 0.578910 120.000000 113.000000 104.000000
0.225852 0.089054 0.587880 119.000000 113.000000 106.000000
0.238870 0.090382 0.596850 119.000000 112.000000 103.000000
0.263930 0.092404 0.610420 119.000000 108.000000 103.000000
0.277806 0.093762 0.619390 114.000000 109.000000 99.000000
0.292434 0.095273 0.629280 119.000000 108.000000 101.000000
0.307652 0.096870 0.639630 126.000000 107.000000 100.000000
-0.176196 0.058132 0.346150 144.000000 150.000000 155.000000
-0.172183 0.058670 0.349600 147.000000 144.000000 148.000000
-0.134943 0.062380 0.371680 147.000000 144.000000 148.000000
-0.129775 0.062795 0.373980 143.000000 142.000000 149.000000
-0.098635 0.066361 0.393760 143.000000 138.000000 142.000000
-0.093081 0.066988 0.397210 142.000000 137.000000 139.000000
-0.087254 0.067498 0.399970 144.000000 138.000000 145.000000
-0.063571 0.070232 0.415150 143.000000 136.000000 139.000000
-0.050865 0.071509 0.422280 145.000000 136.000000 137.000000
-0.044382 0.072241 0.426420 143.000000 132.000000 131.000000
-0.024071 0.074414 0.438840 140.000000 127.000000 132.000000
-0.017017 0.075130 0.442980 138.000000 129.000000 130.000000
-0.009829 0.075879 0.447350 132.000000 128.000000 129.000000
-0.002495 0.076624 0.451720 138.000000 124.000000 126.000000
0.020396 0.078944 0.465520 132.000000 124.000000 120.000000
0.028266 0.079550 0.469200 135.000000 122.000000 120.000000
0.036339 0.080346 0.474030 133.000000 121.000000 123.000000
0.061628 0.082934 0.489900 127.000000 121.000000 116.000000
0.070284 0.083670 0.494500 126.000000 118.000000 114.000000
0.079222 0.084557 0.500020 129.000000 119.000000 113.000000
0.088447 0.085556 0.506230 126.000000 119.000000 108.000000
0.097288 0.086046 0.509450 126.000000 120.000000 113.000000
0.106600 0.086843 0.514510 129.000000 118.000000 115.000000
0.116369 0.087871 0.520950 128.000000 115.000000 111.000000
0.126386 0.088935 0.527620 124.000000 118.000000 111.000000
0.136781 0.090113 0.534980 126.000000 115.000000 107.000000
0.147149 0.091135 0.541420 126.000000 115.000000 110.000000
0.157580 0.092079 0.547400 120.000000 117.000000 106.000000
0.179207 0.094086 0.560050 119.000000 113.000000 106.000000
0.189812 0.094842 0.564880 125.000000 113.000000 101.000000
0.201539 0.096066 0.572470 120.000000 110.000000 102.000000
0.213341 0.097217 0.579600 119.000000 113.000000 106.000000
0.225287 0.098335 0.586500 121.000000 110.000000 107.000000
0.237556 0.099500 0.593630 117.000000 109.000000 105.000000
0.251313 0.101175 0.603750 117.000000 109.000000 101.000000
0.264423 0.102476 0.611570 116.000000 106.000000 98.000000
0.276680 0.103366 0.616860 116.000000 107.000000 94.000000
0.289359 0.104349 0.622610 116.000000 108.000000 99.000000
0.305481 0.106467 0.635030 115.000000 105.000000 99.000000
-0.176129 0.063719 0.345920 150.000000 149.000000 158.000000
-0.167573 0.064737 0.351900 148.000000 146.000000 156.000000
-0.139407 0.067651 0.367770 145.000000 146.000000 155.000000
-0.129664 0.068806 0.373750 143.000000 142.000000 149.000000
-0.092873 0.073304 0.396520 142.000000 139.000000 147.000000
-0.087208 0.073989 0.399970 142.000000 136.000000 143.000000
-0.044185 0.078880 0.424810 139.000000 132.000000 132.000000
-0.037669 0.079848 0.429870 139.000000 131.000000 134.000000
-0.017006 0.082342 0.442980 134.000000 127.000000 127.000000
-0.009802 0.082993 0.446430 136.000000 126.000000 127.000000
-0.002489 0.083809 0.450800 137.000000 126.000000 127.000000
0.004974 0.084705 0.455630 134.000000 122.000000 124.000000
0.028190 0.087017 0.468280 133.000000 122.000000 116.000000
0.036277 0.087975 0.473570 134.000000 123.000000 120.000000
0.052923 0.089832 0.483920 129.000000 120.000000 116.000000
0.061413 0.090645 0.488520 130.000000 121.000000 121.000000
0.070074 0.091495 0.493350 127.000000 119.000000 113.000000
0.078989 0.092469 0.498870 130.000000 119.000000 116.000000
0.097231 0.094317 0.509450 129.000000 117.000000 112.000000
0.106445 0.095109 0.514050 124.000000 118.000000 111.000000
0.116358 0.096365 0.521180 125.000000 117.000000 111.000000
0.126323 0.097490 0.527620 124.000000 115.000000 114.000000
0.146273 0.099355 0.538430 124.000000 114.000000 108.000000
0.156987 0.100605 0.545560 123.000000 114.000000 112.000000
0.167432 0.101559 0.551080 121.000000 116.000000 108.000000
0.189680 0.103941 0.564650 119.000000 114.000000 104.000000
0.201409 0.105285 0.572240 121.000000 110.000000 107.000000
0.213214 0.106551 0.579370 121.000000 109.000000 102.000000
0.225253 0.107823 0.586500 122.000000 112.000000 106.000000
0.237347 0.109020 0.593170 116.000000 109.000000 97.000000
0.250437 0.110565 0.601680 115.000000 109.000000 105.000000
0.263825 0.112123 0.610190 115.000000 109.000000 107.000000
0.276074 0.113103 0.615480 120.000000 108.000000 96.000000
0.289604 0.114524 0.623070 113.000000 107.000000 104.000000
0.305090 0.116599 0.634110 112.000000 104.000000 100.000000
-0.171699 0.069803 0.348450 147.000000 144.000000 152.000000
-0.162798 0.070837 0.353970 147.000000 143.000000 154.000000
-0.134471 0.074179 0.370530 142.000000 144.000000 145.000000
-0.124461 0.075395 0.376280 144.000000 141.000000 144.000000
-0.119425 0.076079 0.379500 140.000000 141.000000 152.000000
-0.087210 0.080518 0.400200 138.000000 133.000000 135.000000
-0.081605 0.081447 0.404570 139.000000 131.000000 138.000000
-0.075507 0.082004 0.407100 136.000000 130.000000 137.000000
-0.057159 0.084407 0.418370 138.000000 129.000000 130.000000
-0.050741 0.085141 0.421820 140.000000 131.000000 134.000000
-0.037541 0.086599 0.428720 139.000000 131.000000 136.000000
-0.023937 0.088317 0.437000 136.000000 124.000000 126.000000
-0.009791 0.090202 0.446200 134.000000 126.000000 124.000000
-0.002485 0.091043 0.450340 133.000000 124.000000 123.000000
0.004964 0.092017 0.455170 131.000000 122.000000 123.000000
0.020324 0.093901 0.464600 131.000000 120.000000 119.000000
0.028154 0.094579 0.468050 131.000000 120.000000 119.000000
0.036161 0.095436 0.472420 130.000000 121.000000 121.000000
0.044326 0.096333 0.477020 126.000000 117.000000 116.000000
0.052758 0.097457 0.482770 130.000000 121.000000 119.000000
0.061138 0.098203 0.486680 126.000000 117.000000 118.000000
0.069895 0.099316 0.492430 131.000000 117.000000 115.000000
0.078863 0.100469 0.498410 127.000000 119.000000 117.000000
0.087894 0.101479 0.503700 125.000000 117.000000 113.000000
0.106144 0.103208 0.512900 130.000000 114.000000 115.000000
0.115934 0.104484 0.519570 126.000000 118.000000 114.000000
0.125211 0.105157 0.523250 125.000000 117.000000 109.000000
0.145832 0.107793 0.537050 121.000000 115.000000 110.000000
0.156525 0.109156 0.544180 120.000000 114.000000 109.000000
0.167229 0.110382 0.550620 122.000000 114.000000 107.000000
0.178353 0.111749 0.557750 119.000000 113.000000 108.000000
0.188930 0.112658 0.562580 120.000000 112.000000 106.000000
0.201036 0.114355 0.571320 114.000000 110.000000 107.000000
0.212918 0.115782 0.578680 118.000000 109.000000 108.000000
0.236956 0.118432 0.592250 118.000000 110.000000 106.000000
0.249948 0.120073 0.600530 117.000000 107.000000 103.000000
0.263033 0.121635 0.608350 114.000000 109.000000 101.000000
0.276610 0.123307 0.616630 116.000000 108.000000 99.000000
0.290712 0.125089 0.625370 111.000000 103.000000 97.000000
0.304487 0.126618 0.632730 114.000000 109.000000 97.000000
-0.162507 0.076434 0.353280 148.000000 142.000000 148.000000
-0.124348 0.081429 0.376050 142.000000 141.000000 146.000000
-0.119095 0.082016 0.378580 141.000000 140.000000 145.000000
-0.098031 0.085095 0.391920 138.000000 135.000000 138.000000
-0.081602 0.088046 0.404800 138.000000 128.000000 132.000000
-0.075417 0.088546 0.406870 139.000000 132.000000 132.000000
-0.069270 0.089194 0.409630 141.000000 131.000000 137.000000
-0.050622 0.091827 0.421130 135.000000 128.000000 128.000000
-0.044050 0.092515 0.424120 134.000000 127.000000 129.000000
-0.037412 0.093299 0.427570 133.000000 126.000000 128.000000
-0.030688 0.094178 0.431480 137.000000 126.000000 127.000000
-0.016875 0.096123 0.440220 134.000000 125.000000 126.000000
-0.002479 0.098146 0.449420 128.000000 122.000000 119.000000
0.004942 0.099048 0.453560 133.000000 122.000000 116.000000
0.012522 0.100145 0.458620 128.000000 122.000000 119.000000
0.028116 0.102118 0.467820 132.000000 119.000000 114.000000
0.035991 0.102694 0.470580 129.000000 120.000000 116.000000
0.044227 0.103915 0.476330 123.000000 119.000000 116.000000
0.052617 0.105081 0.481850 126.000000 117.000000 118.000000
0.061063 0.106039 0.486450 126.000000 117.000000 116.000000
0.070105 0.107694 0.494270 126.000000 117.000000 118.000000
0.078772 0.108491 0.498180 132.000000 119.000000 116.000000
0.087674 0.109434 0.502780 126.000000 115.000000 112.000000
0.097064 0.110773 0.509220 127.000000 116.000000 113.000000
0.115456 0.112491 0.517730 122.000000 116.000000 114.000000
0.124867 0.113371 0.522100 126.000000 114.000000 114.000000
0.135406 0.115099 0.530380 126.000000 115.000000 112.000000
0.156458 0.117953 0.544180 123.000000 113.000000 107.000000
0.167165 0.119283 0.550620 122.000000 114.000000 107.000000
0.177925 0.120515 0.556600 117.000000 109.000000 101.000000
0.200583 0.123342 0.570170 118.000000 111.000000 98.000000
0.212539 0.124940 0.577760 123.000000 110.000000 103.000000
0.224658 0.126497 0.585120 120.000000 113.000000 104.000000
0.236476 0.127766 0.591100 115.000000 109.000000 105.000000
0.249081 0.129347 0.598460 115.000000 106.000000 102.000000
0.262149 0.131043 0.606280 116.000000 107.000000 107.000000
0.274163 0.132111 0.611110 116.000000 105.000000 102.000000
0.288089 0.133996 0.619620 115.000000 107.000000 100.000000
0.302902 0.136154 0.629280 115.000000 107.000000 96.000000
-0.166596 0.081364 0.349600 144.000000 140.000000 150.000000
-0.124008 0.087293 0.375130 140.000000 139.000000 144.000000
-0.118982 0.088080 0.378350 141.000000 138.000000 142.000000
-0.113851 0.088872 0.381570 141.000000 138.000000 144.000000
-0.092024 0.091855 0.393530 139.000000 134.000000 138.000000
-0.080949 0.093891 0.401810 136.000000 130.000000 137.000000
-0.075155 0.094855 0.405720 137.000000 133.000000 132.000000
-0.069029 0.095549 0.408480 136.000000 128.000000 136.000000
-0.037283 0.099948 0.426420 133.000000 126.000000 126.000000
-0.023824 0.102154 0.435620 133.000000 124.000000 123.000000
-0.009726 0.104122 0.443900 135.000000 123.000000 125.000000
-0.002472 0.105151 0.448270 131.000000 122.000000 121.000000
0.004922 0.106066 0.452180 134.000000 120.000000 123.000000
0.012479 0.107299 0.457470 128.000000 122.000000 117.000000
0.020198 0.108470 0.462530 126.000000 119.000000 117.000000
0.028092 0.109689 0.467820 129.000000 120.000000 116.000000
0.035943 0.110255 0.470350 129.000000 119.000000 122.000000
0.044084 0.111353 0.475180 128.000000 117.000000 116.000000
0.052550 0.112822 0.481620 127.000000 117.000000 109.000000
0.061044 0.113961 0.486680 125.000000 115.000000 119.000000
0.078242 0.115847 0.495190 126.000000 114.000000 116.000000
0.087412 0.117293 0.501630 124.000000 115.000000 114.000000
0.096824 0.118789 0.508300 124.000000 115.000000 114.000000
0.105821 0.119582 0.511980 122.000000 113.000000 111.000000
0.115285 0.120749 0.517270 127.000000 115.000000 117.000000
0.125127 0.122128 0.523480 123.000000 113.000000 105.000000
0.135336 0.123667 0.530380 120.000000 112.000000 110.000000
0.145319 0.124830 0.535670 122.000000 113.000000 109.000000
0.156060 0.126476 0.543030 120.000000 113.000000 104.000000
0.167100 0.128177 0.550620 122.000000 112.000000 102.000000
0.177865 0.129507 0.556600 118.000000 111.000000 109.000000
0.189052 0.131002 0.563270 121.000000 111.000000 101.000000
0.200536 0.132557 0.570170 120.000000 108.000000 108.000000
0.211486 0.133639 0.575000 121.000000 109.000000 102.000000
0.223572 0.135319 0.582360 116.000000 108.000000 101.000000
0.236186 0.137172 0.590410 119.000000 110.000000 94.000000
0.247646 0.138238 0.595010 119.000000 110.000000 94.000000
0.260875 0.140176 0.603290 112.000000 106.000000 99.000000
0.273067 0.141440 0.608580 108.000000 106.000000 100.000000
0.286976 0.143476 0.617090 116.000000 103.000000 96.000000
0.303656 0.146716 0.630660 116.000000 103.000000 98.000000
-0.157199 0.088114 0.354200 145.000000 142.000000 145.000000
-0.152795 0.088889 0.357420 146.000000 145.000000 150.000000
-0.118871 0.094134 0.378120 137.000000 134.000000 137.000000
-0.113327 0.094633 0.379960 136.000000 136.000000 138.000000
-0.108436 0.095766 0.384330 139.000000 136.000000 139.000000
-0.091919 0.098150 0.393300 136.000000 130.000000 139.000000
-0.080621 0.100033 0.400430 139.000000 129.000000 133.000000
-0.074935 0.101176 0.404800 134.000000 128.000000 132.000000
-0.068904 0.102030 0.408020 136.000000 126.000000 131.000000
-0.062654 0.102709 0.410550 133.000000 126.000000 124.000000
-0.037193 0.106663 0.425730 132.000000 124.000000 129.000000
-0.030476 0.107555 0.429180 134.000000 126.000000 124.000000
-0.023793 0.109133 0.435390 132.000000 123.000000 124.000000
-0.016858 0.110418 0.440450 129.000000 122.000000 127.000000
-0.009694 0.111005 0.442750 130.000000 121.000000 119.000000
-0.002460 0.111932 0.446430 133.000000 121.000000 123.000000
0.004904 0.113083 0.451030 127.000000 120.000000 122.000000
0.020129 0.115654 0.461380 133.000000 120.000000 117.000000
0.027998 0.116958 0.466670 129.000000 120.000000 118.000000
0.035912 0.117852 0.470350 128.000000 116.000000 118.000000
0.044047 0.119027 0.475180 127.000000 116.000000 113.000000
0.052432 0.120427 0.480930 124.000000 117.000000 113.000000
0.060823 0.121474 0.485300 128.000000 117.000000 114.000000
0.069347 0.122517 0.489670 126.000000 114.000000 114.000000
0.078148 0.123784 0.494960 124.000000 118.000000 111.000000
0.087150 0.125103 0.500480 121.000000 115.000000 112.000000
0.096102 0.126131 0.504850 121.000000 115.000000 110.000000
0.105659 0.127730 0.511520 123.000000 114.000000 112.000000
0.115215 0.129097 0.517270 124.000000 113.000000 112.000000
0.124837 0.130346 0.522560 123.000000 114.000000 114.000000
0.134737 0.131710 0.528310 123.000000 113.000000 107.000000
0.144876 0.133131 0.534290 120.000000 113.000000 104.000000
0.155332 0.134668 0.540730 119.000000 111.000000 105.000000
0.166339 0.136493 0.548320 117.000000 109.000000 105.000000
0.177072 0.137922 0.554300 120.000000 107.000000 105.000000
0.187843 0.139242 0.559820 121.000000 111.000000 103.000000
0.199442 0.141027 0.567180 121.000000 108.000000 106.000000
0.211368 0.142878 0.574770 119.000000 108.000000 105.000000
0.222403 0.143998 0.579370 112.000000 106.000000 99.000000
0.234984 0.145988 0.587420 115.000000 109.000000 105.000000
0.246029 0.146909 0.591100 113.000000 106.000000 97.000000
0.260208 0.149564 0.601680 113.000000 101.000000 103.000000
0.273119 0.151327 0.608580 112.000000 104.000000 100.000000
0.288230 0.154145 0.619620 115.000000 105.000000 95.000000
0.302214 0.156193 0.627440 112.000000 103.000000 102.000000
-0.161999 0.093316 0.351900 145.000000 141.000000 151.000000
-0.152524 0.094512 0.356730 142.000000 140.000000 141.000000
-0.148037 0.095344 0.359950 143.000000 142.000000 149.000000
-0.133129 0.097236 0.367080 137.000000 133.000000 141.000000
-0.123638 0.099171 0.374210 135.000000 132.000000 138.000000
-0.113218 0.100705 0.379730 134.000000 133.000000 140.000000
-0.108067 0.101662 0.383180 137.000000 132.000000 136.000000
-0.102741 0.102562 0.386400 136.000000 131.000000 131.000000
-0.074672 0.107396 0.403650 136.000000 129.000000 132.000000
-0.068895 0.108669 0.408250 134.000000 126.000000 124.000000
-0.062609 0.109328 0.410550 136.000000 126.000000 127.000000
-0.056428 0.110352 0.414230 134.000000 127.000000 127.000000
-0.050175 0.111496 0.418370 136.000000 124.000000 126.000000
-0.037163 0.113527 0.425730 134.000000 122.000000 126.000000
-0.030468 0.114536 0.429410 132.000000 122.000000 128.000000
-0.023723 0.115908 0.434470 132.000000 122.000000 126.000000
-0.016800 0.117213 0.439300 130.000000 120.000000 123.000000
-0.009681 0.118083 0.442520 131.000000 122.000000 119.000000
0.004886 0.120049 0.449880 128.000000 122.000000 119.000000
0.012424 0.121758 0.456320 123.000000 119.000000 118.000000
0.020061 0.122786 0.460230 129.000000 118.000000 117.000000
0.027918 0.124236 0.465750 128.000000 117.000000 116.000000
0.035828 0.125251 0.469660 128.000000 117.000000 116.000000
0.043902 0.126381 0.474030 126.000000 115.000000 110.000000
0.052162 0.127628 0.478860 125.000000 118.000000 118.000000
0.060630 0.128991 0.484150 128.000000 115.000000 115.000000
0.069130 0.130104 0.488520 128.000000 115.000000 115.000000
0.078017 0.131640 0.494500 124.000000 115.000000 112.000000
0.087008 0.133048 0.500020 124.000000 114.000000 110.000000
0.095993 0.134208 0.504620 121.000000 117.000000 112.000000
0.105448 0.135793 0.510830 122.000000 113.000000 111.000000
0.115197 0.137497 0.517500 120.000000 114.000000 111.000000
0.124712 0.138710 0.522330 125.000000 111.000000 113.000000
0.134492 0.140045 0.527620 122.000000 113.000000 109.000000
0.144559 0.141504 0.533370 119.000000 111.000000 107.000000
0.154541 0.142720 0.538200 120.000000 109.000000 104.000000
0.165581 0.144732 0.546020 117.000000 111.000000 104.000000
0.176430 0.146382 0.552460 116.000000 108.000000 101.000000
0.187796 0.148283 0.559820 117.000000 110.000000 106.000000
0.199242 0.150071 0.566720 119.000000 107.000000 109.000000
0.211088 0.151990 0.574080 111.000000 107.000000 106.000000
0.222037 0.153131 0.578450 116.000000 108.000000 99.000000
0.235170 0.155627 0.587880 112.000000 107.000000 97.000000
0.247103 0.157167 0.593630 117.000000 107.000000 99.000000
0.260649 0.159580 0.602600 116.000000 109.000000 97.000000
0.273496 0.161409 0.609270 111.000000 104.000000 93.000000
0.287256 0.163633 0.617320 114.000000 101.000000 101.000000
0.301567 0.166013 0.625830 112.000000 104.000000 98.000000
-0.170944 0.097621 0.346150 139.000000 140.000000 147.000000
-0.152359 0.100185 0.356270 141.000000 138.000000 142.000000
-0.148056 0.101190 0.359950 143.000000 142.000000 147.000000
-0.143108 0.101819 0.362250 144.000000 140.000000 139.000000
-0.118150 0.105763 0.376050 130.000000 132.000000 136.000000
-0.113110 0.106767 0.379500 137.000000 134.000000 135.000000
-0.107959 0.107777 0.382950 134.000000 133.000000 138.000000
-0.102634 0.108727 0.386170 136.000000 129.000000 132.000000
-0.097315 0.109809 0.389850 131.000000 128.000000 131.000000
-0.086155 0.111786 0.396520 141.000000 129.000000 131.000000
-0.080289 0.112614 0.399280 137.000000 131.000000 131.000000
-0.068459 0.114593 0.405950 129.000000 124.000000 128.000000
-0.062564 0.115938 0.410550 136.000000 129.000000 132.000000
-0.056229 0.116696 0.413080 131.000000 126.000000 130.000000
-0.050026 0.117971 0.417450 132.000000 124.000000 129.000000
-0.037073 0.120185 0.425040 132.000000 122.000000 126.000000
-0.023641 0.122576 0.433320 133.000000 120.000000 125.000000
-0.016743 0.123959 0.438150 127.000000 118.000000 121.000000
-0.009649 0.124880 0.441370 128.000000 121.000000 121.000000
-0.002457 0.126251 0.446200 127.000000 121.000000 118.000000
0.004890 0.127550 0.450800 127.000000 119.000000 117.000000
0.012381 0.128777 0.455170 127.000000 121.000000 118.000000
0.020002 0.129933 0.459310 124.000000 115.000000 114.000000
0.027810 0.131342 0.464370 123.000000 114.000000 114.000000
0.043822 0.133881 0.473570 123.000000 114.000000 114.000000
0.051969 0.134946 0.477480 128.000000 117.000000 116.000000
0.060322 0.136199 0.482080 128.000000 115.000000 113.000000
0.068946 0.137707 0.487600 125.000000 119.000000 114.000000
0.077813 0.139340 0.493580 124.000000 117.000000 115.000000
0.086786 0.140838 0.499100 124.000000 116.000000 107.000000
0.095753 0.142073 0.503700 123.000000 113.000000 116.000000
0.105097 0.143629 0.509450 120.000000 111.000000 112.000000
0.114924 0.145572 0.516580 122.000000 113.000000 109.000000
0.124370 0.146800 0.521180 120.000000 114.000000 109.000000
0.133897 0.147964 0.525550 120.000000 112.000000 110.000000
0.144245 0.149842 0.532450 122.000000 113.000000 109.000000
0.154282 0.151204 0.537510 115.000000 111.000000 110.000000
0.165594 0.153605 0.546250 115.000000 109.000000 109.000000
0.175940 0.154912 0.551080 110.000000 108.000000 106.000000
0.187369 0.157003 0.558670 111.000000 108.000000 102.000000
0.198726 0.158844 0.565340 114.000000 108.000000 105.000000
0.210477 0.160827 0.572470 113.000000 105.000000 99.000000
0.221239 0.161919 0.576380 114.000000 109.000000 99.000000
0.233988 0.164320 0.584890 111.000000 103.000000 95.000000
0.246946 0.166677 0.593170 111.000000 103.000000 97.000000
0.260209 0.169058 0.601450 109.000000 106.000000 98.000000
0.273065 0.171014 0.608120 110.000000 102.000000 96.000000
0.287587 0.173843 0.617780 112.000000 101.000000 98.000000
0.301166 0.175933 0.624680 108.000000 105.000000 95.000000
-0.166351 0.103888 0.348450 146.000000 143.000000 148.000000
-0.156830 0.105089 0.353050 139.000000 141.000000 145.000000
-0.147705 0.106770 0.359030 142.000000 137.000000 141.000000
-0.142669 0.107359 0.361100 141.000000 140.000000 147.000000
-0.138106 0.108371 0.364550 142.000000 140.000000 141.000000
-0.132944 0.108984 0.366620 137.000000 137.000000 137.000000
-0.128284 0.110085 0.370300 139.000000 134.000000 140.000000
-0.107661 0.113679 0.382030 134.000000 128.000000 132.000000
-0.102529 0.114882 0.385940 135.000000 128.000000 132.000000
-0.096982 0.115747 0.388700 129.000000 132.000000 128.000000
-0.080055 0.118765 0.398360 134.000000 127.000000 129.000000
-0.074320 0.119978 0.402270 133.000000 124.000000 127.000000
-0.068451 0.121191 0.406180 134.000000 125.000000 126.000000
-0.062309 0.122128 0.409170 133.000000 126.000000 128.000000
-0.056157 0.123269 0.412850 131.000000 123.000000 128.000000
-0.049988 0.124682 0.417450 133.000000 124.000000 123.000000
-0.043640 0.126023 0.421820 133.000000 124.000000 125.000000
-0.037004 0.126879 0.424580 130.000000 121.000000 121.000000
-0.030370 0.128143 0.428720 131.000000 121.000000 127.000000
-0.023547 0.129127 0.431940 131.000000 119.000000 125.000000
-0.016651 0.130381 0.436080 125.000000 117.000000 122.000000
-0.009622 0.131698 0.440450 129.000000 119.000000 122.000000
-0.002453 0.133215 0.445510 128.000000 116.000000 118.000000
0.004874 0.134519 0.449880 128.000000 116.000000 118.000000
0.012337 0.135748 0.454020 120.000000 116.000000 112.000000
0.019913 0.136833 0.457700 126.000000 114.000000 116.000000
0.027606 0.137911 0.461380 124.000000 116.000000 119.000000
0.035660 0.139945 0.468280 127.000000 115.000000 115.000000
0.043785 0.141492 0.473570 124.000000 114.000000 118.000000
0.051901 0.142551 0.477250 124.000000 115.000000 112.000000
0.060273 0.143948 0.482080 127.000000 115.000000 117.000000
0.027492 0.058081 0.194580 120.000000 114.000000 111.000000
0.077321 0.146452 0.490820 120.000000 115.000000 114.000000
0.086445 0.148384 0.497490 107.000000 91.000000 91.000000
0.095471 0.149832 0.502550 122.000000 113.000000 109.000000
0.104794 0.151483 0.508300 122.000000 113.000000 111.000000
0.114244 0.153063 0.513820 119.000000 110.000000 111.000000
0.123755 0.154506 0.518880 121.000000 108.000000 104.000000
0.133775 0.156360 0.525320 115.000000 111.000000 106.000000
0.144184 0.158421 0.532450 119.000000 110.000000 109.000000
0.154291 0.159938 0.537740 115.000000 111.000000 108.000000
0.165334 0.162212 0.545560 117.000000 110.000000 106.000000
0.175529 0.163467 0.549930 110.000000 106.000000 105.000000
0.186949 0.165688 0.557520 120.000000 107.000000 103.000000
0.197652 0.167100 0.562350 113.000000 108.000000 98.000000
0.208439 0.168456 0.566950 115.000000 105.000000 97.000000
0.220717 0.170854 0.575000 117.000000 107.000000 101.000000
0.233371 0.173339 0.583280 116.000000 105.000000 102.000000
0.246996 0.176325 0.593170 110.000000 102.000000 94.000000
0.259489 0.178311 0.599610 111.000000 105.000000 98.000000
0.273171 0.180944 0.608120 113.000000 103.000000 95.000000
0.287192 0.183613 0.616630 111.000000 102.000000 101.000000
0.301790 0.186460 0.625600 106.000000 107.000000 102.000000
-0.175331 0.108113 0.342700 146.000000 142.000000 150.000000
-0.170633 0.108675 0.345000 139.000000 138.000000 141.000000
-0.157209 0.111084 0.353740 144.000000 141.000000 144.000000
-0.152456 0.111808 0.356270 137.000000 136.000000 143.000000
-0.147650 0.112548 0.358800 139.000000 136.000000 139.000000
-0.142694 0.113232 0.361100 143.000000 138.000000 142.000000
-0.137682 0.113929 0.363400 136.000000 141.000000 144.000000
-0.127957 0.115792 0.369380 135.000000 133.000000 134.000000
-0.123039 0.116810 0.372600 134.000000 134.000000 134.000000
-0.118024 0.117837 0.375820 137.000000 131.000000 138.000000
-0.113045 0.119015 0.379500 138.000000 129.000000 130.000000
-0.107561 0.119767 0.381800 132.000000 129.000000 132.000000
-0.102307 0.120884 0.385250 134.000000 128.000000 132.000000
-0.091405 0.123059 0.391920 129.000000 129.000000 129.000000
-0.085562 0.123825 0.394220 130.000000 127.000000 128.000000
-0.079917 0.125026 0.397900 130.000000 127.000000 128.000000
-0.074232 0.126372 0.402040 131.000000 124.000000 124.000000
-0.068252 0.127428 0.405260 131.000000 124.000000 124.000000
-0.062266 0.128701 0.409170 132.000000 122.000000 126.000000
-0.056242 0.130189 0.413770 133.000000 119.000000 121.000000
-0.049951 0.131385 0.417450 131.000000 124.000000 124.000000
-0.043536 0.132578 0.421130 130.000000 120.000000 123.000000
-0.036955 0.133622 0.424350 128.000000 121.000000 125.000000
-0.030281 0.134735 0.427800 125.000000 117.000000 122.000000
-0.023503 0.135915 0.431480 129.000000 118.000000 126.000000
-0.016629 0.137307 0.435850 125.000000 118.000000 116.000000
-0.009610 0.138693 0.440220 124.000000 115.000000 114.000000
-0.002449 0.140219 0.445050 122.000000 116.000000 116.000000
0.004864 0.141593 0.449420 124.000000 115.000000 114.000000
0.012313 0.142888 0.453560 124.000000 116.000000 110.000000
0.019855 0.143888 0.456780 120.000000 114.000000 109.000000
0.027554 0.145171 0.460920 126.000000 114.000000 114.000000
0.035542 0.147099 0.467130 122.000000 116.000000 116.000000
0.043663 0.148803 0.472650 127.000000 113.000000 116.000000
0.051759 0.149923 0.476330 119.000000 117.000000 118.000000
0.060284 0.151833 0.482540 120.000000 116.000000 110.000000
0.068679 0.153015 0.486450 120.000000 113.000000 115.000000
0.076759 0.153324 0.487600 123.000000 114.000000 112.000000
0.085428 0.154642 0.491970 120.000000 112.000000 108.000000
0.095410 0.157909 0.502550 121.000000 115.000000 110.000000
0.104732 0.159655 0.508300 114.000000 107.000000 109.000000
0.113926 0.160967 0.512670 118.000000 112.000000 105.000000
0.123474 0.162567 0.517960 114.000000 110.000000 107.000000
0.133891 0.165035 0.526010 117.000000 109.000000 105.000000
0.144439 0.167360 0.533600 118.000000 110.000000 106.000000
0.153976 0.168320 0.536820 115.000000 111.000000 106.000000
0.164314 0.170006 0.542340 114.000000 108.000000 103.000000
0.175053 0.171917 0.548550 112.000000 105.000000 103.000000
0.186230 0.174054 0.555450 115.000000 106.000000 104.000000
0.197721 0.176275 0.562580 110.000000 108.000000 106.000000
0.208781 0.177935 0.567870 111.000000 108.000000 100.000000
0.221180 0.180550 0.576150 115.000000 105.000000 99.000000
0.232954 0.182464 0.582130 111.000000 105.000000 98.000000
0.245819 0.185053 0.590180 112.000000 101.000000 98.000000
0.259486 0.188031 0.599380 108.000000 104.000000 99.000000
0.272784 0.190539 0.606970 110.000000 101.000000 102.000000
0.285753 0.192652 0.613180 113.000000 102.000000 97.000000
0.301670 0.196546 0.624910 109.000000 104.000000 106.000000
-0.175523 0.113824 0.342700 147.000000 144.000000 148.000000
-0.170225 0.114017 0.343850 139.000000 137.000000 147.000000
-0.166050 0.115002 0.347300 138.000000 140.000000 144.000000
-0.161387 0.115707 0.349830 141.000000 138.000000 144.000000
-0.156990 0.116664 0.353050 145.000000 142.000000 143.000000
-0.152230 0.117413 0.355580 141.000000 138.000000 142.000000
-0.142639 0.119041 0.360870 137.000000 133.000000 141.000000
-0.137705 0.119840 0.363400 147.000000 137.000000 143.000000
-0.132622 0.120576 0.365700 142.000000 134.000000 143.000000
-0.127797 0.121628 0.368920 139.000000 136.000000 141.000000
-0.123030 0.122841 0.372600 138.000000 133.000000 137.000000
-0.117718 0.123609 0.374900 139.000000 130.000000 140.000000
-0.112679 0.124764 0.378350 135.000000 130.000000 134.000000
-0.107531 0.125926 0.381800 132.000000 129.000000 132.000000
-0.102211 0.127017 0.385020 132.000000 128.000000 129.000000
-0.096672 0.127962 0.387780 131.000000 126.000000 130.000000
-0.091149 0.129062 0.391000 134.000000 127.000000 127.000000
-0.085370 0.129937 0.393530 131.000000 127.000000 126.000000
-0.080012 0.131649 0.398590 129.000000 122.000000 125.000000
-0.074019 0.132527 0.401120 125.000000 123.000000 131.000000
-0.068171 0.133860 0.405030 129.000000 122.000000 127.000000
-0.062400 0.135649 0.410320 124.000000 121.000000 126.000000
-0.056391 0.137285 0.415150 127.000000 119.000000 126.000000
-0.049916 0.138082 0.417450 129.000000 119.000000 120.000000
-0.043456 0.139180 0.420670 126.000000 117.000000 118.000000
-0.036827 0.140046 0.423200 121.000000 119.000000 120.000000
-0.030161 0.141137 0.426420 126.000000 117.000000 118.000000
-0.023523 0.143060 0.432170 122.000000 118.000000 115.000000
-0.016617 0.144293 0.435850 124.000000 115.000000 116.000000
-0.009588 0.145521 0.439530 121.000000 114.000000 114.000000
-0.002442 0.146971 0.443900 120.000000 113.000000 113.000000
0.004856 0.148720 0.449190 120.000000 113.000000 113.000000
0.012251 0.149549 0.451720 122.000000 112.000000 106.000000
0.019827 0.151133 0.456550 121.000000 115.000000 112.000000
0.027516 0.152483 0.460690 118.000000 114.000000 111.000000
0.035424 0.154207 0.465980 120.000000 112.000000 110.000000
0.043585 0.156230 0.472190 124.000000 114.000000 110.000000
0.051718 0.157562 0.476330 123.000000 111.000000 115.000000
0.060037 0.159041 0.480930 119.000000 112.000000 112.000000
0.068337 0.160136 0.484380 115.000000 111.000000 108.000000
0.076707 0.161150 0.487600 113.000000 111.000000 112.000000
0.095265 0.165830 0.502090 105.000000 98.000000 96.000000
0.104863 0.168128 0.509220 120.000000 108.000000 110.000000
0.113664 0.168907 0.511750 113.000000 109.000000 105.000000
0.123363 0.170826 0.517730 117.000000 106.000000 105.000000
0.133369 0.172898 0.524170 119.000000 107.000000 107.000000
0.143518 0.174898 0.530380 113.000000 109.000000 105.000000
0.153669 0.176676 0.535900 114.000000 107.000000 107.000000
0.163930 0.178384 0.541190 114.000000 110.000000 105.000000
0.174367 0.180102 0.546480 112.000000 106.000000 101.000000
0.185831 0.182666 0.554300 116.000000 106.000000 100.000000
0.197722 0.185394 0.562580 113.000000 105.000000 101.000000
0.209645 0.187913 0.570170 109.000000 106.000000 98.000000
0.221307 0.189996 0.576380 110.000000 101.000000 100.000000
0.233200 0.192103 0.582590 110.000000 104.000000 97.000000
0.244854 0.193858 0.587650 108.000000 108.000000 92.000000
0.258810 0.197239 0.597540 111.000000 103.000000 99.000000
0.272528 0.200202 0.606050 111.000000 105.000000 100.000000
0.285524 0.202449 0.612260 107.000000 103.000000 98.000000
0.300919 0.206192 0.622840 112.000000 105.000000 96.000000
-0.175271 0.119246 0.341780 144.000000 137.000000 140.000000
-0.170866 0.120071 0.344770 139.000000 143.000000 146.000000
-0.166206 0.120767 0.347300 130.000000 136.000000 143.000000
-0.161410 0.121412 0.349600 142.000000 142.000000 151.000000
-0.152216 0.123173 0.355350 146.000000 138.000000 141.000000
-0.147673 0.124205 0.358570 139.000000 138.000000 141.000000
-0.142325 0.124617 0.359950 139.000000 136.000000 139.000000
-0.137391 0.125444 0.362480 142.000000 137.000000 141.000000
-0.133061 0.126922 0.366850 141.000000 135.000000 139.000000
-0.127807 0.127617 0.368920 139.000000 133.000000 142.000000
-0.123029 0.128881 0.372600 139.000000 136.000000 139.000000
-0.117708 0.129677 0.374900 137.000000 133.000000 132.000000
-0.112388 0.130561 0.377430 138.000000 128.000000 132.000000
-0.107442 0.132010 0.381570 135.000000 129.000000 136.000000
-0.101999 0.132987 0.384330 135.000000 130.000000 134.000000
-0.096582 0.134130 0.387550 132.000000 127.000000 133.000000
-0.091060 0.135276 0.390770 132.000000 127.000000 133.000000
-0.085282 0.136187 0.393300 133.000000 126.000000 128.000000
-0.079788 0.137737 0.397670 128.000000 120.000000 129.000000
-0.074021 0.139049 0.401350 132.000000 125.000000 125.000000
-0.068131 0.140362 0.405030 127.000000 122.000000 121.000000
-0.062187 0.141834 0.409170 129.000000 119.000000 124.000000
-0.056042 0.143146 0.412850 125.000000 117.000000 120.000000
-0.049745 0.144376 0.416300 124.000000 119.000000 121.000000
-0.043355 0.145683 0.419980 122.000000 115.000000 120.000000
-0.036721 0.146508 0.422280 127.000000 118.000000 119.000000
-0.030155 0.148048 0.426650 124.000000 114.000000 118.000000
-0.023406 0.149344 0.430330 121.000000 114.000000 114.000000
-0.016596 0.151193 0.435620 120.000000 112.000000 110.000000
-0.009582 0.152559 0.439530 117.000000 113.000000 112.000000
-0.002432 0.153440 0.442060 121.000000 115.000000 112.000000
0.004828 0.155194 0.447120 123.000000 112.000000 111.000000
0.012215 0.156463 0.450800 119.000000 112.000000 110.000000
0.019800 0.158365 0.456320 120.000000 111.000000 112.000000
0.027507 0.159942 0.460920 122.000000 110.000000 112.000000
0.035308 0.161273 0.464830 117.000000 110.000000 110.000000
0.043381 0.163158 0.470350 119.000000 106.000000 113.000000
0.051555 0.164798 0.475180 117.000000 110.000000 110.000000
0.059765 0.166114 0.479090 117.000000 106.000000 105.000000
0.068226 0.167745 0.483920 117.000000 106.000000 107.000000
0.076223 0.168017 0.484840 113.000000 105.000000 99.000000
0.086663 0.158281 0.457010 103.000000 97.000000 106.000000
0.093590 0.157439 0.454710 104.000000 108.000000 100.000000
0.113458 0.176899 0.511060 99.000000 93.000000 86.000000
0.123039 0.178761 0.516580 110.000000 102.000000 98.000000
0.133088 0.181024 0.523250 110.000000 103.000000 101.000000
0.142979 0.182814 0.528540 108.000000 109.000000 104.000000
0.153239 0.184850 0.534520 115.000000 105.000000 106.000000
0.163975 0.187211 0.541420 120.000000 106.000000 111.000000
0.174647 0.189265 0.547400 111.000000 104.000000 104.000000
0.185446 0.191253 0.553150 112.000000 105.000000 107.000000
0.197334 0.194132 0.561430 115.000000 104.000000 101.000000
0.209680 0.197188 0.570170 113.000000 106.000000 97.000000
0.220393 0.198517 0.573850 111.000000 104.000000 102.000000
0.233008 0.201384 0.581900 110.000000 104.000000 97.000000
0.244967 0.203485 0.587650 106.000000 105.000000 99.000000
0.257264 0.205701 0.593630 111.000000 106.000000 94.000000
0.272200 0.209793 0.604900 108.000000 102.000000 100.000000
0.285866 0.212657 0.612490 112.000000 96.000000 99.000000
0.300764 0.216217 0.621920 113.000000 102.000000 97.000000
-0.175404 0.124926 0.341550 139.000000 141.000000 145.000000
-0.170624 0.125517 0.343850 142.000000 142.000000 151.000000
-0.166057 0.126311 0.346610 141.000000 139.000000 138.000000
-0.161562 0.127220 0.349600 144.000000 140.000000 146.000000
-0.156814 0.127988 0.352130 144.000000 140.000000 146.000000
-0.152320 0.129032 0.355350 137.000000 139.000000 143.000000
-0.147283 0.129681 0.357420 139.000000 138.000000 143.000000
-0.137352 0.131285 0.362250 133.000000 135.000000 137.000000
-0.132677 0.132487 0.365700 137.000000 131.000000 138.000000
-0.127669 0.133453 0.368460 138.000000 133.000000 135.000000
-0.122887 0.134765 0.372140 129.000000 136.000000 138.000000
-0.117708 0.135754 0.374900 140.000000 133.000000 133.000000
-0.107168 0.137844 0.380650 132.000000 130.000000 130.000000
-0.101856 0.139025 0.383870 134.000000 129.000000 130.000000
-0.096269 0.139962 0.386400 129.000000 128.000000 133.000000
-0.090815 0.141236 0.389850 132.000000 128.000000 125.000000
-0.085099 0.142265 0.392610 129.000000 123.000000 123.000000
-0.079753 0.144130 0.397670 129.000000 119.000000 120.000000
-0.073986 0.145497 0.401350 131.000000 123.000000 126.000000
-0.068173 0.147032 0.405490 122.000000 122.000000 124.000000
-0.062013 0.148066 0.408250 127.000000 119.000000 124.000000
-0.055853 0.149350 0.411700 125.000000 117.000000 120.000000
-0.049577 0.150632 0.415150 124.000000 117.000000 117.000000
-0.043208 0.151995 0.418830 122.000000 116.000000 116.000000
-0.036697 0.153272 0.422280 119.000000 117.000000 116.000000
-0.030119 0.154796 0.426420 120.000000 115.000000 114.000000
-0.023365 0.156066 0.429870 128.000000 112.000000 110.000000
-0.016498 0.157331 0.433320 117.000000 110.000000 108.000000
-0.009556 0.159260 0.438610 120.000000 112.000000 110.000000
-0.002429 0.160348 0.441600 120.000000 112.000000 110.000000
0.004823 0.162350 0.447120 119.000000 112.000000 112.000000
0.012204 0.163679 0.450800 120.000000 109.000000 106.000000
0.019733 0.165252 0.455170 115.000000 109.000000 105.000000
0.027389 0.166736 0.459310 113.000000 108.000000 109.000000
0.035299 0.168800 0.465060 114.000000 107.000000 107.000000
0.043244 0.170274 0.469200 113.000000 104.000000 105.000000
0.051394 0.171994 0.474030 114.000000 107.000000 107.000000
0.059639 0.173543 0.478400 113.000000 105.000000 101.000000
0.067923 0.174838 0.482080 110.000000 99.000000 100.000000
0.075419 0.174045 0.480010 101.000000 96.000000 98.000000
0.085878 0.164206 0.453100 105.000000 107.000000 111.000000
0.092128 0.162249 0.447810 82.000000 85.000000 91.000000
0.099019 0.161628 0.446200 28.000000 32.000000 35.000000
0.122996 0.187081 0.516580 96.000000 86.000000 82.000000
0.132758 0.189044 0.522100 109.000000 99.000000 91.000000
0.142574 0.190847 0.527160 112.000000 101.000000 94.000000
0.152886 0.193073 0.533370 114.000000 108.000000 103.000000
0.163057 0.194893 0.538430 112.000000 105.000000 103.000000
0.174207 0.197641 0.546020 109.000000 108.000000 99.000000
0.185461 0.200237 0.553150 114.000000 107.000000 107.000000
0.196559 0.202435 0.559130 112.000000 106.000000 101.000000
0.207620 0.204404 0.564420 104.000000 103.000000 96.000000
0.219324 0.206815 0.570860 110.000000 103.000000 101.000000
0.232932 0.210755 0.581440 114.000000 103.000000 98.000000
0.245204 0.213230 0.587880 108.000000 104.000000 101.000000
0.258541 0.216411 0.596160 103.000000 101.000000 97.000000
0.271907 0.219389 0.603750 109.000000 99.000000 93.000000
0.285498 0.222336 0.611110 111.000000 102.000000 103.000000
0.300544 0.226183 0.620770 110.000000 101.000000 102.000000
