-0.023937 -0.162043 0.441600 83.000000 95.000000 89.000000
0.117538 -0.194367 0.531070 149.000000 145.000000 139.000000
0.192831 -0.210789 0.576610 142.000000 141.000000 137.000000
0.299467 -0.235876 0.642620 141.000000 137.000000 133.000000
0.315897 -0.240411 0.654120 144.000000 136.000000 129.000000
0.012592 -0.163604 0.465980 61.000000 64.000000 70.000000
0.088479 -0.179225 0.511520 138.000000 128.000000 120.000000
0.192757 -0.201411 0.576380 146.000000 139.000000 137.000000
0.229463 -0.209333 0.598920 149.000000 138.000000 137.000000
0.269177 -0.217891 0.622610 148.000000 136.000000 128.000000
0.283216 -0.220953 0.630890 140.000000 134.000000 127.000000
0.298141 -0.224465 0.640320 146.000000 139.000000 137.000000
-0.023937 -0.147774 0.440910 76.000000 85.000000 87.000000
0.126886 -0.178258 0.533830 151.000000 145.000000 141.000000
0.204435 -0.194336 0.583050 141.000000 140.000000 134.000000
0.216496 -0.196709 0.590180 145.000000 136.000000 132.000000
0.282327 -0.210088 0.629280 140.000000 134.000000 127.000000
0.297393 -0.213562 0.639170 144.000000 136.000000 127.000000
0.312318 -0.216701 0.647910 137.000000 132.000000 123.000000
0.020244 -0.149058 0.466900 54.000000 56.000000 60.000000
0.169776 -0.178294 0.561660 143.000000 143.000000 143.000000
0.203890 -0.184437 0.581440 144.000000 140.000000 139.000000
0.228530 -0.189230 0.596620 144.000000 138.000000 134.000000
0.241624 -0.191947 0.605130 137.000000 139.000000 129.000000
0.281782 -0.199530 0.628360 140.000000 132.000000 126.000000
0.297218 -0.203101 0.639170 141.000000 135.000000 128.000000
0.312538 -0.206353 0.648830 143.000000 131.000000 122.000000
0.254125 -0.184128 0.611570 142.000000 137.000000 127.000000
0.281265 -0.189029 0.627440 138.000000 134.000000 131.000000
0.296434 -0.192257 0.637790 143.000000 138.000000 128.000000
0.028062 -0.134932 0.469660 81.000000 89.000000 97.000000
0.147668 -0.156039 0.546250 143.000000 144.000000 139.000000
0.180337 -0.161460 0.566030 144.000000 138.000000 134.000000
0.267838 -0.176759 0.620310 140.000000 131.000000 130.000000
0.281599 -0.179107 0.628360 137.000000 131.000000 127.000000
0.295894 -0.181617 0.636870 139.000000 133.000000 128.000000
0.310539 -0.184163 0.645380 139.000000 132.000000 130.000000
0.028049 -0.127234 0.468970 74.000000 77.000000 74.000000
0.227781 -0.159825 0.594550 141.000000 135.000000 128.000000
0.267708 -0.166664 0.620080 137.000000 134.000000 126.000000
0.281129 -0.168678 0.627440 141.000000 134.000000 123.000000
0.296126 -0.171461 0.637560 140.000000 132.000000 126.000000
0.240901 -0.152427 0.603290 137.000000 131.000000 127.000000
0.267693 -0.156646 0.620080 137.000000 129.000000 122.000000
0.280163 -0.158002 0.625370 137.000000 129.000000 122.000000
0.309542 -0.162767 0.643770 137.000000 128.000000 126.000000
0.044360 -0.114537 0.479090 47.000000 51.000000 56.000000
0.253254 -0.144148 0.609500 139.000000 131.000000 125.000000
0.279830 -0.147730 0.624680 136.000000 131.000000 123.000000
0.294302 -0.149934 0.633880 138.000000 128.000000 120.000000
0.308912 -0.152055 0.642620 137.000000 128.000000 126.000000
0.214479 -0.128840 0.583970 145.000000 135.000000 127.000000
0.223259 -0.109819 0.498410 137.000000 129.000000 122.000000
0.294483 -0.139784 0.634340 135.000000 131.000000 128.000000
0.309406 -0.141899 0.643770 133.000000 126.000000 124.000000
0.238355 -0.121911 0.596620 141.000000 129.000000 121.000000
0.308480 -0.131106 0.641930 133.000000 127.000000 120.000000
0.097739 -0.097458 0.512900 145.000000 142.000000 143.000000
0.179629 -0.106183 0.562350 141.000000 133.000000 131.000000
0.226357 -0.111142 0.590180 131.000000 127.000000 124.000000
0.252492 -0.114287 0.607430 134.000000 128.000000 123.000000
0.279832 -0.117475 0.624680 132.000000 126.000000 117.000000
0.293816 -0.119027 0.632960 136.000000 125.000000 124.000000
0.308783 -0.120856 0.642620 135.000000 122.000000 118.000000
0.265094 -0.105564 0.613870 138.000000 129.000000 118.000000
0.292215 -0.108213 0.629510 135.000000 125.000000 115.000000
0.307770 -0.110115 0.640550 138.000000 126.000000 116.000000
0.225506 -0.091720 0.587650 136.000000 128.000000 121.000000
0.265725 -0.095877 0.615250 132.000000 127.000000 115.000000
0.292224 -0.098050 0.629510 133.000000 126.000000 113.000000
0.307873 -0.099802 0.640780 136.000000 124.000000 119.000000
0.239206 -0.083664 0.598230 136.000000 126.000000 120.000000
0.265364 -0.085823 0.614330 129.000000 123.000000 119.000000
0.277837 -0.086593 0.620080 124.000000 123.000000 114.000000
0.292024 -0.087824 0.629050 132.000000 126.000000 117.000000
0.306988 -0.089195 0.638940 131.000000 123.000000 116.000000
0.004964 -0.057117 0.453790 152.000000 154.000000 154.000000
0.265302 -0.075880 0.614100 129.000000 126.000000 116.000000
0.277865 -0.076586 0.620080 128.000000 125.000000 114.000000
0.291401 -0.077498 0.627670 136.000000 122.000000 110.000000
0.305778 -0.078564 0.636410 132.000000 125.000000 112.000000
0.157058 -0.059039 0.545330 137.000000 131.000000 127.000000
0.250992 -0.064845 0.603290 136.000000 124.000000 115.000000
0.265936 -0.066115 0.615480 135.000000 125.000000 115.000000
0.278822 -0.066798 0.622150 129.000000 124.000000 112.000000
0.291101 -0.067290 0.626980 132.000000 124.000000 116.000000
0.097212 -0.047068 0.508300 143.000000 133.000000 127.000000
0.250268 -0.054932 0.601450 133.000000 122.000000 116.000000
0.276893 -0.056353 0.617780 130.000000 122.000000 113.000000
0.291016 -0.057145 0.626750 129.000000 122.000000 108.000000
0.306353 -0.058112 0.637560 125.000000 117.000000 111.000000
-0.136099 -0.020759 0.276690 159.000000 167.000000 171.000000
0.061448 -0.037300 0.487370 143.000000 138.000000 130.000000
0.178329 -0.042109 0.556830 134.000000 127.000000 118.000000
0.250306 -0.045213 0.601450 132.000000 124.000000 116.000000
0.263522 -0.045801 0.609730 131.000000 122.000000 111.000000
0.277231 -0.046426 0.618470 126.000000 119.000000 117.000000
0.291786 -0.047143 0.628360 131.000000 121.000000 115.000000
0.307143 -0.047934 0.639170 126.000000 120.000000 113.000000
0.070102 -0.029569 0.491970 144.000000 138.000000 134.000000
0.106492 -0.030711 0.512900 140.000000 134.000000 129.000000
0.224572 -0.034553 0.584430 133.000000 122.000000 116.000000
0.250340 -0.035490 0.601450 127.000000 123.000000 115.000000
0.263553 -0.035947 0.609730 131.000000 121.000000 113.000000
0.276743 -0.036366 0.617320 129.000000 119.000000 109.000000
0.289779 -0.036735 0.623990 126.000000 119.000000 110.000000
0.305391 -0.037392 0.635490 129.000000 121.000000 112.000000
0.116169 -0.022564 0.518880 143.000000 132.000000 129.000000
0.156646 -0.023505 0.543260 140.000000 127.000000 120.000000
0.237440 -0.025436 0.593170 128.000000 123.000000 115.000000
0.250371 -0.025763 0.601450 130.000000 122.000000 115.000000
0.263183 -0.026051 0.608810 132.000000 119.000000 114.000000
0.276355 -0.026351 0.616400 134.000000 122.000000 112.000000
0.303751 -0.026977 0.632040 125.000000 119.000000 110.000000
0.116501 -0.011563 0.427800 138.000000 128.000000 120.000000
0.224632 -0.015625 0.584430 138.000000 124.000000 115.000000
0.249343 -0.015965 0.598920 131.000000 122.000000 109.000000
0.262610 -0.016169 0.607430 127.000000 119.000000 113.000000
0.276274 -0.016380 0.616170 123.000000 123.000000 109.000000
0.290676 -0.016617 0.625830 124.000000 122.000000 109.000000
0.304432 -0.016799 0.633420 124.000000 118.000000 111.000000
0.036081 -0.005135 0.468970 147.000000 139.000000 135.000000
0.136268 -0.005719 0.531760 131.000000 124.000000 120.000000
0.200151 -0.006014 0.567870 130.000000 120.000000 112.000000
0.212270 -0.006085 0.576150 129.000000 120.000000 107.000000
0.249650 -0.006280 0.599610 130.000000 121.000000 110.000000
0.262431 -0.006340 0.606970 124.000000 121.000000 111.000000
0.275881 -0.006408 0.615250 126.000000 119.000000 110.000000
0.290267 -0.006491 0.624910 127.000000 120.000000 109.000000
0.303344 -0.006538 0.631120 127.000000 116.000000 111.000000
0.012516 0.002504 0.455400 146.000000 143.000000 137.000000
0.035995 0.002575 0.467820 147.000000 136.000000 132.000000
0.044185 0.002605 0.473110 144.000000 133.000000 130.000000
0.078561 0.002730 0.494270 143.000000 134.000000 130.000000
0.087550 0.002762 0.499560 139.000000 131.000000 127.000000
0.125875 0.002913 0.524170 136.000000 128.000000 117.000000
0.135924 0.002952 0.530380 132.000000 124.000000 118.000000
0.177582 0.003109 0.554070 128.000000 123.000000 113.000000
0.212029 0.003255 0.575460 130.000000 122.000000 115.000000
0.235659 0.003350 0.588570 132.000000 120.000000 110.000000
0.248611 0.003410 0.597080 126.000000 120.000000 113.000000
0.261949 0.003473 0.605820 128.000000 117.000000 112.000000
0.274350 0.003521 0.611800 127.000000 120.000000 109.000000
0.289750 0.003606 0.623760 124.000000 118.000000 109.000000
0.302477 0.003654 0.629280 125.000000 117.000000 109.000000
-0.002461 0.009772 0.444820 151.000000 141.000000 135.000000
0.012478 0.009974 0.454020 145.000000 141.000000 140.000000
0.052539 0.010500 0.478400 143.000000 135.000000 128.000000
0.096429 0.011034 0.503470 137.000000 128.000000 124.000000
0.135630 0.011584 0.529230 136.000000 126.000000 116.000000
0.166749 0.011980 0.547630 131.000000 124.000000 112.000000
0.177659 0.012124 0.554300 133.000000 120.000000 115.000000
0.188152 0.012230 0.559130 127.000000 120.000000 109.000000
0.211103 0.012534 0.572930 126.000000 121.000000 111.000000
0.224939 0.012803 0.585120 129.000000 120.000000 107.000000
0.236128 0.012909 0.589720 129.000000 120.000000 107.000000
0.248621 0.013076 0.597080 128.000000 118.000000 108.000000
0.261961 0.013275 0.605820 125.000000 117.000000 109.000000
0.273951 0.013397 0.610880 129.000000 117.000000 108.000000
0.287842 0.013601 0.619620 120.000000 120.000000 109.000000
0.300725 0.013748 0.625600 123.000000 115.000000 108.000000
-0.068824 0.015525 0.405030 155.000000 146.000000 149.000000
-0.030611 0.016444 0.428030 145.000000 141.000000 140.000000
-0.023798 0.016615 0.432400 145.000000 141.000000 140.000000
0.052509 0.018355 0.478170 139.000000 133.000000 124.000000
0.060845 0.018497 0.482080 139.000000 133.000000 126.000000
0.096378 0.019272 0.503240 136.000000 126.000000 118.000000
0.105793 0.019490 0.509220 142.000000 127.000000 118.000000
0.135328 0.020178 0.528080 137.000000 127.000000 121.000000
0.145335 0.020378 0.533600 137.000000 123.000000 110.000000
0.166604 0.020875 0.547170 130.000000 122.000000 113.000000
0.177285 0.021094 0.553150 129.000000 121.000000 110.000000
0.188457 0.021349 0.560050 129.000000 121.000000 114.000000
0.211017 0.021818 0.572700 128.000000 118.000000 110.000000
0.222464 0.022042 0.578680 129.000000 120.000000 107.000000
0.235393 0.022391 0.587880 125.000000 119.000000 110.000000
0.248626 0.022742 0.597080 122.000000 114.000000 103.000000
0.261769 0.023061 0.605360 127.000000 116.000000 111.000000
0.273961 0.023278 0.610880 127.000000 117.000000 109.000000
0.287855 0.023622 0.619620 122.000000 117.000000 110.000000
0.300742 0.023865 0.625600 122.000000 117.000000 110.000000
-0.023667 0.023604 0.430100 143.000000 137.000000 134.000000
0.012436 0.024847 0.452640 141.000000 135.000000 128.000000
0.020114 0.025108 0.457470 144.000000 135.000000 131.000000
0.052373 0.026148 0.477020 139.000000 131.000000 127.000000
0.069482 0.026690 0.487370 140.000000 129.000000 121.000000
0.078396 0.027003 0.493350 140.000000 129.000000 123.000000
0.096188 0.027462 0.502320 136.000000 126.000000 118.000000
0.105349 0.027708 0.507150 139.000000 124.000000 118.000000
0.125136 0.028437 0.521180 128.000000 123.000000 115.000000
0.135019 0.028732 0.526930 134.000000 123.000000 118.000000
0.145007 0.029014 0.532450 131.000000 123.000000 116.000000
0.155621 0.029384 0.539580 131.000000 121.000000 113.000000
0.177641 0.030150 0.554300 129.000000 119.000000 113.000000
0.188446 0.030447 0.560050 132.000000 120.000000 110.000000
0.199831 0.030808 0.566950 127.000000 121.000000 114.000000
0.221839 0.031335 0.577070 121.000000 120.000000 114.000000
0.234285 0.031764 0.585120 130.000000 120.000000 112.000000
0.247668 0.032284 0.594780 121.000000 118.000000 110.000000
0.260678 0.032720 0.602830 128.000000 116.000000 107.000000
0.272730 0.033011 0.608120 127.000000 117.000000 109.000000
0.286905 0.033532 0.617550 122.000000 117.000000 105.000000
0.300870 0.033996 0.625830 124.000000 115.000000 104.000000
-0.056350 0.029243 0.410780 144.000000 144.000000 146.000000
-0.016801 0.031109 0.436080 146.000000 137.000000 136.000000
-0.009699 0.031408 0.440220 143.000000 139.000000 136.000000
0.020079 0.032582 0.456780 143.000000 132.000000 129.000000
0.027884 0.032902 0.461380 140.000000 132.000000 128.000000
0.052259 0.033916 0.476100 140.000000 127.000000 124.000000
0.060675 0.034243 0.480930 137.000000 126.000000 123.000000
0.078342 0.035073 0.493120 134.000000 128.000000 123.000000
0.095948 0.035601 0.501170 139.000000 126.000000 119.000000
0.105376 0.036018 0.507380 139.000000 126.000000 119.000000
0.115554 0.036613 0.516120 132.000000 124.000000 116.000000
0.125334 0.037011 0.522100 133.000000 122.000000 116.000000
0.144985 0.037692 0.532450 133.000000 123.000000 112.000000
0.155268 0.038089 0.538430 128.000000 123.000000 113.000000
0.166498 0.038665 0.546940 130.000000 121.000000 117.000000
0.177179 0.039063 0.552920 131.000000 117.000000 115.000000
0.188350 0.039527 0.559820 132.000000 120.000000 110.000000
0.199004 0.039846 0.564650 127.000000 120.000000 109.000000
0.221031 0.040541 0.575000 126.000000 115.000000 107.000000
0.232619 0.040950 0.580980 128.000000 116.000000 107.000000
0.246992 0.041800 0.593170 120.000000 114.000000 109.000000
0.260081 0.042379 0.601450 125.000000 119.000000 103.000000
0.272735 0.042850 0.608120 123.000000 112.000000 109.000000
0.286275 0.043425 0.616170 124.000000 115.000000 104.000000
0.300334 0.044039 0.624680 128.000000 113.000000 104.000000
-0.141866 0.031119 0.358800 152.000000 154.000000 158.000000
-0.009676 0.038562 0.439300 144.000000 138.000000 138.000000
0.027846 0.040441 0.460920 140.000000 132.000000 126.000000
0.035892 0.040953 0.466900 140.000000 129.000000 121.000000
0.060656 0.042130 0.480930 136.000000 128.000000 121.000000
0.077989 0.042968 0.491050 134.000000 124.000000 116.000000
0.105396 0.044329 0.507610 134.000000 123.000000 118.000000
0.115525 0.045040 0.516120 131.000000 123.000000 114.000000
0.125084 0.045449 0.521180 132.000000 119.000000 114.000000
0.144955 0.046364 0.532450 133.000000 120.000000 115.000000
0.155437 0.046912 0.539120 130.000000 121.000000 110.000000
0.166190 0.047479 0.546020 127.000000 120.000000 109.000000
0.176488 0.047867 0.550850 126.000000 120.000000 113.000000
0.187937 0.048516 0.558670 131.000000 118.000000 111.000000
0.198575 0.048908 0.563500 126.000000 119.000000 108.000000
0.209872 0.049421 0.569710 127.000000 119.000000 113.000000
0.221014 0.049858 0.575000 125.000000 117.000000 109.000000
0.232790 0.050399 0.581440 125.000000 117.000000 109.000000
0.246026 0.051203 0.590870 123.000000 116.000000 104.000000
0.259978 0.052093 0.601220 120.000000 113.000000 102.000000
0.272944 0.052729 0.608580 122.000000 114.000000 103.000000
0.285858 0.053314 0.615250 122.000000 115.000000 99.000000
0.299248 0.053947 0.622380 118.000000 113.000000 101.000000
-0.049973 0.043062 0.414000 149.000000 136.000000 143.000000
-0.009647 0.045654 0.438150 144.000000 135.000000 133.000000
-0.002444 0.046063 0.442060 138.000000 134.000000 131.000000
0.004912 0.046709 0.448270 143.000000 130.000000 130.000000
0.020012 0.047464 0.455630 138.000000 129.000000 128.000000
0.035806 0.048516 0.465980 137.000000 129.000000 122.000000
0.043871 0.048953 0.470350 138.000000 127.000000 124.000000
0.069090 0.050411 0.485070 139.000000 124.000000 120.000000
0.077997 0.051027 0.491280 136.000000 124.000000 117.000000
0.086971 0.051567 0.496800 136.000000 125.000000 122.000000
0.105552 0.052713 0.508530 131.000000 123.000000 116.000000
0.115232 0.053342 0.514970 133.000000 123.000000 112.000000
0.124992 0.053922 0.520950 130.000000 122.000000 113.000000
0.134812 0.054453 0.526470 131.000000 121.000000 113.000000
0.144355 0.054817 0.530380 129.000000 121.000000 114.000000
0.154870 0.055490 0.537280 129.000000 119.000000 111.000000
0.166084 0.056329 0.545790 129.000000 119.000000 113.000000
0.175791 0.056600 0.548780 127.000000 119.000000 113.000000
0.187750 0.057536 0.558210 126.000000 118.000000 112.000000
0.198546 0.058047 0.563500 126.000000 115.000000 107.000000
0.209253 0.058490 0.568100 123.000000 115.000000 106.000000
0.221080 0.059197 0.575230 124.000000 115.000000 112.000000
0.233233 0.059933 0.582590 124.000000 116.000000 107.000000
0.246876 0.060981 0.592940 124.000000 117.000000 103.000000
0.260172 0.061870 0.601680 120.000000 117.000000 106.000000
0.272947 0.062577 0.608580 126.000000 115.000000 107.000000
0.285334 0.063151 0.614100 122.000000 117.000000 105.000000
0.298716 0.063901 0.621230 126.000000 113.000000 110.000000
-0.132010 0.043330 0.363400 149.000000 149.000000 158.000000
-0.085664 0.047037 0.392150 146.000000 142.000000 143.000000
-0.043499 0.050248 0.417220 142.000000 140.000000 141.000000
-0.009617 0.052699 0.437000 140.000000 133.000000 131.000000
0.004899 0.053948 0.447350 141.000000 128.000000 125.000000
0.027709 0.055335 0.459080 137.000000 126.000000 125.000000
0.043743 0.056517 0.469200 136.000000 128.000000 121.000000
0.052071 0.057185 0.474950 137.000000 127.000000 121.000000
0.068896 0.058205 0.483920 132.000000 124.000000 118.000000
0.077964 0.059056 0.491280 136.000000 126.000000 118.000000
0.086895 0.059654 0.496570 140.000000 125.000000 119.000000
0.095939 0.060222 0.501630 133.000000 122.000000 114.000000
0.105274 0.060870 0.507380 138.000000 123.000000 117.000000
0.114984 0.061626 0.514050 130.000000 119.000000 116.000000
0.124729 0.062298 0.520030 125.000000 122.000000 116.000000
0.134003 0.062665 0.523480 132.000000 119.000000 112.000000
0.144186 0.063389 0.529920 131.000000 119.000000 109.000000
0.154562 0.064113 0.536360 133.000000 122.000000 116.000000
0.165832 0.065112 0.545100 125.000000 119.000000 114.000000
0.176119 0.065644 0.549930 121.000000 118.000000 107.000000
0.187093 0.066371 0.556370 124.000000 117.000000 105.000000
0.198592 0.067210 0.563730 127.000000 116.000000 111.000000
0.209561 0.067805 0.569020 124.000000 118.000000 109.000000
0.221407 0.068623 0.576150 124.000000 116.000000 107.000000
0.233948 0.069584 0.584430 120.000000 117.000000 104.000000
0.246957 0.070605 0.593170 122.000000 116.000000 112.000000
0.259767 0.071497 0.600760 122.000000 114.000000 107.000000
0.272536 0.072316 0.607660 122.000000 112.000000 102.000000
0.284812 0.072953 0.612950 119.000000 112.000000 101.000000
0.298187 0.073821 0.620080 113.000000 116.000000 99.000000
-0.079919 0.053900 0.395370 145.000000 140.000000 142.000000
-0.036973 0.057628 0.421130 141.000000 134.000000 136.000000
-0.030448 0.058402 0.426650 143.000000 133.000000 134.000000
-0.002435 0.060359 0.440680 139.000000 130.000000 129.000000
0.004881 0.061083 0.445970 138.000000 129.000000 128.000000
0.012351 0.061707 0.450570 138.000000 129.000000 130.000000
0.035309 0.062954 0.460000 136.000000 125.000000 124.000000
0.043676 0.064127 0.468740 134.000000 126.000000 120.000000
0.051917 0.064792 0.473800 133.000000 125.000000 121.000000
0.069057 0.066297 0.485300 134.000000 123.000000 118.000000
0.077889 0.067044 0.491050 135.000000 124.000000 119.000000
0.086653 0.067598 0.495420 135.000000 123.000000 114.000000
0.095675 0.068244 0.500480 131.000000 121.000000 117.000000
0.105133 0.069075 0.506920 131.000000 123.000000 114.000000
0.114731 0.069871 0.513130 134.000000 121.000000 119.000000
0.124129 0.070447 0.517730 130.000000 122.000000 113.000000
0.133895 0.071146 0.523250 127.000000 119.000000 115.000000
0.144262 0.072063 0.530380 129.000000 121.000000 112.000000
0.154646 0.072886 0.536820 130.000000 120.000000 114.000000
0.165365 0.073772 0.543720 125.000000 119.000000 110.000000
0.175558 0.074346 0.548320 125.000000 122.000000 114.000000
0.186432 0.075141 0.554530 124.000000 117.000000 113.000000
0.197823 0.076064 0.561660 121.000000 116.000000 108.000000
0.209102 0.076865 0.567870 125.000000 117.000000 113.000000
0.220936 0.077796 0.575000 127.000000 114.000000 112.000000
0.233465 0.078888 0.583280 118.000000 115.000000 109.000000
0.246558 0.080080 0.592250 116.000000 114.000000 101.000000
0.259163 0.081033 0.599380 117.000000 116.000000 109.000000
0.271817 0.081933 0.606050 120.000000 113.000000 102.000000
0.284827 0.082875 0.612950 124.000000 109.000000 105.000000
0.298989 0.084081 0.621690 120.000000 109.000000 104.000000
-0.079881 0.060337 0.395370 145.000000 140.000000 142.000000
-0.036951 0.064505 0.421130 140.000000 133.000000 133.000000
-0.030331 0.065160 0.425270 138.000000 134.000000 131.000000
0.004867 0.068230 0.445050 140.000000 129.000000 125.000000
0.012318 0.068929 0.449650 137.000000 126.000000 123.000000
0.019957 0.069764 0.455170 136.000000 126.000000 120.000000
0.035482 0.070855 0.462530 136.000000 125.000000 122.000000
0.043671 0.071816 0.468970 133.000000 125.000000 121.000000
0.051886 0.072525 0.473800 132.000000 126.000000 121.000000
0.077555 0.074767 0.489210 132.000000 125.000000 114.000000
0.086607 0.075670 0.495420 131.000000 121.000000 115.000000
0.095451 0.076253 0.499560 134.000000 122.000000 114.000000
0.104844 0.077149 0.505770 132.000000 124.000000 118.000000
0.123579 0.078547 0.515660 124.000000 123.000000 116.000000
0.133723 0.079576 0.522790 129.000000 121.000000 112.000000
0.143833 0.080464 0.529000 127.000000 119.000000 113.000000
0.153996 0.081282 0.534750 129.000000 117.000000 110.000000
0.164333 0.082100 0.540500 125.000000 119.000000 110.000000
0.174919 0.082955 0.546480 124.000000 118.000000 111.000000
0.185843 0.083882 0.552920 124.000000 115.000000 112.000000
0.197294 0.084951 0.560280 128.000000 116.000000 107.000000
0.208556 0.085850 0.566490 125.000000 117.000000 111.000000
0.220815 0.087068 0.574770 120.000000 115.000000 103.000000
0.233716 0.088432 0.583970 120.000000 116.000000 110.000000
0.245680 0.089351 0.590180 118.000000 116.000000 105.000000
0.259157 0.090733 0.599380 117.000000 115.000000 100.000000
0.272235 0.091882 0.606970 115.000000 110.000000 98.000000
0.284846 0.092801 0.612950 116.000000 112.000000 107.000000
0.298581 0.094014 0.620770 118.000000 112.000000 105.000000
-0.117041 0.062478 0.371680 149.000000 143.000000 150.000000
-0.073974 0.067313 0.398360 144.000000 134.000000 137.000000
-0.023478 0.072581 0.428030 141.000000 133.000000 131.000000
0.004861 0.075452 0.444820 137.000000 126.000000 123.000000
0.012283 0.076109 0.448730 133.000000 124.000000 125.000000
0.019892 0.076994 0.454020 133.000000 127.000000 122.000000
0.052079 0.080596 0.475870 131.000000 122.000000 119.000000
0.060181 0.080987 0.478400 131.000000 126.000000 114.000000
0.068649 0.081724 0.483000 130.000000 122.000000 115.000000
0.086598 0.083768 0.495650 128.000000 123.000000 115.000000
0.095399 0.084375 0.499560 130.000000 122.000000 113.000000
0.104646 0.085252 0.505080 130.000000 120.000000 114.000000
0.114005 0.086086 0.510370 125.000000 122.000000 116.000000
0.123466 0.086880 0.515430 126.000000 119.000000 117.000000
0.133488 0.087943 0.522100 126.000000 119.000000 110.000000
0.143524 0.088889 0.528080 130.000000 120.000000 114.000000
0.153607 0.089758 0.533600 126.000000 120.000000 115.000000
0.164207 0.090820 0.540270 126.000000 117.000000 118.000000
0.175086 0.091923 0.547170 125.000000 117.000000 111.000000
0.185870 0.092873 0.553150 124.000000 118.000000 109.000000
0.196843 0.093827 0.559130 126.000000 115.000000 107.000000
0.208177 0.094863 0.565570 123.000000 116.000000 104.000000
0.221046 0.096484 0.575460 122.000000 111.000000 110.000000
0.234150 0.098074 0.585120 120.000000 112.000000 108.000000
0.245473 0.098824 0.589720 120.000000 112.000000 106.000000
0.258158 0.100048 0.597080 120.000000 114.000000 100.000000
0.271728 0.101516 0.605820 118.000000 113.000000 101.000000
0.283907 0.102383 0.610880 115.000000 110.000000 101.000000
0.298179 0.103922 0.619850 116.000000 107.000000 105.000000
-0.159181 0.063656 0.346150 151.000000 153.000000 157.000000
-0.111989 0.069131 0.374900 146.000000 143.000000 148.000000
-0.030210 0.078804 0.424120 141.000000 132.000000 135.000000
-0.002431 0.081885 0.440450 140.000000 128.000000 130.000000
0.019827 0.084172 0.452870 133.000000 127.000000 122.000000
0.027650 0.085350 0.459310 135.000000 124.000000 119.000000
0.035573 0.086266 0.464370 133.000000 125.000000 119.000000
0.043568 0.087005 0.468510 133.000000 120.000000 115.000000
0.051741 0.087825 0.473110 134.000000 123.000000 120.000000
0.060112 0.088724 0.478170 133.000000 126.000000 117.000000
0.068604 0.089576 0.483000 131.000000 123.000000 116.000000
0.077569 0.090806 0.489900 128.000000 122.000000 119.000000
0.086344 0.091606 0.494500 133.000000 120.000000 115.000000
0.095036 0.092188 0.497950 128.000000 122.000000 117.000000
0.104254 0.093151 0.503470 131.000000 123.000000 114.000000
0.113740 0.094196 0.509450 129.000000 120.000000 116.000000
0.123570 0.095365 0.516120 130.000000 121.000000 117.000000
0.133367 0.096363 0.521870 127.000000 119.000000 117.000000
0.143149 0.097233 0.526930 124.000000 116.000000 110.000000
0.153480 0.098357 0.533370 124.000000 118.000000 111.000000
0.163938 0.099440 0.539580 125.000000 117.000000 113.000000
0.175029 0.100779 0.547170 124.000000 119.000000 107.000000
0.186126 0.101993 0.554070 129.000000 119.000000 113.000000
0.196795 0.102873 0.559130 123.000000 114.000000 110.000000
0.207797 0.103844 0.564650 120.000000 114.000000 109.000000
0.221013 0.105794 0.575460 127.000000 117.000000 109.000000
0.233757 0.107371 0.584200 123.000000 113.000000 107.000000
0.245555 0.108409 0.589950 119.000000 114.000000 104.000000
0.258356 0.109798 0.597540 124.000000 112.000000 102.000000
0.270916 0.110990 0.603980 117.000000 110.000000 106.000000
0.282869 0.111861 0.608580 117.000000 111.000000 104.000000
0.296569 0.113342 0.616400 119.000000 108.000000 105.000000
-0.150406 0.070397 0.351900 151.000000 146.000000 148.000000
-0.106626 0.075750 0.377430 144.000000 141.000000 144.000000
-0.101402 0.076443 0.380650 145.000000 140.000000 144.000000
-0.061942 0.081676 0.405030 144.000000 134.000000 137.000000
-0.055808 0.082412 0.408480 138.000000 128.000000 132.000000
-0.023395 0.086319 0.427110 136.000000 129.000000 130.000000
-0.016579 0.087356 0.432170 135.000000 129.000000 124.000000
-0.009558 0.088063 0.435620 137.000000 128.000000 126.000000
0.012263 0.090707 0.448730 136.000000 127.000000 123.000000
0.019811 0.091531 0.452870 136.000000 123.000000 121.000000
0.027683 0.092998 0.460230 133.000000 122.000000 119.000000
0.035545 0.093809 0.464370 134.000000 122.000000 122.000000
0.051552 0.095228 0.471730 134.000000 123.000000 120.000000
0.059924 0.096254 0.477020 129.000000 123.000000 121.000000
0.068426 0.097228 0.482080 130.000000 122.000000 115.000000
0.077117 0.098244 0.487370 130.000000 121.000000 117.000000
0.086088 0.099394 0.493350 133.000000 121.000000 121.000000
0.095196 0.100493 0.499100 131.000000 121.000000 115.000000
0.104430 0.101542 0.504620 127.000000 122.000000 112.000000
0.113984 0.102727 0.510830 130.000000 119.000000 120.000000
0.123560 0.103770 0.516350 126.000000 118.000000 112.000000
0.133007 0.104581 0.520720 125.000000 119.000000 114.000000
0.142459 0.105300 0.524630 124.000000 115.000000 112.000000
0.153085 0.106757 0.532220 122.000000 115.000000 101.000000
0.163527 0.107938 0.538430 125.000000 117.000000 111.000000
0.174970 0.109629 0.547170 124.000000 116.000000 110.000000
0.185763 0.110770 0.553150 122.000000 117.000000 107.000000
0.196990 0.112053 0.559820 123.000000 115.000000 106.000000
0.207756 0.112975 0.564650 124.000000 118.000000 109.000000
0.219655 0.114411 0.572010 124.000000 114.000000 106.000000
0.231986 0.115949 0.579830 122.000000 114.000000 107.000000
0.244779 0.117590 0.588110 125.000000 112.000000 107.000000
0.257464 0.119060 0.595470 117.000000 110.000000 98.000000
0.270420 0.120547 0.602830 121.000000 107.000000 110.000000
0.282907 0.121730 0.608580 120.000000 108.000000 96.000000
0.296518 0.123304 0.616170 116.000000 109.000000 97.000000
-0.145184 0.076347 0.353050 149.000000 146.000000 152.000000
-0.055611 0.088780 0.407330 140.000000 128.000000 130.000000
-0.016496 0.093964 0.430330 134.000000 128.000000 125.000000
0.012246 0.097935 0.448500 133.000000 125.000000 121.000000
0.019784 0.098825 0.452640 133.000000 125.000000 121.000000
0.027494 0.099859 0.457470 129.000000 123.000000 121.000000
0.035340 0.100836 0.462070 134.000000 122.000000 124.000000
0.043373 0.101908 0.467130 131.000000 121.000000 117.000000
0.051386 0.102623 0.470580 128.000000 122.000000 117.000000
0.059879 0.103984 0.477020 127.000000 121.000000 118.000000
0.068539 0.105289 0.483230 130.000000 121.000000 117.000000
0.077026 0.106087 0.487140 128.000000 123.000000 113.000000
0.085789 0.107081 0.491970 131.000000 122.000000 111.000000
0.094740 0.108122 0.497030 127.000000 118.000000 121.000000
0.104366 0.109708 0.504620 129.000000 120.000000 116.000000
0.113610 0.110692 0.509450 126.000000 119.000000 119.000000
0.122942 0.111623 0.514050 125.000000 116.000000 115.000000
0.132587 0.112703 0.519340 125.000000 117.000000 111.000000
0.141768 0.113284 0.522330 122.000000 119.000000 111.000000
0.152755 0.115162 0.531300 128.000000 118.000000 110.000000
0.162975 0.116293 0.536820 124.000000 115.000000 112.000000
0.174176 0.117975 0.544870 122.000000 117.000000 107.000000
0.185323 0.119462 0.552000 124.000000 116.000000 107.000000
0.196537 0.120854 0.558670 120.000000 112.000000 106.000000
0.207716 0.122105 0.564650 118.000000 112.000000 103.000000
0.219183 0.123414 0.570860 119.000000 112.000000 103.000000
0.230863 0.124734 0.577070 119.000000 113.000000 106.000000
0.243720 0.126563 0.585580 118.000000 112.000000 107.000000
0.256977 0.128458 0.594320 124.000000 109.000000 103.000000
0.270345 0.130272 0.602600 119.000000 107.000000 99.000000
0.283812 0.132006 0.610420 118.000000 111.000000 100.000000
0.297366 0.133666 0.617780 119.000000 107.000000 97.000000
-0.126060 0.084586 0.363630 145.000000 140.000000 144.000000
-0.111449 0.086997 0.373520 144.000000 145.000000 142.000000
-0.095738 0.089336 0.382950 144.000000 137.000000 140.000000
-0.055540 0.095315 0.407100 134.000000 130.000000 126.000000
-0.049175 0.095893 0.409400 138.000000 129.000000 128.000000
-0.042966 0.097006 0.414000 136.000000 124.000000 126.000000
-0.016527 0.101199 0.431480 132.000000 123.000000 124.000000
-0.009509 0.101802 0.434010 136.000000 126.000000 127.000000
-0.002421 0.102993 0.439070 133.000000 125.000000 121.000000
0.012203 0.104925 0.447350 131.000000 124.000000 124.000000
0.019726 0.105935 0.451720 125.000000 119.000000 112.000000
0.027415 0.107047 0.456550 131.000000 124.000000 122.000000
0.035170 0.107882 0.460230 131.000000 122.000000 119.000000
0.043209 0.109143 0.465750 130.000000 121.000000 121.000000
0.059688 0.111430 0.475870 127.000000 123.000000 115.000000
0.068129 0.112511 0.480700 130.000000 121.000000 117.000000
0.076643 0.113480 0.485070 126.000000 119.000000 117.000000
0.068776 0.092286 0.394680 123.000000 114.000000 110.000000
0.076013 0.093258 0.399050 126.000000 119.000000 117.000000
0.104110 0.117648 0.503700 128.000000 122.000000 119.000000
0.113337 0.118709 0.508530 126.000000 119.000000 110.000000
0.122544 0.119606 0.512670 120.000000 121.000000 114.000000
0.132401 0.120985 0.518880 124.000000 117.000000 113.000000
0.142200 0.122150 0.524170 121.000000 116.000000 108.000000
0.152623 0.123690 0.531070 124.000000 116.000000 110.000000
0.162703 0.124804 0.536130 124.000000 113.000000 112.000000
0.173676 0.126456 0.543490 118.000000 115.000000 107.000000
0.184961 0.128167 0.551080 124.000000 116.000000 107.000000
0.196491 0.129883 0.558670 124.000000 114.000000 108.000000
0.208102 0.131501 0.565800 119.000000 113.000000 108.000000
0.219863 0.133075 0.572700 122.000000 113.000000 100.000000
0.231218 0.134287 0.577990 120.000000 113.000000 102.000000
0.243722 0.136047 0.585580 117.000000 111.000000 102.000000
0.256499 0.137825 0.593170 118.000000 113.000000 101.000000
0.269662 0.139676 0.600990 113.000000 110.000000 99.000000
0.283339 0.141657 0.609270 119.000000 109.000000 96.000000
0.297233 0.143612 0.617320 117.000000 109.000000 101.000000
-0.172208 0.084242 0.337640 151.000000 152.000000 159.000000
-0.139920 0.088072 0.354200 143.000000 148.000000 151.000000
-0.111475 0.093086 0.373750 144.000000 139.000000 143.000000
-0.095689 0.095518 0.382950 141.000000 135.000000 139.000000
-0.067738 0.100304 0.401120 143.000000 131.000000 133.000000
-0.055624 0.102120 0.408020 139.000000 131.000000 127.000000
-0.049165 0.102562 0.409630 134.000000 129.000000 128.000000
-0.042837 0.103462 0.413080 133.000000 126.000000 126.000000
-0.036550 0.104819 0.418370 137.000000 131.000000 129.000000
-0.029970 0.105768 0.422050 133.000000 126.000000 126.000000
-0.009522 0.109044 0.434930 129.000000 124.000000 124.000000
-0.002421 0.110144 0.439300 131.000000 124.000000 122.000000
0.004816 0.111065 0.442980 132.000000 123.000000 122.000000
0.012192 0.112152 0.447350 131.000000 122.000000 119.000000
0.027308 0.114076 0.455170 130.000000 121.000000 119.000000
0.035104 0.115201 0.459770 128.000000 124.000000 116.000000
0.043066 0.116377 0.464600 130.000000 121.000000 121.000000
0.051103 0.117374 0.468740 127.000000 120.000000 120.000000
0.059525 0.118884 0.474950 128.000000 122.000000 119.000000
0.067946 0.120042 0.479780 126.000000 119.000000 117.000000
0.094920 0.124580 0.498640 129.000000 118.000000 115.000000
0.103568 0.125203 0.501400 121.000000 116.000000 108.000000
0.112961 0.126571 0.507150 125.000000 119.000000 114.000000
0.122475 0.127880 0.512670 127.000000 116.000000 111.000000
0.132332 0.129359 0.518880 125.000000 117.000000 113.000000
0.142194 0.130667 0.524400 118.000000 115.000000 109.000000
0.152425 0.132147 0.530610 123.000000 115.000000 106.000000
0.162920 0.133688 0.537050 121.000000 115.000000 110.000000
0.173839 0.135404 0.544180 120.000000 116.000000 110.000000
0.184216 0.136553 0.549010 123.000000 115.000000 108.000000
0.195559 0.138282 0.556140 114.000000 115.000000 110.000000
0.208239 0.140763 0.566260 117.000000 114.000000 104.000000
0.219755 0.142283 0.572470 121.000000 115.000000 110.000000
0.230936 0.143473 0.577300 113.000000 112.000000 106.000000
0.243732 0.145537 0.585580 115.000000 111.000000 106.000000
0.256130 0.147220 0.592250 118.000000 110.000000 104.000000
0.268577 0.148810 0.598460 114.000000 110.000000 105.000000
0.282881 0.151284 0.608120 111.000000 108.000000 102.000000
0.296342 0.153159 0.615250 116.000000 108.000000 101.000000
-0.135491 0.094727 0.357650 142.000000 141.000000 146.000000
-0.130877 0.095591 0.360870 141.000000 140.000000 145.000000
-0.084505 0.103320 0.388700 139.000000 131.000000 136.000000
-0.078904 0.104287 0.392150 137.000000 127.000000 130.000000
-0.049127 0.109167 0.409630 132.000000 128.000000 129.000000
-0.042898 0.110368 0.414000 133.000000 124.000000 123.000000
-0.036440 0.111319 0.417450 131.000000 127.000000 126.000000
-0.029946 0.112573 0.422050 129.000000 124.000000 128.000000
-0.023284 0.113760 0.426420 134.000000 122.000000 124.000000
-0.016457 0.114820 0.430330 130.000000 121.000000 121.000000
-0.002414 0.116921 0.438150 127.000000 123.000000 119.000000
0.004811 0.118207 0.442980 126.000000 124.000000 123.000000
0.012174 0.119303 0.447120 130.000000 119.000000 120.000000
0.019640 0.120209 0.450570 128.000000 117.000000 116.000000
0.027242 0.121230 0.454480 127.000000 119.000000 117.000000
0.035074 0.122613 0.459770 124.000000 117.000000 115.000000
0.043050 0.123928 0.464830 125.000000 117.000000 120.000000
0.051010 0.124808 0.468280 130.000000 119.000000 116.000000
0.059449 0.126479 0.474720 127.000000 121.000000 116.000000
0.067763 0.127531 0.478860 120.000000 119.000000 115.000000
0.076202 0.128578 0.483000 123.000000 119.000000 116.000000
0.084246 0.128825 0.484150 126.000000 117.000000 120.000000
0.093324 0.130477 0.490590 106.000000 101.000000 89.000000
0.103264 0.132980 0.500250 122.000000 116.000000 112.000000
0.113098 0.134991 0.508070 122.000000 116.000000 112.000000
0.122516 0.136267 0.513130 120.000000 115.000000 114.000000
0.132264 0.137726 0.518880 122.000000 117.000000 110.000000
0.142003 0.139002 0.523940 116.000000 115.000000 106.000000
0.151965 0.140341 0.529230 121.000000 114.000000 114.000000
0.162442 0.141988 0.535670 124.000000 116.000000 110.000000
0.173272 0.143762 0.542570 121.000000 116.000000 108.000000
0.183398 0.144811 0.546710 122.000000 111.000000 108.000000
0.194795 0.146721 0.554070 120.000000 114.000000 111.000000
0.206775 0.148885 0.562350 118.000000 111.000000 109.000000
0.217976 0.150331 0.567870 122.000000 111.000000 108.000000
0.230110 0.152278 0.575230 116.000000 107.000000 105.000000
0.243178 0.154670 0.584200 113.000000 107.000000 104.000000
0.256172 0.156839 0.592250 122.000000 112.000000 104.000000
0.268540 0.158485 0.598230 113.000000 109.000000 103.000000
0.282440 0.160890 0.606970 116.000000 106.000000 100.000000
0.296137 0.163023 0.614560 114.000000 109.000000 97.000000
-0.171615 0.094886 0.336030 150.000000 149.000000 156.000000
-0.135401 0.100456 0.357420 142.000000 141.000000 146.000000
-0.125908 0.102156 0.363400 138.000000 140.000000 142.000000
-0.120875 0.102888 0.365930 138.000000 140.000000 142.000000
-0.095248 0.107477 0.381570 141.000000 132.000000 133.000000
-0.078624 0.110279 0.391000 137.000000 131.000000 131.000000
-0.061197 0.113405 0.401580 127.000000 122.000000 123.000000
-0.036411 0.118039 0.417450 132.000000 124.000000 129.000000
-0.029856 0.119106 0.421130 127.000000 122.000000 121.000000
-0.023189 0.120234 0.425040 126.000000 119.000000 121.000000
0.004793 0.125012 0.441830 127.000000 118.000000 119.000000
0.012137 0.126240 0.446200 129.000000 118.000000 117.000000
0.027218 0.128545 0.454480 127.000000 118.000000 121.000000
0.035060 0.130078 0.460000 125.000000 116.000000 115.000000
0.043013 0.131410 0.464830 126.000000 119.000000 117.000000
0.051043 0.132540 0.468970 124.000000 117.000000 113.000000
0.059401 0.134120 0.474720 127.000000 115.000000 115.000000
0.067645 0.135109 0.478400 122.000000 113.000000 111.000000
0.075638 0.135444 0.479780 113.000000 113.000000 111.000000
0.082866 0.134478 0.476560 121.000000 115.000000 112.000000
0.086877 0.128904 0.457010 109.000000 111.000000 115.000000
0.074588 0.101935 0.361560 111.000000 109.000000 109.000000
0.113798 0.144146 0.511520 109.000000 101.000000 92.000000
0.122339 0.144403 0.512670 124.000000 113.000000 112.000000
0.131846 0.145698 0.517500 120.000000 116.000000 108.000000
0.141379 0.146864 0.521870 120.000000 115.000000 103.000000
0.151575 0.148551 0.528080 124.000000 116.000000 110.000000
0.162387 0.150630 0.535670 115.000000 116.000000 109.000000
0.172855 0.152197 0.541420 119.000000 114.000000 104.000000
0.183203 0.153512 0.546250 118.000000 111.000000 109.000000
0.194602 0.155548 0.553610 122.000000 113.000000 109.000000
0.206334 0.157661 0.561200 117.000000 114.000000 108.000000
0.217531 0.159205 0.566720 117.000000 113.000000 110.000000
0.230124 0.161606 0.575230 121.000000 110.000000 107.000000
0.243116 0.164092 0.583970 120.000000 113.000000 104.000000
0.255632 0.166084 0.590870 116.000000 108.000000 101.000000
0.268108 0.167909 0.597080 117.000000 108.000000 107.000000
0.282019 0.170477 0.605820 115.000000 106.000000 102.000000
0.294956 0.172305 0.611800 112.000000 105.000000 103.000000
-0.167653 0.101259 0.339250 146.000000 150.000000 153.000000
-0.163057 0.101831 0.341550 145.000000 142.000000 147.000000
-0.158536 0.102492 0.344080 140.000000 143.000000 151.000000
-0.135056 0.105978 0.356500 142.000000 141.000000 148.000000
-0.125814 0.107966 0.363170 137.000000 139.000000 141.000000
-0.111020 0.110838 0.372600 142.000000 137.000000 139.000000
-0.100513 0.112623 0.378350 138.000000 133.000000 135.000000
-0.084209 0.115564 0.387780 135.000000 130.000000 130.000000
-0.073045 0.117920 0.395370 135.000000 130.000000 132.000000
-0.067134 0.118858 0.398360 133.000000 126.000000 126.000000
-0.060943 0.119451 0.400200 134.000000 126.000000 124.000000
-0.036362 0.124680 0.417220 128.000000 123.000000 123.000000
-0.029816 0.125806 0.420900 128.000000 121.000000 121.000000
-0.023133 0.126858 0.424350 124.000000 119.000000 121.000000
-0.016378 0.128249 0.428950 124.000000 122.000000 120.000000
-0.009466 0.129566 0.433320 124.000000 117.000000 115.000000
-0.002407 0.130739 0.437230 126.000000 119.000000 119.000000
0.004797 0.132387 0.442750 126.000000 121.000000 111.000000
0.012125 0.133410 0.446200 124.000000 115.000000 114.000000
0.019553 0.134357 0.449420 124.000000 117.000000 115.000000
0.027234 0.136055 0.455170 126.000000 117.000000 120.000000
0.034942 0.137127 0.458850 122.000000 116.000000 112.000000
0.042870 0.138537 0.463680 123.000000 114.000000 114.000000
0.050875 0.139735 0.467820 122.000000 116.000000 112.000000
0.059382 0.141819 0.474950 120.000000 115.000000 114.000000
0.067593 0.142800 0.478400 113.000000 111.000000 110.000000
0.075365 0.142747 0.478400 108.000000 106.000000 104.000000
0.032492 0.055773 0.186990 114.000000 109.000000 109.000000
0.085553 0.134266 0.450340 104.000000 108.000000 113.000000
0.092039 0.133044 0.446430 101.000000 100.000000 109.000000
0.099005 0.132645 0.445280 105.000000 105.000000 103.000000
0.122000 0.152314 0.511520 108.000000 102.000000 98.000000
0.131256 0.153416 0.515430 114.000000 109.000000 101.000000
0.141319 0.155273 0.521870 118.000000 110.000000 104.000000
0.151519 0.157065 0.528080 123.000000 115.000000 108.000000
0.162127 0.159066 0.534980 119.000000 111.000000 107.000000
0.172593 0.160732 0.540730 119.000000 113.000000 106.000000
0.183170 0.162339 0.546250 118.000000 114.000000 113.000000
0.194419 0.164366 0.553150 120.000000 113.000000 104.000000
0.205480 0.166064 0.558900 113.000000 112.000000 108.000000
0.216656 0.167710 0.564420 112.000000 111.000000 103.000000
0.229690 0.170605 0.574080 111.000000 110.000000 103.000000
0.242494 0.173111 0.582360 113.000000 106.000000 108.000000
0.255806 0.175781 0.591100 108.000000 109.000000 104.000000
0.268418 0.177796 0.597540 112.000000 105.000000 103.000000
0.281944 0.180257 0.605360 109.000000 108.000000 99.000000
0.295244 0.182416 0.612030 116.000000 106.000000 98.000000
-0.171801 0.105937 0.335800 153.000000 143.000000 160.000000
-0.167790 0.106863 0.339250 146.000000 147.000000 156.000000
-0.158414 0.107995 0.343620 145.000000 142.000000 145.000000
-0.153938 0.108773 0.346380 147.000000 144.000000 148.000000
-0.149110 0.109354 0.348450 144.000000 145.000000 152.000000
-0.144337 0.110023 0.350750 142.000000 139.000000 145.000000
-0.139695 0.110852 0.353510 139.000000 141.000000 145.000000
-0.120837 0.114719 0.365930 144.000000 140.000000 139.000000
-0.115640 0.115457 0.368230 136.000000 136.000000 138.000000
-0.110921 0.116779 0.372370 138.000000 133.000000 135.000000
-0.094875 0.119407 0.380420 139.000000 131.000000 127.000000
-0.089366 0.120315 0.383180 139.000000 130.000000 129.000000
-0.083864 0.121369 0.386400 136.000000 131.000000 133.000000
-0.078531 0.122858 0.391000 130.000000 130.000000 130.000000
-0.072830 0.123986 0.394450 134.000000 129.000000 130.000000
-0.067167 0.125403 0.398820 138.000000 123.000000 128.000000
-0.061076 0.126241 0.401350 133.000000 124.000000 125.000000
-0.055147 0.127656 0.405720 130.000000 124.000000 131.000000
-0.049016 0.128924 0.409630 127.000000 118.000000 119.000000
-0.042703 0.130044 0.413080 121.000000 121.000000 119.000000
-0.029744 0.132344 0.420210 126.000000 119.000000 121.000000
-0.023115 0.133669 0.424350 124.000000 116.000000 110.000000
-0.016331 0.134843 0.428030 125.000000 115.000000 119.000000
-0.009459 0.136519 0.433320 121.000000 117.000000 112.000000
-0.002406 0.137755 0.437230 124.000000 115.000000 114.000000
0.004777 0.139057 0.441370 124.000000 117.000000 117.000000
0.012107 0.140497 0.445970 120.000000 112.000000 108.000000
0.019545 0.141642 0.449650 120.000000 114.000000 111.000000
0.027141 0.142997 0.454020 122.000000 113.000000 109.000000
0.034894 0.144419 0.458620 123.000000 114.000000 114.000000
0.042813 0.145907 0.463450 116.000000 112.000000 111.000000
0.059364 0.149517 0.475180 118.000000 110.000000 113.000000
0.067705 0.150844 0.479550 114.000000 107.000000 107.000000
0.075673 0.151154 0.480700 109.000000 100.000000 100.000000
0.065179 0.117988 0.375360 108.000000 102.000000 102.000000
0.084537 0.139914 0.445280 53.000000 48.000000 52.000000
0.091178 0.138994 0.442520 32.000000 26.000000 37.000000
0.098337 0.138941 0.442520 21.000000 21.000000 23.000000
0.105271 0.138601 0.441600 31.000000 31.000000 31.000000
0.131081 0.161571 0.514970 112.000000 106.000000 99.000000
0.141014 0.163393 0.520950 112.000000 104.000000 98.000000
0.150875 0.164930 0.526010 118.000000 110.000000 113.000000
0.161596 0.167195 0.533370 115.000000 111.000000 110.000000
0.172117 0.169034 0.539350 115.000000 110.000000 114.000000
0.182683 0.170739 0.544870 119.000000 112.000000 110.000000
0.193680 0.172672 0.551080 120.000000 108.000000 108.000000
0.204722 0.174476 0.556830 115.000000 111.000000 106.000000
0.216677 0.176874 0.564420 116.000000 112.000000 107.000000
0.229365 0.179653 0.573160 113.000000 110.000000 99.000000
0.241699 0.181952 0.580290 108.000000 106.000000 102.000000
0.254408 0.184352 0.587650 116.000000 108.000000 101.000000
0.267099 0.186568 0.594320 113.000000 108.000000 107.000000
0.281787 0.189978 0.604670 113.000000 112.000000 108.000000
0.297451 0.193797 0.616170 110.000000 107.000000 101.000000
-0.171989 0.111532 0.335800 145.000000 146.000000 155.000000
-0.167492 0.112187 0.338330 149.000000 148.000000 155.000000
-0.163190 0.113022 0.341320 146.000000 144.000000 154.000000
-0.158628 0.113729 0.343850 137.000000 144.000000 146.000000
-0.149177 0.115059 0.348450 143.000000 142.000000 147.000000
-0.139912 0.116764 0.353970 142.000000 135.000000 147.000000
-0.135090 0.117564 0.356500 142.000000 137.000000 139.000000
-0.130537 0.118680 0.359950 140.000000 139.000000 142.000000
-0.125805 0.119732 0.363170 138.000000 139.000000 146.000000
-0.120752 0.120566 0.365700 137.000000 137.000000 139.000000
-0.115551 0.121334 0.368000 139.000000 139.000000 139.000000
-0.110692 0.122565 0.371680 137.000000 134.000000 135.000000
-0.105587 0.123650 0.374900 133.000000 132.000000 137.000000
-0.100135 0.124438 0.377200 137.000000 134.000000 135.000000
-0.094895 0.125609 0.380650 136.000000 129.000000 134.000000
-0.083823 0.127583 0.386400 132.000000 132.000000 132.000000
-0.078534 0.129218 0.391230 133.000000 130.000000 134.000000
-0.072788 0.130323 0.394450 134.000000 128.000000 125.000000
-0.066932 0.131428 0.397670 133.000000 126.000000 128.000000
-0.060896 0.132380 0.400430 132.000000 123.000000 124.000000
-0.055078 0.134091 0.405490 127.000000 122.000000 123.000000
-0.048816 0.135039 0.408250 127.000000 118.000000 121.000000
-0.042625 0.136517 0.412620 125.000000 121.000000 120.000000
-0.036207 0.137687 0.416070 124.000000 114.000000 118.000000
-0.029689 0.138929 0.419750 125.000000 117.000000 113.000000
-0.023085 0.140395 0.424120 125.000000 116.000000 115.000000
-0.016319 0.141704 0.428030 121.000000 117.000000 114.000000
-0.009428 0.143084 0.432170 125.000000 116.000000 115.000000
-0.002403 0.144610 0.436770 122.000000 113.000000 109.000000
0.004769 0.146055 0.441140 120.000000 112.000000 110.000000
0.012070 0.147341 0.445050 118.000000 115.000000 109.000000
0.019487 0.148545 0.448730 123.000000 112.000000 111.000000
0.027104 0.150199 0.453790 118.000000 109.000000 110.000000
0.034760 0.151315 0.457240 116.000000 111.000000 113.000000
0.042693 0.153034 0.462530 115.000000 109.000000 105.000000
0.050819 0.154823 0.468050 116.000000 104.000000 108.000000
0.059061 0.156455 0.473110 109.000000 105.000000 104.000000
0.067494 0.158159 0.478400 101.000000 102.000000 99.000000
0.075802 0.159250 0.481850 101.000000 96.000000 98.000000
0.083058 0.158134 0.478630 103.000000 100.000000 94.000000
0.050273 0.087511 0.264960 17.000000 17.000000 17.000000
0.090464 0.145043 0.439300 15.000000 15.000000 15.000000
0.097470 0.144843 0.438840 13.000000 18.000000 18.000000
0.104620 0.144872 0.439070 19.000000 19.000000 17.000000
0.131028 0.169863 0.514970 99.000000 86.000000 82.000000
0.140966 0.171788 0.520950 103.000000 103.000000 89.000000
0.150767 0.173339 0.525780 109.000000 108.000000 99.000000
0.161213 0.175428 0.532220 113.000000 112.000000 108.000000
0.171799 0.177449 0.538430 115.000000 109.000000 109.000000
0.183055 0.179937 0.546020 112.000000 111.000000 107.000000
0.194004 0.181908 0.552000 115.000000 107.000000 100.000000
0.204656 0.183440 0.556600 110.000000 103.000000 101.000000
0.216008 0.185447 0.562580 115.000000 106.000000 102.000000
0.227216 0.187174 0.567640 113.000000 107.000000 102.000000
0.232204 0.183843 0.557290 108.000000 105.000000 97.000000
0.050606 0.038567 0.116840 71.000000 67.000000 61.000000
0.233743 0.171711 0.519800 40.000000 39.000000 42.000000
0.105007 0.074454 0.225170 79.000000 73.000000 68.000000
0.299364 0.205126 0.619620 115.000000 106.000000 104.000000
-0.172086 0.117079 0.335570 147.000000 146.000000 149.000000
-0.167561 0.117748 0.338100 147.000000 146.000000 153.000000
-0.163344 0.118688 0.341320 144.000000 146.000000 150.000000
-0.158649 0.119335 0.343620 146.000000 142.000000 150.000000
-0.153617 0.119768 0.345230 142.000000 142.000000 140.000000
-0.149261 0.120782 0.348450 146.000000 143.000000 148.000000
-0.144453 0.121496 0.350750 142.000000 141.000000 146.000000
-0.140051 0.122627 0.354200 142.000000 141.000000 146.000000
-0.135212 0.123454 0.356730 144.000000 133.000000 141.000000
-0.125337 0.125151 0.361790 137.000000 139.000000 141.000000
-0.120447 0.126176 0.364780 139.000000 138.000000 143.000000
-0.115470 0.127210 0.367770 139.000000 136.000000 141.000000
-0.110333 0.128174 0.370530 141.000000 134.000000 136.000000
-0.105305 0.129384 0.373980 135.000000 132.000000 138.000000
-0.100107 0.130520 0.377200 141.000000 135.000000 132.000000
-0.094805 0.131662 0.380420 127.000000 131.000000 136.000000
-0.089452 0.132887 0.383870 137.000000 131.000000 131.000000
-0.083885 0.133957 0.386860 132.000000 127.000000 131.000000
-0.078311 0.135188 0.390310 132.000000 130.000000 128.000000
-0.072706 0.136579 0.394220 133.000000 123.000000 129.000000
-0.066777 0.137573 0.396980 133.000000 127.000000 122.000000
-0.060684 0.138406 0.399280 132.000000 123.000000 124.000000
-0.054762 0.139876 0.403420 130.000000 121.000000 121.000000
-0.048783 0.141584 0.408250 125.000000 118.000000 118.000000
-0.042690 0.143449 0.413540 131.000000 121.000000 115.000000
-0.036121 0.144114 0.415380 121.000000 114.000000 114.000000
-0.029521 0.144935 0.417680 122.000000 116.000000 114.000000
-0.023018 0.146869 0.423200 117.000000 113.000000 110.000000
-0.016307 0.148559 0.428030 123.000000 114.000000 114.000000
-0.009427 0.150084 0.432400 121.000000 115.000000 112.000000
-0.002397 0.151205 0.435620 124.000000 114.000000 108.000000
0.004756 0.152879 0.440450 120.000000 112.000000 110.000000
0.012034 0.154148 0.444130 120.000000 109.000000 104.000000
0.019460 0.155651 0.448500 118.000000 109.000000 108.000000
0.027026 0.157148 0.452870 117.000000 108.000000 109.000000
0.034679 0.158400 0.456550 112.000000 105.000000 105.000000
0.042596 0.160206 0.461840 112.000000 103.000000 104.000000
0.050506 0.161447 0.465520 112.000000 105.000000 103.000000
0.058560 0.162764 0.469430 115.000000 104.000000 103.000000
0.067253 0.165353 0.477020 99.000000 99.000000 99.000000
0.075608 0.166662 0.480930 99.000000 94.000000 95.000000
0.066374 0.132590 0.382720 97.000000 95.000000 91.000000
0.090560 0.152342 0.439990 13.000000 11.000000 10.000000
0.097272 0.151662 0.438150 11.000000 13.000000 15.000000
0.104359 0.151621 0.438150 11.000000 14.000000 13.000000
0.111736 0.151981 0.439300 23.000000 23.000000 25.000000
0.123069 0.157357 0.454940 111.000000 99.000000 87.000000
0.150931 0.182066 0.526470 107.000000 97.000000 87.000000
0.160980 0.183792 0.531530 115.000000 104.000000 101.000000
0.171418 0.185766 0.537280 111.000000 109.000000 105.000000
0.182670 0.188390 0.544870 106.000000 104.000000 103.000000
0.193292 0.190155 0.549930 115.000000 110.000000 101.000000
0.202914 0.190825 0.551770 104.000000 108.000000 98.000000
0.208998 0.188253 0.544180 106.000000 106.000000 106.000000
0.125806 0.108731 0.314180 70.000000 63.000000 65.000000
0.214861 0.178478 0.515430 33.000000 24.000000 25.000000
0.179318 0.143377 0.413770 86.000000 83.000000 61.000000
0.140033 0.107928 0.311190 97.000000 95.000000 80.000000
0.194191 0.144460 0.416070 93.000000 89.000000 86.000000
0.253047 0.181913 0.523250 19.000000 23.000000 15.000000
-0.171979 0.122487 0.334880 144.000000 144.000000 158.000000
-0.167657 0.123334 0.337870 136.000000 147.000000 152.000000
-0.163082 0.124048 0.340400 145.000000 146.000000 153.000000
-0.158586 0.124876 0.343160 142.000000 143.000000 149.000000
-0.153946 0.125648 0.345690 139.000000 141.000000 145.000000
-0.149264 0.126443 0.348220 142.000000 143.000000 147.000000
-0.144534 0.127261 0.350750 142.000000 142.000000 142.000000
-0.135085 0.129118 0.356270 133.000000 135.000000 139.000000
-0.130174 0.129988 0.358800 136.000000 137.000000 141.000000
-0.125039 0.130704 0.360870 139.000000 141.000000 145.000000
-0.120077 0.131683 0.363630 137.000000 137.000000 137.000000
-0.115181 0.132839 0.366850 141.000000 135.000000 141.000000
-0.110188 0.134005 0.370070 137.000000 134.000000 137.000000
-0.105290 0.135428 0.373980 140.000000 130.000000 138.000000
-0.100269 0.136859 0.377890 138.000000 135.000000 136.000000
-0.094607 0.137546 0.379730 142.000000 135.000000 137.000000
-0.089422 0.139070 0.383870 136.000000 131.000000 133.000000
-0.083703 0.139932 0.386170 136.000000 128.000000 136.000000
-0.078000 0.140962 0.388930 132.000000 127.000000 131.000000
-0.072459 0.142495 0.393070 126.000000 126.000000 126.000000
-0.066742 0.143946 0.396980 127.000000 125.000000 128.000000
-0.060790 0.145146 0.400200 127.000000 125.000000 126.000000
-0.054761 0.146429 0.403650 123.000000 119.000000 118.000000
-0.048753 0.148128 0.408250 126.000000 119.000000 117.000000
-0.042473 0.149408 0.411700 126.000000 119.000000 117.000000
-0.036097 0.150768 0.415380 118.000000 116.000000 114.000000
-0.029599 0.152125 0.419060 118.000000 114.000000 113.000000
-0.022953 0.153310 0.422280 119.000000 112.000000 114.000000
-0.016253 0.154993 0.426880 116.000000 112.000000 107.000000
-0.009411 0.156838 0.431940 115.000000 111.000000 106.000000
-0.002394 0.158010 0.435160 117.000000 108.000000 107.000000
0.004746 0.159761 0.439990 120.000000 109.000000 106.000000
0.011998 0.160923 0.443210 113.000000 109.000000 103.000000
0.019404 0.162496 0.447580 112.000000 105.000000 103.000000
0.026950 0.164065 0.451950 115.000000 105.000000 99.000000
0.034601 0.165461 0.455860 111.000000 105.000000 98.000000
0.042311 0.166602 0.459080 110.000000 102.000000 96.000000
0.020024 0.067012 0.184690 111.000000 102.000000 101.000000
0.055123 0.141889 0.391230 29.000000 31.000000 32.000000
0.061434 0.141771 0.391000 37.000000 37.000000 37.000000
0.082683 0.172918 0.477020 91.000000 90.000000 86.000000
0.090613 0.159582 0.440450 10.000000 11.000000 8.000000
0.097233 0.158712 0.438150 10.000000 11.000000 8.000000
0.104049 0.158261 0.437000 12.000000 12.000000 12.000000
0.111294 0.158481 0.437690 15.000000 16.000000 13.000000
0.118190 0.158206 0.437000 82.000000 72.000000 68.000000
0.150974 0.190659 0.526700 107.000000 97.000000 89.000000
0.160688 0.192062 0.530610 104.000000 98.000000 89.000000
0.171418 0.194477 0.537280 110.000000 107.000000 108.000000
0.181991 0.196491 0.542800 102.000000 106.000000 105.000000
0.191950 0.197689 0.546020 110.000000 102.000000 105.000000
0.197383 0.194326 0.536590 110.000000 104.000000 99.000000
0.197144 0.185900 0.513130 36.000000 36.000000 38.000000
0.206303 0.186662 0.514970 59.000000 49.000000 43.000000
0.241943 0.210393 0.580060 105.000000 98.000000 89.000000
0.254950 0.213406 0.587880 106.000000 102.000000 94.000000
0.266313 0.214876 0.591330 110.000000 108.000000 106.000000
0.163111 0.127025 0.349140 109.000000 107.000000 105.000000
0.254444 0.191489 0.525550 115.000000 105.000000 108.000000
