0.127258 -0.196081 0.535900 154.000000 154.000000 150.000000
0.229082 -0.218634 0.597770 152.000000 148.000000 147.000000
0.282696 -0.230731 0.629280 157.000000 147.000000 150.000000
0.296788 -0.233765 0.636870 151.000000 147.000000 146.000000
0.281460 -0.219583 0.626980 161.000000 148.000000 145.000000
0.310920 -0.226177 0.644460 155.000000 148.000000 148.000000
-0.086402 -0.133433 0.399280 44.000000 46.000000 45.000000
-0.080964 -0.135174 0.404340 47.000000 51.000000 56.000000
0.311764 -0.216317 0.646760 154.000000 145.000000 144.000000
-0.152613 -0.113486 0.357420 86.000000 92.000000 99.000000
-0.080831 -0.128427 0.403420 60.000000 66.000000 71.000000
0.253786 -0.193740 0.610650 157.000000 146.000000 143.000000
0.296362 -0.202516 0.637330 150.000000 146.000000 141.000000
0.311873 -0.205914 0.647450 152.000000 141.000000 140.000000
-0.074869 -0.122873 0.406180 54.000000 56.000000 60.000000
-0.069182 -0.124528 0.411470 57.000000 58.000000 62.000000
0.004957 -0.139133 0.458620 61.000000 65.000000 68.000000
0.253647 -0.183782 0.610420 149.000000 143.000000 138.000000
0.280750 -0.188683 0.626290 144.000000 138.000000 138.000000
0.309916 -0.194208 0.643770 154.000000 145.000000 144.000000
-0.108055 -0.109721 0.384100 75.000000 83.000000 90.000000
-0.068926 -0.117426 0.409630 75.000000 73.000000 73.000000
0.266448 -0.175841 0.617090 152.000000 141.000000 138.000000
0.293543 -0.180174 0.631810 149.000000 142.000000 144.000000
-0.175747 -0.093023 0.345000 58.000000 63.000000 73.000000
-0.142829 -0.097416 0.362250 96.000000 102.000000 109.000000
-0.107720 -0.103190 0.382720 72.000000 78.000000 83.000000
-0.062966 -0.112046 0.413770 92.000000 94.000000 93.000000
0.214733 -0.157329 0.585120 148.000000 142.000000 139.000000
0.265921 -0.165551 0.615940 148.000000 140.000000 138.000000
0.279686 -0.167812 0.624220 145.000000 141.000000 138.000000
-0.062738 -0.104946 0.411930 110.000000 113.000000 110.000000
-0.056888 -0.106579 0.418140 94.000000 94.000000 96.000000
0.088094 -0.129028 0.506920 141.000000 130.000000 127.000000
0.279441 -0.157595 0.623760 141.000000 142.000000 137.000000
0.310205 -0.163116 0.645150 148.000000 143.000000 142.000000
-0.137806 -0.086257 0.364320 73.000000 79.000000 86.000000
-0.062790 -0.098332 0.411930 77.000000 82.000000 82.000000
0.088207 -0.120946 0.507150 140.000000 129.000000 121.000000
0.279624 -0.147621 0.624220 146.000000 140.000000 135.000000
0.293661 -0.149607 0.632500 148.000000 136.000000 136.000000
-0.097002 -0.086145 0.388470 87.000000 87.000000 89.000000
-0.016897 -0.098565 0.441600 97.000000 95.000000 91.000000
0.266906 -0.136227 0.618240 143.000000 139.000000 134.000000
-0.161193 -0.071710 0.350980 167.000000 173.000000 182.000000
-0.091439 -0.080518 0.391230 95.000000 94.000000 102.000000
-0.009754 -0.092213 0.445280 62.000000 64.000000 68.000000
0.020298 -0.096239 0.464830 74.000000 70.000000 67.000000
0.028105 -0.096883 0.468050 63.000000 63.000000 63.000000
0.251975 -0.123843 0.606280 144.000000 136.000000 129.000000
0.279719 -0.127509 0.624450 144.000000 136.000000 129.000000
0.292222 -0.128546 0.629510 148.000000 136.000000 136.000000
-0.050116 -0.079464 0.416990 97.000000 90.000000 92.000000
0.278698 -0.116999 0.622150 144.000000 134.000000 128.000000
0.293068 -0.118724 0.631350 146.000000 133.000000 128.000000
0.307346 -0.120294 0.639630 150.000000 133.000000 127.000000
-0.102508 -0.035849 0.208380 169.000000 165.000000 176.000000
-0.118841 -0.065304 0.377890 121.000000 122.000000 126.000000
-0.086181 -0.068702 0.395600 154.000000 153.000000 158.000000
-0.002472 -0.078320 0.448270 79.000000 73.000000 70.000000
0.292856 -0.108450 0.630890 138.000000 137.000000 128.000000
-0.152208 -0.055592 0.356500 169.000000 161.000000 166.000000
-0.147415 -0.055975 0.358800 160.000000 163.000000 171.000000
-0.080754 -0.063074 0.400200 115.000000 103.000000 105.000000
-0.043777 -0.066598 0.420900 149.000000 147.000000 146.000000
0.264135 -0.095304 0.611570 140.000000 132.000000 128.000000
0.291797 -0.097907 0.628590 140.000000 134.000000 127.000000
0.306657 -0.099408 0.638250 143.000000 134.000000 121.000000
-0.143136 -0.050729 0.362480 166.000000 167.000000 174.000000
-0.103298 -0.054600 0.387550 156.000000 154.000000 153.000000
-0.069378 -0.044935 0.318090 145.000000 142.000000 143.000000
-0.075203 -0.057311 0.405030 143.000000 136.000000 139.000000
-0.069200 -0.057843 0.408480 137.000000 131.000000 131.000000
-0.063179 -0.058471 0.412620 133.000000 126.000000 126.000000
0.201986 -0.080464 0.574080 140.000000 133.000000 124.000000
0.251860 -0.084643 0.605590 143.000000 132.000000 131.000000
0.277424 -0.086465 0.619160 143.000000 132.000000 129.000000
0.306325 -0.089003 0.637560 141.000000 133.000000 129.000000
-0.128890 -0.034669 0.280600 166.000000 168.000000 172.000000
-0.063183 -0.051727 0.412390 143.000000 144.000000 141.000000
-0.056953 -0.052224 0.416070 144.000000 140.000000 139.000000
-0.023911 -0.054807 0.435620 131.000000 124.000000 124.000000
0.012503 -0.057429 0.456320 147.000000 140.000000 140.000000
0.238798 -0.073866 0.597080 139.000000 133.000000 126.000000
0.251522 -0.074756 0.604670 141.000000 131.000000 123.000000
0.262818 -0.075170 0.608350 136.000000 132.000000 127.000000
-0.174175 -0.036793 0.342700 171.000000 172.000000 180.000000
-0.138265 -0.039296 0.364780 167.000000 164.000000 167.000000
-0.097489 -0.042219 0.388930 155.000000 149.000000 153.000000
-0.056827 -0.045312 0.414920 148.000000 143.000000 144.000000
-0.016897 -0.048103 0.439300 141.000000 134.000000 125.000000
0.020235 -0.050489 0.461150 143.000000 133.000000 127.000000
0.135520 -0.057462 0.529690 145.000000 132.000000 125.000000
0.249748 -0.064524 0.600300 141.000000 131.000000 123.000000
0.260868 -0.064855 0.603750 142.000000 131.000000 126.000000
0.288965 -0.066797 0.622380 141.000000 130.000000 125.000000
-0.169695 -0.031461 0.345000 172.000000 172.000000 174.000000
-0.133210 -0.033616 0.366850 167.000000 169.000000 171.000000
-0.092218 -0.036314 0.393070 153.000000 151.000000 151.000000
-0.086711 -0.036711 0.396980 158.000000 152.000000 152.000000
-0.050508 -0.038901 0.418600 146.000000 140.000000 135.000000
-0.016897 -0.040890 0.439070 145.000000 137.000000 128.000000
0.061188 -0.045104 0.485530 141.000000 130.000000 125.000000
0.274625 -0.055891 0.612720 141.000000 130.000000 127.000000
0.289521 -0.056851 0.623530 135.000000 131.000000 123.000000
0.305027 -0.057860 0.634800 139.000000 133.000000 126.000000
-0.174171 -0.025708 0.342700 170.000000 168.000000 178.000000
-0.135760 -0.020707 0.276000 171.000000 172.000000 178.000000
-0.133157 -0.027658 0.366620 168.000000 167.000000 172.000000
-0.123783 -0.028255 0.373750 165.000000 161.000000 167.000000
-0.086493 -0.030151 0.395830 155.000000 152.000000 160.000000
-0.009748 -0.033978 0.442750 145.000000 134.000000 131.000000
0.274241 -0.045926 0.611800 137.000000 128.000000 126.000000
0.288796 -0.046660 0.621920 136.000000 130.000000 128.000000
0.303164 -0.047313 0.630890 134.000000 133.000000 127.000000
-0.169140 -0.020239 0.343850 168.000000 171.000000 179.000000
-0.164758 -0.020396 0.346380 172.000000 168.000000 174.000000
-0.161059 -0.020651 0.350520 164.000000 168.000000 174.000000
-0.123430 -0.022121 0.372600 165.000000 161.000000 169.000000
-0.086471 -0.023677 0.395600 159.000000 156.000000 159.000000
-0.080752 -0.023908 0.399050 158.000000 154.000000 153.000000
-0.043897 -0.025329 0.420670 148.000000 140.000000 138.000000
-0.037511 -0.025704 0.426650 147.000000 138.000000 137.000000
-0.009722 -0.026625 0.441370 147.000000 134.000000 129.000000
0.035350 -0.022815 0.378810 142.000000 131.000000 126.000000
0.224484 -0.034540 0.584200 143.000000 128.000000 121.000000
0.262956 -0.035866 0.608350 138.000000 129.000000 118.000000
0.275712 -0.036231 0.615020 137.000000 131.000000 127.000000
0.303291 -0.037135 0.631120 141.000000 128.000000 125.000000
-0.156241 -0.015076 0.352360 168.000000 162.000000 173.000000
-0.118282 -0.016201 0.375130 168.000000 159.000000 169.000000
-0.080727 -0.017374 0.398820 158.000000 153.000000 157.000000
-0.037502 -0.018687 0.426420 150.000000 144.000000 139.000000
-0.030814 -0.018898 0.431020 147.000000 141.000000 134.000000
-0.002462 -0.019532 0.445050 143.000000 137.000000 132.000000
0.078709 -0.021637 0.495420 138.000000 130.000000 121.000000
0.263083 -0.026041 0.608580 136.000000 127.000000 123.000000
0.302645 -0.026879 0.629740 140.000000 129.000000 123.000000
-0.117938 -0.010070 0.373980 163.000000 161.000000 171.000000
-0.113247 -0.010204 0.378350 162.000000 161.000000 168.000000
-0.043969 -0.011527 0.421130 150.000000 140.000000 141.000000
-0.037410 -0.011648 0.425270 146.000000 142.000000 139.000000
-0.030755 -0.011787 0.430100 144.000000 138.000000 136.000000
0.237558 -0.015841 0.593400 135.000000 130.000000 120.000000
0.262113 -0.016139 0.606280 137.000000 129.000000 122.000000
0.274521 -0.016276 0.612260 137.000000 128.000000 124.000000
0.287898 -0.016458 0.619850 137.000000 129.000000 118.000000
0.301116 -0.016616 0.626520 142.000000 129.000000 125.000000
-0.113260 -0.004044 0.378350 163.000000 161.000000 171.000000
-0.108093 -0.004089 0.381570 158.000000 159.000000 168.000000
-0.074568 -0.004346 0.400430 151.000000 148.000000 151.000000
-0.068746 -0.004399 0.404570 149.000000 147.000000 150.000000
-0.037314 -0.004642 0.424120 151.000000 141.000000 142.000000
-0.030595 -0.004686 0.427800 144.000000 138.000000 138.000000
0.004925 -0.004923 0.448730 145.000000 137.000000 130.000000
0.044139 -0.005171 0.472650 142.000000 136.000000 129.000000
0.087423 -0.005420 0.498870 139.000000 132.000000 121.000000
0.287490 -0.006429 0.618930 136.000000 129.000000 115.000000
0.301133 -0.006490 0.626520 137.000000 129.000000 122.000000
-0.150911 0.002023 0.353050 165.000000 166.000000 173.000000
-0.107774 0.002125 0.380420 158.000000 160.000000 164.000000
-0.023800 0.002379 0.432400 148.000000 137.000000 134.000000
0.012427 0.002487 0.452180 152.000000 138.000000 129.000000
0.052514 0.002634 0.478170 143.000000 132.000000 129.000000
0.249090 0.003417 0.598230 140.000000 127.000000 122.000000
0.261949 0.003473 0.605820 136.000000 126.000000 120.000000
0.288147 0.003586 0.620310 131.000000 127.000000 124.000000
0.301593 0.003643 0.627440 132.000000 128.000000 125.000000
-0.146678 0.007810 0.356500 167.000000 170.000000 178.000000
-0.142245 0.007877 0.359720 160.000000 168.000000 175.000000
-0.107645 0.008317 0.379960 159.000000 162.000000 170.000000
-0.102574 0.008404 0.383870 159.000000 159.000000 164.000000
-0.062567 0.008935 0.407330 149.000000 147.000000 150.000000
-0.023736 0.009472 0.431250 146.000000 139.000000 137.000000
-0.003883 0.003870 0.176180 145.000000 136.000000 134.000000
0.060822 0.010573 0.481850 137.000000 131.000000 129.000000
0.096429 0.011034 0.503470 139.000000 131.000000 127.000000
0.134746 0.011509 0.525780 141.000000 130.000000 125.000000
0.165909 0.011919 0.544870 133.000000 133.000000 121.000000
0.176922 0.012074 0.552000 137.000000 129.000000 122.000000
0.224055 0.012753 0.582820 134.000000 130.000000 124.000000
0.248717 0.013081 0.597310 133.000000 125.000000 121.000000
0.260966 0.013225 0.603520 138.000000 129.000000 128.000000
0.273951 0.013397 0.610880 137.000000 127.000000 121.000000
0.287842 0.013601 0.619620 132.000000 129.000000 121.000000
0.301278 0.013773 0.626750 133.000000 124.000000 123.000000
-0.102323 0.014632 0.382950 159.000000 159.000000 164.000000
-0.062563 0.015620 0.407330 151.000000 146.000000 148.000000
-0.056624 0.015830 0.412620 150.000000 145.000000 149.000000
-0.016790 0.016742 0.435620 148.000000 142.000000 139.000000
0.052281 0.018275 0.476100 142.000000 131.000000 128.000000
0.105745 0.019481 0.508990 143.000000 134.000000 132.000000
0.135034 0.020134 0.526930 140.000000 132.000000 126.000000
0.144959 0.020325 0.532220 138.000000 130.000000 121.000000
0.176917 0.021050 0.552000 136.000000 131.000000 123.000000
0.223525 0.022147 0.581440 136.000000 128.000000 121.000000
0.235670 0.022417 0.588570 136.000000 128.000000 121.000000
0.247764 0.022663 0.595010 133.000000 127.000000 120.000000
0.259978 0.022904 0.601220 138.000000 127.000000 124.000000
0.272929 0.023191 0.608580 138.000000 127.000000 126.000000
0.286893 0.023543 0.617550 137.000000 128.000000 124.000000
0.300853 0.023873 0.625830 139.000000 125.000000 127.000000
-0.056299 0.022478 0.410320 149.000000 147.000000 150.000000
-0.016716 0.023810 0.433780 144.000000 140.000000 137.000000
-0.009681 0.024116 0.439300 144.000000 138.000000 136.000000
0.020033 0.025007 0.455630 139.000000 137.000000 133.000000
0.027822 0.025254 0.460230 138.000000 137.000000 130.000000
0.060632 0.026325 0.480470 140.000000 132.000000 126.000000
0.069318 0.026627 0.486220 140.000000 133.000000 133.000000
0.105636 0.027783 0.508530 135.000000 134.000000 130.000000
0.115318 0.028117 0.514970 141.000000 130.000000 127.000000
0.144694 0.028952 0.531300 139.000000 131.000000 125.000000
0.177641 0.030150 0.554300 138.000000 127.000000 124.000000
0.188136 0.030397 0.559130 134.000000 128.000000 121.000000
0.199831 0.030808 0.566950 137.000000 127.000000 121.000000
0.223253 0.031534 0.580750 136.000000 128.000000 121.000000
0.234838 0.031839 0.586500 137.000000 129.000000 122.000000
0.260578 0.032708 0.602600 130.000000 126.000000 125.000000
0.272936 0.033036 0.608580 144.000000 129.000000 125.000000
0.286157 0.033444 0.615940 132.000000 129.000000 123.000000
0.300980 0.034008 0.626060 136.000000 130.000000 128.000000
-0.096929 0.027371 0.386170 157.000000 156.000000 165.000000
-0.091552 0.027651 0.389850 153.000000 155.000000 159.000000
-0.085993 0.027914 0.393300 153.000000 149.000000 159.000000
-0.050007 0.029487 0.414000 146.000000 145.000000 148.000000
-0.009664 0.031293 0.438610 143.000000 136.000000 139.000000
0.035798 0.033188 0.465520 144.000000 133.000000 130.000000
0.060501 0.034145 0.479550 139.000000 133.000000 128.000000
0.078049 0.034942 0.491280 137.000000 133.000000 132.000000
0.115039 0.036450 0.513820 139.000000 131.000000 127.000000
0.144859 0.037659 0.531990 138.000000 129.000000 125.000000
0.154870 0.037991 0.537050 136.000000 132.000000 127.000000
0.105909 0.023350 0.330510 135.000000 131.000000 125.000000
0.186957 0.039235 0.555680 142.000000 129.000000 127.000000
0.199166 0.039879 0.565110 135.000000 129.000000 124.000000
0.222357 0.040784 0.578450 134.000000 128.000000 125.000000
0.233908 0.041177 0.584200 139.000000 131.000000 125.000000
0.247471 0.041881 0.594320 133.000000 127.000000 120.000000
0.287984 0.043684 0.619850 139.000000 126.000000 121.000000
0.301330 0.044185 0.626750 136.000000 127.000000 123.000000
-0.172057 0.029371 0.338330 169.000000 166.000000 181.000000
-0.136556 0.031230 0.359950 163.000000 169.000000 176.000000
-0.131713 0.031464 0.362480 165.000000 166.000000 173.000000
-0.127347 0.031840 0.366620 164.000000 163.000000 168.000000
-0.091477 0.033995 0.389620 158.000000 155.000000 158.000000
-0.085921 0.034320 0.393070 152.000000 153.000000 160.000000
-0.043559 0.036597 0.417450 148.000000 145.000000 151.000000
0.077807 0.042867 0.489900 139.000000 132.000000 132.000000
0.087002 0.043444 0.496800 137.000000 133.000000 128.000000
0.096406 0.044018 0.503700 139.000000 133.000000 126.000000
0.105634 0.044430 0.508760 140.000000 131.000000 130.000000
0.144329 0.046164 0.530150 138.000000 129.000000 125.000000
0.154575 0.046651 0.536130 136.000000 130.000000 128.000000
0.165840 0.047379 0.544870 137.000000 131.000000 129.000000
0.187550 0.048417 0.557520 138.000000 130.000000 123.000000
0.198251 0.048828 0.562580 138.000000 129.000000 125.000000
0.233066 0.050459 0.582130 134.000000 126.000000 124.000000
0.246409 0.051283 0.591790 137.000000 128.000000 124.000000
0.260078 0.052113 0.601450 134.000000 128.000000 123.000000
0.272944 0.052729 0.608580 137.000000 128.000000 126.000000
0.287247 0.053573 0.618240 138.000000 128.000000 122.000000
0.301238 0.054306 0.626520 138.000000 129.000000 128.000000
-0.168686 0.035283 0.342700 170.000000 176.000000 181.000000
-0.122291 0.038073 0.369150 163.000000 161.000000 171.000000
-0.085996 0.040784 0.393530 158.000000 153.000000 157.000000
-0.043422 0.043321 0.416300 153.000000 145.000000 148.000000
-0.037009 0.043841 0.421130 145.000000 142.000000 145.000000
0.004912 0.046709 0.448270 141.000000 133.000000 131.000000
0.043850 0.048929 0.470120 143.000000 133.000000 134.000000
0.086730 0.051424 0.495420 137.000000 135.000000 131.000000
0.104884 0.052379 0.505310 144.000000 133.000000 132.000000
0.123889 0.053446 0.516350 137.000000 128.000000 126.000000
0.144292 0.054794 0.530150 136.000000 130.000000 128.000000
0.154473 0.055348 0.535900 136.000000 130.000000 128.000000
0.165454 0.056116 0.543720 133.000000 132.000000 125.000000
0.187131 0.057346 0.556370 139.000000 131.000000 127.000000
0.198140 0.057928 0.562350 139.000000 130.000000 129.000000
0.233049 0.059885 0.582130 139.000000 131.000000 127.000000
0.246014 0.060768 0.590870 135.000000 129.000000 124.000000
0.259078 0.061609 0.599150 134.000000 128.000000 123.000000
0.272225 0.062411 0.606970 135.000000 130.000000 130.000000
0.285441 0.063175 0.614330 138.000000 128.000000 120.000000
0.299932 0.064162 0.623760 137.000000 128.000000 128.000000
-0.122266 0.044064 0.369150 157.000000 160.000000 171.000000
-0.074212 0.047929 0.399050 155.000000 154.000000 157.000000
-0.036992 0.050739 0.421130 150.000000 143.000000 148.000000
-0.030382 0.051282 0.425500 149.000000 142.000000 144.000000
0.035682 0.055984 0.464600 141.000000 132.000000 133.000000
0.077745 0.058890 0.489900 136.000000 131.000000 131.000000
0.086895 0.059654 0.496570 140.000000 132.000000 126.000000
0.095719 0.060084 0.500480 134.000000 132.000000 131.000000
0.124453 0.062160 0.518880 137.000000 131.000000 131.000000
0.133944 0.062637 0.523250 134.000000 133.000000 129.000000
0.154098 0.063921 0.534750 137.000000 133.000000 130.000000
0.164853 0.064727 0.541880 139.000000 130.000000 129.000000
0.175677 0.065480 0.548550 142.000000 131.000000 126.000000
0.186706 0.066234 0.555220 136.000000 130.000000 128.000000
0.198187 0.067072 0.562580 134.000000 130.000000 126.000000
0.209561 0.067805 0.569020 133.000000 126.000000 126.000000
0.221407 0.068623 0.576150 139.000000 126.000000 119.000000
0.232567 0.069173 0.580980 130.000000 128.000000 124.000000
0.245521 0.070194 0.589720 135.000000 130.000000 130.000000
0.258375 0.071114 0.597540 136.000000 131.000000 123.000000
0.271711 0.072097 0.605820 134.000000 130.000000 126.000000
0.286415 0.073364 0.616400 137.000000 128.000000 124.000000
0.300288 0.074342 0.624450 138.000000 129.000000 125.000000
-0.163566 0.046496 0.343620 170.000000 175.000000 185.000000
-0.155072 0.047289 0.349600 166.000000 166.000000 178.000000
-0.117329 0.050520 0.372370 163.000000 162.000000 167.000000
-0.073965 0.054281 0.397900 154.000000 153.000000 158.000000
-0.030201 0.057929 0.423200 144.000000 141.000000 144.000000
0.051791 0.064635 0.472650 138.000000 129.000000 128.000000
0.086653 0.067598 0.495420 141.000000 133.000000 129.000000
0.113960 0.069402 0.509680 137.000000 131.000000 131.000000
0.133542 0.070958 0.521870 134.000000 133.000000 127.000000
0.153917 0.072543 0.534290 137.000000 135.000000 129.000000
0.164385 0.073335 0.540500 133.000000 132.000000 125.000000
0.198147 0.076188 0.562580 132.000000 132.000000 130.000000
0.209949 0.077176 0.570170 138.000000 129.000000 128.000000
0.221112 0.077858 0.575460 136.000000 133.000000 125.000000
0.232452 0.078546 0.580750 134.000000 128.000000 123.000000
0.245026 0.079583 0.588570 134.000000 128.000000 123.000000
0.257970 0.080659 0.596620 134.000000 128.000000 123.000000
0.271095 0.081715 0.604440 131.000000 130.000000 121.000000
0.284720 0.082844 0.612720 135.000000 129.000000 124.000000
0.298547 0.083956 0.620770 132.000000 128.000000 129.000000
-0.154972 0.052916 0.349370 163.000000 167.000000 173.000000
-0.062198 0.062066 0.405950 152.000000 154.000000 158.000000
0.019947 0.069729 0.454940 141.000000 132.000000 133.000000
0.095188 0.076042 0.498180 141.000000 129.000000 129.000000
0.123524 0.078512 0.515430 137.000000 131.000000 127.000000
0.133429 0.079401 0.521640 139.000000 132.000000 132.000000
0.143270 0.080149 0.526930 134.000000 130.000000 122.000000
0.153665 0.081107 0.533600 132.000000 133.000000 125.000000
0.175213 0.083095 0.547400 134.000000 132.000000 133.000000
0.185843 0.083882 0.552920 139.000000 133.000000 128.000000
0.197294 0.084951 0.560280 139.000000 130.000000 129.000000
0.209741 0.086338 0.569710 134.000000 130.000000 126.000000
0.220992 0.087138 0.575230 139.000000 130.000000 129.000000
0.231598 0.087631 0.578680 134.000000 127.000000 127.000000
0.244723 0.089003 0.587880 132.000000 130.000000 128.000000
0.257168 0.090036 0.594780 133.000000 126.000000 128.000000
0.270172 0.091185 0.602370 131.000000 129.000000 125.000000
0.282815 0.092139 0.608580 135.000000 128.000000 130.000000
0.297474 0.093665 0.618470 133.000000 132.000000 128.000000
-0.111686 0.062865 0.373750 159.000000 158.000000 168.000000
-0.061951 0.068442 0.404570 150.000000 149.000000 154.000000
0.051878 0.080285 0.474030 140.000000 128.000000 128.000000
0.104312 0.084980 0.503470 141.000000 129.000000 133.000000
0.114057 0.086125 0.510600 139.000000 130.000000 129.000000
0.123466 0.086880 0.515430 134.000000 129.000000 128.000000
0.133547 0.087982 0.522330 137.000000 131.000000 129.000000
0.153607 0.089758 0.533600 136.000000 131.000000 131.000000
0.174718 0.091729 0.546020 135.000000 130.000000 130.000000
0.197248 0.094020 0.560280 134.000000 130.000000 126.000000
0.208685 0.095095 0.566950 136.000000 130.000000 128.000000
0.220870 0.096407 0.575000 136.000000 129.000000 130.000000
0.232310 0.097303 0.580520 131.000000 129.000000 125.000000
0.256666 0.099470 0.593630 131.000000 128.000000 122.000000
0.270180 0.100938 0.602370 135.000000 128.000000 130.000000
0.283800 0.102344 0.610650 142.000000 128.000000 131.000000
0.298290 0.103961 0.620080 138.000000 124.000000 126.000000
-0.101387 0.070237 0.380420 159.000000 158.000000 170.000000
-0.016547 0.080119 0.431020 141.000000 139.000000 140.000000
0.027484 0.084837 0.456550 136.000000 130.000000 128.000000
0.051489 0.087398 0.470810 134.000000 128.000000 125.000000
0.068277 0.089149 0.480700 137.000000 128.000000 124.000000
0.077278 0.090465 0.488060 134.000000 129.000000 128.000000
0.094816 0.091976 0.496800 133.000000 126.000000 124.000000
0.103968 0.092896 0.502090 138.000000 129.000000 125.000000
0.113688 0.094153 0.509220 137.000000 128.000000 126.000000
0.133249 0.096278 0.521410 138.000000 129.000000 128.000000
0.143149 0.097233 0.526930 137.000000 128.000000 124.000000
0.153480 0.098357 0.533370 134.000000 129.000000 128.000000
0.163379 0.099101 0.537740 135.000000 128.000000 130.000000
0.174661 0.100567 0.546020 139.000000 129.000000 133.000000
0.196795 0.102873 0.559130 133.000000 131.000000 130.000000
0.207712 0.103801 0.564420 137.000000 128.000000 128.000000
0.220482 0.105540 0.574080 133.000000 123.000000 129.000000
0.231917 0.106526 0.579600 134.000000 132.000000 131.000000
0.243640 0.107564 0.585350 135.000000 128.000000 132.000000
0.256168 0.108868 0.592480 135.000000 128.000000 128.000000
0.270297 0.110737 0.602600 134.000000 130.000000 126.000000
0.284044 0.112326 0.611110 131.000000 129.000000 125.000000
0.298007 0.113892 0.619390 134.000000 127.000000 129.000000
-0.095836 0.076952 0.382950 158.000000 157.000000 166.000000
-0.009533 0.087830 0.434470 144.000000 137.000000 140.000000
0.035351 0.093298 0.461840 132.000000 127.000000 131.000000
0.043364 0.094243 0.466670 134.000000 126.000000 124.000000
0.076935 0.098012 0.486220 132.000000 128.000000 125.000000
0.085686 0.098930 0.491050 137.000000 128.000000 126.000000
0.113214 0.102033 0.507380 127.000000 127.000000 127.000000
0.122679 0.103031 0.512670 131.000000 127.000000 124.000000
0.132772 0.104397 0.519800 132.000000 128.000000 127.000000
0.142459 0.105300 0.524630 130.000000 128.000000 126.000000
0.163527 0.107938 0.538430 132.000000 128.000000 125.000000
0.174602 0.109399 0.546020 132.000000 130.000000 128.000000
0.184991 0.110309 0.550850 131.000000 129.000000 125.000000
0.195857 0.111409 0.556600 132.000000 127.000000 131.000000
0.206994 0.112561 0.562580 129.000000 130.000000 127.000000
0.219567 0.114365 0.571780 135.000000 128.000000 128.000000
0.231802 0.115857 0.579370 141.000000 129.000000 129.000000
0.244300 0.117360 0.586960 134.000000 129.000000 128.000000
0.256967 0.118830 0.594320 132.000000 130.000000 128.000000
0.270523 0.120593 0.603060 132.000000 128.000000 127.000000
0.283442 0.121960 0.609730 137.000000 131.000000 127.000000
0.297182 0.123580 0.617550 138.000000 129.000000 128.000000
-0.135966 0.077612 0.358800 166.000000 169.000000 175.000000
-0.090407 0.083946 0.386400 153.000000 156.000000 162.000000
-0.049433 0.089671 0.411240 151.000000 145.000000 152.000000
-0.009531 0.094928 0.434700 142.000000 135.000000 137.000000
0.103510 0.108808 0.500480 137.000000 126.000000 123.000000
0.122337 0.111074 0.511520 137.000000 128.000000 126.000000
0.132411 0.112553 0.518650 128.000000 127.000000 123.000000
0.163184 0.116443 0.537510 134.000000 127.000000 129.000000
0.173881 0.117776 0.543950 133.000000 126.000000 126.000000
0.184319 0.118815 0.549010 132.000000 130.000000 130.000000
0.195728 0.120357 0.556370 134.000000 129.000000 130.000000
0.206870 0.121607 0.562350 128.000000 130.000000 127.000000
0.219183 0.123414 0.570860 132.000000 128.000000 125.000000
0.244199 0.126812 0.586730 132.000000 130.000000 128.000000
0.256480 0.128210 0.593170 130.000000 128.000000 126.000000
0.270139 0.130172 0.602140 137.000000 126.000000 125.000000
0.284240 0.132205 0.611340 130.000000 130.000000 130.000000
0.298252 0.134064 0.619620 135.000000 130.000000 134.000000
-0.135426 0.083096 0.357420 175.000000 167.000000 174.000000
-0.090142 0.089976 0.385480 152.000000 151.000000 163.000000
-0.049313 0.096162 0.410550 149.000000 145.000000 156.000000
-0.002416 0.102777 0.438150 142.000000 135.000000 139.000000
0.051220 0.109966 0.469430 131.000000 124.000000 124.000000
0.067835 0.112027 0.478630 134.000000 126.000000 122.000000
0.068615 0.092071 0.393760 105.000000 89.000000 90.000000
0.075707 0.092881 0.397440 131.000000 124.000000 124.000000
0.103112 0.116520 0.498870 131.000000 128.000000 122.000000
0.122544 0.119606 0.512670 134.000000 126.000000 124.000000
0.132401 0.120985 0.518880 131.000000 124.000000 122.000000
0.152424 0.123529 0.530380 132.000000 125.000000 123.000000
0.173382 0.126242 0.542570 134.000000 125.000000 126.000000
0.184189 0.127632 0.548780 129.000000 130.000000 127.000000
0.207764 0.131287 0.564880 131.000000 127.000000 126.000000
0.219863 0.133075 0.572700 133.000000 126.000000 126.000000
0.231218 0.134287 0.577990 130.000000 128.000000 126.000000
0.243147 0.135727 0.584200 132.000000 128.000000 127.000000
0.270487 0.140104 0.602830 134.000000 128.000000 132.000000
0.284515 0.142246 0.611800 132.000000 130.000000 126.000000
0.298008 0.143987 0.618930 130.000000 128.000000 126.000000
-0.171856 0.084070 0.336950 175.000000 172.000000 187.000000
-0.084556 0.097053 0.388700 152.000000 151.000000 159.000000
-0.036550 0.104819 0.418370 144.000000 146.000000 148.000000
0.004811 0.110949 0.442520 138.000000 133.000000 137.000000
0.012217 0.112382 0.448270 136.000000 131.000000 133.000000
0.051253 0.117720 0.470120 132.000000 122.000000 126.000000
0.059525 0.118884 0.474950 131.000000 128.000000 122.000000
0.076441 0.121080 0.484150 129.000000 121.000000 114.000000
0.085508 0.122746 0.491050 127.000000 121.000000 116.000000
0.094788 0.124407 0.497950 128.000000 121.000000 121.000000
0.103283 0.124859 0.500020 127.000000 121.000000 118.000000
0.112756 0.126342 0.506230 126.000000 124.000000 123.000000
0.132039 0.129072 0.517730 128.000000 122.000000 117.000000
0.141508 0.130036 0.521870 127.000000 122.000000 112.000000
0.151368 0.131231 0.526930 131.000000 122.000000 121.000000
0.173766 0.135347 0.543950 127.000000 125.000000 124.000000
0.184370 0.136668 0.549470 131.000000 123.000000 126.000000
0.195559 0.138282 0.556140 133.000000 124.000000 125.000000
0.208323 0.140820 0.566490 127.000000 125.000000 126.000000
0.219843 0.142340 0.572700 131.000000 127.000000 126.000000
0.230476 0.143187 0.576150 138.000000 124.000000 124.000000
0.242391 0.144737 0.582360 129.000000 125.000000 122.000000
0.255434 0.146820 0.590640 134.000000 125.000000 126.000000
0.268990 0.149039 0.599380 130.000000 126.000000 125.000000
0.283416 0.151570 0.609270 132.000000 129.000000 134.000000
0.296896 0.153445 0.616400 132.000000 125.000000 125.000000
-0.171844 0.089538 0.336720 172.000000 170.000000 182.000000
-0.167323 0.090047 0.339020 171.000000 171.000000 184.000000
-0.084255 0.103015 0.387550 152.000000 148.000000 158.000000
-0.029881 0.112328 0.421130 145.000000 141.000000 149.000000
0.027284 0.121414 0.455170 135.000000 124.000000 123.000000
0.059333 0.126234 0.473800 128.000000 121.000000 121.000000
0.084046 0.128519 0.483000 122.000000 116.000000 112.000000
0.102457 0.131941 0.496340 133.000000 120.000000 115.000000
0.112381 0.134136 0.504850 126.000000 119.000000 117.000000
0.122131 0.135839 0.511520 130.000000 121.000000 117.000000
0.141505 0.138514 0.522100 125.000000 118.000000 116.000000
0.151503 0.139914 0.527620 125.000000 122.000000 116.000000
0.162024 0.141622 0.534290 131.000000 125.000000 118.000000
0.172831 0.143396 0.541190 124.000000 122.000000 120.000000
0.184093 0.145359 0.548780 125.000000 121.000000 120.000000
0.194795 0.146721 0.554070 126.000000 124.000000 123.000000
0.206436 0.148641 0.561430 134.000000 125.000000 126.000000
0.218506 0.150696 0.569250 132.000000 124.000000 120.000000
0.230110 0.152278 0.575230 134.000000 122.000000 122.000000
0.242986 0.154548 0.583740 133.000000 126.000000 124.000000
0.255973 0.156717 0.591790 129.000000 124.000000 124.000000
0.268953 0.158728 0.599150 133.000000 124.000000 134.000000
0.282440 0.160890 0.606970 133.000000 123.000000 131.000000
0.297245 0.163633 0.616860 129.000000 124.000000 126.000000
-0.125828 0.102091 0.363170 158.000000 164.000000 171.000000
-0.120800 0.102824 0.365700 165.000000 159.000000 170.000000
0.004793 0.125012 0.441830 134.000000 133.000000 136.000000
0.019541 0.126940 0.448730 131.000000 127.000000 126.000000
0.059286 0.133860 0.473800 123.000000 121.000000 117.000000
0.067645 0.135109 0.478400 126.000000 114.000000 114.000000
0.075638 0.135444 0.479780 122.000000 111.000000 110.000000
0.082587 0.134024 0.474950 113.000000 111.000000 110.000000
0.085959 0.127541 0.452180 113.000000 107.000000 111.000000
0.109705 0.138961 0.493120 109.000000 105.000000 104.000000
0.131846 0.145698 0.517500 127.000000 121.000000 118.000000
0.141752 0.147253 0.523250 124.000000 117.000000 113.000000
0.151905 0.148875 0.529230 126.000000 119.000000 117.000000
0.161690 0.149983 0.533370 129.000000 120.000000 118.000000
0.172195 0.151615 0.539350 124.000000 117.000000 115.000000
0.194279 0.155290 0.552690 128.000000 121.000000 121.000000
0.205657 0.157144 0.559360 129.000000 123.000000 119.000000
0.228651 0.160573 0.571550 130.000000 122.000000 115.000000
0.241679 0.163123 0.580520 126.000000 124.000000 125.000000
0.254239 0.165179 0.587650 134.000000 122.000000 124.000000
0.267591 0.167586 0.595930 127.000000 126.000000 131.000000
0.281377 0.170089 0.604440 126.000000 124.000000 125.000000
0.295178 0.172435 0.612260 130.000000 128.000000 126.000000
-0.163057 0.101831 0.341550 171.000000 170.000000 179.000000
-0.067211 0.118995 0.398820 152.000000 149.000000 154.000000
-0.055187 0.121140 0.405720 151.000000 146.000000 159.000000
-0.029832 0.125875 0.421130 141.000000 138.000000 144.000000
0.004785 0.132043 0.441600 134.000000 132.000000 135.000000
0.019533 0.134220 0.448960 129.000000 124.000000 124.000000
0.027234 0.136055 0.455170 128.000000 123.000000 127.000000
0.034924 0.137058 0.458620 127.000000 117.000000 123.000000
0.042743 0.138125 0.462300 126.000000 119.000000 121.000000
0.067431 0.142457 0.477250 118.000000 111.000000 109.000000
0.091897 0.132839 0.445740 69.000000 68.000000 91.000000
0.122055 0.152383 0.511750 78.000000 77.000000 73.000000
0.131783 0.154032 0.517500 117.000000 112.000000 100.000000
0.151519 0.157065 0.528080 122.000000 118.000000 117.000000
0.162058 0.158998 0.534750 126.000000 117.000000 118.000000
0.183170 0.162339 0.546250 121.000000 119.000000 120.000000
0.194015 0.164024 0.552000 129.000000 118.000000 115.000000
0.205142 0.165791 0.557980 127.000000 120.000000 122.000000
0.217009 0.167983 0.565340 129.000000 117.000000 119.000000
0.228770 0.169921 0.571780 127.000000 119.000000 117.000000
0.241728 0.172564 0.580520 127.000000 120.000000 120.000000
0.254313 0.174755 0.587650 125.000000 123.000000 121.000000
0.267178 0.176975 0.594780 126.000000 125.000000 121.000000
0.281194 0.179778 0.603750 125.000000 125.000000 125.000000
0.294690 0.182073 0.610880 134.000000 122.000000 124.000000
-0.171801 0.105937 0.335800 180.000000 169.000000 177.000000
-0.158096 0.107778 0.342930 170.000000 166.000000 179.000000
-0.110305 0.116130 0.370300 153.000000 155.000000 168.000000
-0.072788 0.123914 0.394220 155.000000 149.000000 157.000000
-0.067051 0.125186 0.398130 149.000000 146.000000 152.000000
-0.061111 0.126314 0.401580 149.000000 147.000000 157.000000
-0.048988 0.128851 0.409400 146.000000 142.000000 152.000000
-0.042656 0.129899 0.412620 145.000000 142.000000 147.000000
-0.023040 0.133234 0.422970 141.000000 135.000000 141.000000
-0.016331 0.134843 0.428030 139.000000 136.000000 139.000000
-0.009439 0.136229 0.432400 131.000000 134.000000 140.000000
-0.002400 0.137392 0.436080 141.000000 131.000000 137.000000
0.027086 0.142708 0.453100 131.000000 122.000000 121.000000
0.050809 0.147172 0.467590 118.000000 115.000000 109.000000
0.059048 0.148721 0.472650 120.000000 115.000000 114.000000
0.067218 0.149759 0.476100 121.000000 108.000000 108.000000
0.075564 0.150937 0.480010 104.000000 100.000000 99.000000
0.084843 0.140420 0.446890 28.000000 23.000000 24.000000
0.091226 0.139066 0.442750 20.000000 19.000000 24.000000
0.098133 0.138652 0.441600 17.000000 21.000000 20.000000
0.105491 0.138889 0.442520 26.000000 26.000000 24.000000
0.141014 0.163393 0.520950 117.000000 112.000000 100.000000
0.150809 0.164858 0.525780 118.000000 116.000000 112.000000
0.161248 0.166834 0.532220 122.000000 117.000000 107.000000
0.172117 0.169034 0.539350 119.000000 118.000000 114.000000
0.182837 0.170883 0.545330 118.000000 118.000000 114.000000
0.193599 0.172600 0.550850 129.000000 116.000000 116.000000
0.206498 0.175989 0.561660 122.000000 116.000000 114.000000
0.218178 0.178099 0.568330 127.000000 121.000000 116.000000
0.229273 0.179581 0.572930 126.000000 118.000000 112.000000
0.240933 0.181375 0.578450 126.000000 119.000000 119.000000
0.253910 0.183991 0.586500 127.000000 115.000000 117.000000
0.267099 0.186568 0.594320 123.000000 121.000000 119.000000
0.280930 0.189400 0.602830 127.000000 119.000000 117.000000
0.294786 0.192061 0.610650 125.000000 121.000000 120.000000
-0.158097 0.113349 0.342700 170.000000 168.000000 178.000000
-0.153411 0.114004 0.345000 163.000000 166.000000 179.000000
-0.149177 0.115059 0.348450 167.000000 168.000000 177.000000
-0.115551 0.121334 0.368000 159.000000 161.000000 172.000000
-0.110281 0.122109 0.370300 158.000000 157.000000 166.000000
-0.089326 0.126481 0.383180 153.000000 156.000000 166.000000
-0.060896 0.132380 0.400430 142.000000 146.000000 154.000000
-0.055110 0.134167 0.405720 148.000000 145.000000 153.000000
-0.048816 0.135039 0.408250 139.000000 142.000000 150.000000
-0.023022 0.140014 0.422970 137.000000 137.000000 139.000000
-0.016310 0.141628 0.427800 142.000000 134.000000 141.000000
-0.009428 0.143084 0.432170 137.000000 133.000000 141.000000
-0.002399 0.144382 0.436080 132.000000 134.000000 138.000000
0.012070 0.147341 0.445050 127.000000 126.000000 129.000000
0.019487 0.148545 0.448730 129.000000 124.000000 124.000000
0.027049 0.149895 0.452870 124.000000 119.000000 123.000000
0.034795 0.151467 0.457700 123.000000 118.000000 120.000000
0.042608 0.152730 0.461610 122.000000 115.000000 118.000000
0.050669 0.154367 0.466670 117.000000 115.000000 111.000000
0.058917 0.156075 0.471960 119.000000 110.000000 111.000000
0.067299 0.157703 0.477020 113.000000 105.000000 103.000000
0.075693 0.159022 0.481160 105.000000 97.000000 93.000000
0.083537 0.159046 0.481390 103.000000 95.000000 91.000000
0.090701 0.145422 0.440450 11.000000 13.000000 17.000000
0.104949 0.145327 0.440450 19.000000 19.000000 19.000000
0.131672 0.170698 0.517500 53.000000 44.000000 45.000000
0.140966 0.171788 0.520950 113.000000 107.000000 100.000000
0.150635 0.173188 0.525320 121.000000 110.000000 107.000000
0.161143 0.175352 0.531990 121.000000 115.000000 110.000000
0.171432 0.177070 0.537280 117.000000 115.000000 111.000000
0.182670 0.179558 0.544870 119.000000 112.000000 112.000000
0.192872 0.180847 0.548780 120.000000 114.000000 107.000000
0.203556 0.182455 0.553610 120.000000 112.000000 110.000000
0.215125 0.184689 0.560280 118.000000 118.000000 104.000000
0.223810 0.184368 0.559130 127.000000 115.000000 117.000000
0.048012 0.038013 0.115230 128.000000 117.000000 114.000000
0.177621 0.135365 0.410090 33.000000 31.000000 39.000000
0.299253 0.205050 0.619390 121.000000 114.000000 114.000000
-0.153515 0.119688 0.345000 169.000000 167.000000 177.000000
-0.134776 0.123056 0.355580 165.000000 164.000000 173.000000
-0.115470 0.127210 0.367770 157.000000 156.000000 165.000000
-0.105241 0.129304 0.373750 153.000000 154.000000 163.000000
-0.100046 0.130441 0.376970 161.000000 160.000000 165.000000
-0.072706 0.136579 0.394220 151.000000 144.000000 158.000000
-0.060859 0.138805 0.400430 149.000000 145.000000 156.000000
-0.054949 0.140355 0.404800 146.000000 144.000000 156.000000
-0.042595 0.143130 0.412620 142.000000 140.000000 150.000000
-0.036181 0.144354 0.416070 140.000000 139.000000 144.000000
-0.029749 0.146053 0.420900 144.000000 139.000000 141.000000
-0.023031 0.146949 0.423430 139.000000 138.000000 141.000000
-0.009402 0.149685 0.431250 135.000000 136.000000 140.000000
-0.002398 0.151285 0.435850 139.000000 131.000000 136.000000
0.004756 0.152879 0.440450 135.000000 128.000000 130.000000
0.012022 0.153989 0.443670 131.000000 125.000000 134.000000
0.027026 0.157148 0.452870 123.000000 119.000000 125.000000
0.034749 0.158720 0.457470 123.000000 118.000000 122.000000
0.042533 0.159966 0.461150 117.000000 113.000000 112.000000
0.058703 0.163163 0.470580 114.000000 107.000000 107.000000
0.067123 0.165034 0.476100 106.000000 99.000000 101.000000
0.075753 0.166981 0.481850 95.000000 92.000000 86.000000
0.083686 0.167172 0.482540 96.000000 85.000000 84.000000
0.090655 0.152501 0.440450 13.000000 11.000000 10.000000
0.097527 0.152060 0.439300 8.000000 13.000000 12.000000
0.104359 0.151621 0.438150 15.000000 17.000000 18.000000
0.111736 0.151981 0.439300 22.000000 22.000000 22.000000
0.118838 0.151947 0.439300 113.000000 106.000000 97.000000
0.150865 0.181986 0.526240 116.000000 109.000000 97.000000
0.161258 0.184110 0.532450 120.000000 110.000000 102.000000
0.171418 0.185766 0.537280 117.000000 110.000000 108.000000
0.182593 0.188311 0.544640 114.000000 109.000000 99.000000
0.192807 0.189678 0.548550 115.000000 109.000000 107.000000
0.201645 0.189631 0.548320 117.000000 114.000000 108.000000
0.207496 0.186900 0.540270 126.000000 114.000000 116.000000
0.166789 0.144153 0.416530 40.000000 37.000000 42.000000
0.213327 0.177203 0.511750 19.000000 14.000000 18.000000
0.253377 0.202593 0.584660 112.000000 104.000000 98.000000
0.263920 0.203411 0.586500 111.000000 111.000000 107.000000
0.251379 0.180714 0.519800 23.000000 18.000000 20.000000
-0.162531 0.123629 0.339250 169.000000 174.000000 184.000000
-0.153639 0.125397 0.345000 162.000000 165.000000 175.000000
-0.148870 0.126109 0.347300 170.000000 170.000000 179.000000
-0.125357 0.131037 0.361790 160.000000 163.000000 173.000000
-0.120381 0.132016 0.364550 159.000000 160.000000 171.000000
-0.115181 0.132839 0.366850 161.000000 159.000000 167.000000
-0.100025 0.136526 0.376970 156.000000 156.000000 169.000000
-0.094493 0.137379 0.379270 156.000000 153.000000 161.000000
-0.089208 0.138737 0.382950 155.000000 154.000000 159.000000
-0.083703 0.139932 0.386170 152.000000 153.000000 164.000000
-0.078000 0.140962 0.388930 151.000000 150.000000 157.000000
-0.066781 0.144029 0.397210 144.000000 150.000000 157.000000
-0.054886 0.146763 0.404570 143.000000 144.000000 148.000000
-0.048753 0.148128 0.408250 143.000000 142.000000 151.000000
-0.042473 0.149408 0.411700 140.000000 144.000000 149.000000
-0.036097 0.150768 0.415380 140.000000 139.000000 144.000000
-0.022953 0.153310 0.422280 130.000000 137.000000 139.000000
-0.016235 0.154826 0.426420 140.000000 139.000000 144.000000
-0.009391 0.156504 0.431020 137.000000 132.000000 134.000000
-0.002398 0.158261 0.435850 132.000000 128.000000 138.000000
0.011992 0.160839 0.442980 128.000000 126.000000 127.000000
0.019404 0.162496 0.447580 123.000000 123.000000 125.000000
0.026937 0.163981 0.451720 127.000000 118.000000 119.000000
0.034653 0.165711 0.456550 121.000000 113.000000 120.000000
0.042396 0.166935 0.460000 117.000000 113.000000 110.000000
0.055382 0.142556 0.393070 30.000000 28.000000 26.000000
0.061614 0.142188 0.392150 19.000000 23.000000 24.000000
0.090140 0.158749 0.438150 12.000000 12.000000 12.000000
0.096977 0.158295 0.437000 9.000000 9.000000 9.000000
0.104049 0.158261 0.437000 13.000000 11.000000 10.000000
0.111411 0.158647 0.438150 21.000000 16.000000 17.000000
0.118812 0.159039 0.439300 45.000000 40.000000 42.000000
0.150974 0.190659 0.526700 116.000000 106.000000 98.000000
0.161246 0.192728 0.532450 117.000000 104.000000 99.000000
0.171345 0.194394 0.537050 116.000000 108.000000 99.000000
0.181528 0.195991 0.541420 110.000000 104.000000 97.000000
0.191142 0.196856 0.543720 115.000000 105.000000 97.000000
0.077921 0.076714 0.211830 110.000000 106.000000 103.000000
0.197056 0.185817 0.512900 34.000000 31.000000 37.000000
0.176173 0.159400 0.439760 103.000000 98.000000 86.000000
0.241079 0.209643 0.577990 122.000000 107.000000 98.000000
0.253354 0.212070 0.584200 121.000000 110.000000 109.000000
0.265588 0.214291 0.589720 124.000000 114.000000 110.000000
0.055337 0.043095 0.118450 124.000000 115.000000 112.000000
0.151998 0.114390 0.313950 126.000000 118.000000 114.000000
