246.000000 5.000000 -0.125532 -0.374618
333.000000 12.000000 0.015631 -0.363820
36.000000 36.000000 -0.466778 -0.324519
305.000000 51.000000 -0.029946 -0.301762
223.000000 57.000000 -0.163363 -0.291498
261.000000 69.000000 -0.101758 -0.272735
331.000000 72.000000 0.012472 -0.268213
330.000000 83.000000 0.010853 -0.250576
374.000000 95.000000 0.082839 -0.231079
413.000000 163.000000 0.147142 -0.120553
415.000000 163.000000 0.150405 -0.120536
431.000000 380.000000 0.175881 0.233812
438.000000 393.000000 0.187075 0.254703
447.000000 415.000000 0.201373 0.290014
442.000000 416.000000 0.193263 0.291686
465.000000 416.000000 0.230476 0.291393
447.000000 417.000000 0.201348 0.293231
449.000000 417.000000 0.204586 0.293206
460.000000 417.000000 0.222381 0.293065
443.000000 420.000000 0.194833 0.298106
447.000000 423.000000 0.201273 0.302880
441.000000 425.000000 0.191532 0.306168
435.000000 428.000000 0.181774 0.311061
602.000000 443.000000 0.453094 0.335339
608.000000 444.000000 0.463141 0.337193
427.000000 453.000000 0.168535 0.351287
408.000000 455.000000 0.137694 0.354673
428.000000 455.000000 0.170137 0.354488
450.000000 472.000000 0.205636 0.381628
139.000000 473.000000 -0.299383 0.383199
407.000000 473.000000 0.135926 0.383551
433.000000 473.000000 0.178087 0.383359
142.000000 476.000000 -0.294517 0.388066
393.000000 476.000000 0.113182 0.388458
428.000000 476.000000 0.169962 0.388218
