0.228641 -0.218213 0.596620 177.000000 171.000000 175.000000
0.315341 -0.239988 0.652970 177.000000 171.000000 168.000000
0.268481 -0.217328 0.621000 178.000000 171.000000 173.000000
0.281977 -0.219986 0.628130 175.000000 169.000000 178.000000
0.311918 -0.226903 0.646530 181.000000 170.000000 181.000000
-0.080964 -0.135174 0.404340 62.000000 66.000000 71.000000
0.168819 -0.186305 0.558670 181.000000 178.000000 179.000000
0.241663 -0.201745 0.605130 181.000000 172.000000 182.000000
0.252895 -0.202882 0.608350 179.000000 173.000000 173.000000
0.312207 -0.216624 0.647680 175.000000 172.000000 177.000000
0.283845 -0.200990 0.632960 175.000000 173.000000 171.000000
0.313535 -0.207011 0.650900 178.000000 170.000000 177.000000
0.147280 -0.164439 0.545100 179.000000 175.000000 174.000000
0.282090 -0.189584 0.629280 175.000000 172.000000 177.000000
0.311023 -0.194902 0.646070 178.000000 173.000000 175.000000
0.294825 -0.180961 0.634570 179.000000 169.000000 170.000000
0.226107 -0.158650 0.590180 180.000000 175.000000 179.000000
0.167747 -0.094604 0.374440 180.000000 174.000000 183.000000
0.309431 -0.162709 0.643540 181.000000 173.000000 176.000000
-0.137806 -0.086257 0.364320 97.000000 106.000000 117.000000
0.309796 -0.152490 0.644460 179.000000 173.000000 180.000000
-0.161624 -0.077586 0.351900 196.000000 203.000000 217.000000
0.277760 -0.136627 0.620080 175.000000 174.000000 179.000000
0.277864 -0.126664 0.620310 172.000000 173.000000 179.000000
-0.002479 -0.078521 0.449420 97.000000 112.000000 120.000000
0.189721 -0.097556 0.565340 174.000000 181.000000 183.000000
-0.104877 -0.032164 0.206310 197.000000 201.000000 206.000000
0.157117 -0.085671 0.546250 175.000000 179.000000 182.000000
0.305110 -0.098906 0.635030 173.000000 172.000000 179.000000
-0.103115 -0.054503 0.386860 186.000000 193.000000 202.000000
-0.069228 -0.044837 0.317400 188.000000 191.000000 199.000000
-0.030657 -0.061109 0.430100 182.000000 194.000000 206.000000
0.276909 -0.086304 0.618010 177.000000 175.000000 178.000000
0.304667 -0.088521 0.634110 176.000000 175.000000 182.000000
-0.097547 -0.042244 0.389160 188.000000 191.000000 201.000000
0.250227 -0.064648 0.601450 177.000000 176.000000 181.000000
0.276554 -0.066254 0.617090 171.000000 172.000000 178.000000
-0.050508 -0.038901 0.418600 179.000000 186.000000 195.000000
0.028199 -0.043484 0.467130 176.000000 184.000000 191.000000
0.290589 -0.057061 0.625830 170.000000 174.000000 182.000000
0.305359 -0.057923 0.635490 170.000000 174.000000 179.000000
-0.135760 -0.020707 0.276000 195.000000 196.000000 205.000000
0.276200 -0.046254 0.616170 170.000000 174.000000 177.000000
0.303495 -0.047365 0.631580 175.000000 171.000000 179.000000
-0.050688 -0.025258 0.419750 184.000000 187.000000 195.000000
0.263453 -0.035933 0.609500 175.000000 172.000000 177.000000
0.304839 -0.037324 0.634340 170.000000 172.000000 173.000000
-0.074970 -0.017563 0.402730 187.000000 190.000000 198.000000
-0.037421 -0.018647 0.425500 180.000000 186.000000 193.000000
0.044422 -0.020848 0.475870 178.000000 184.000000 191.000000
0.303088 -0.026918 0.630660 178.000000 170.000000 177.000000
-0.113247 -0.010204 0.378350 192.000000 192.000000 201.000000
-0.030689 -0.011761 0.429180 181.000000 182.000000 193.000000
0.052561 -0.005230 0.478630 172.000000 180.000000 184.000000
0.078921 -0.005404 0.496570 178.000000 179.000000 185.000000
0.210915 -0.006046 0.572470 169.000000 174.000000 172.000000
0.286955 -0.006417 0.617780 170.000000 169.000000 176.000000
0.300691 -0.006481 0.625600 171.000000 171.000000 173.000000
0.096650 0.002793 0.504620 171.000000 175.000000 181.000000
0.166397 0.003060 0.546480 169.000000 173.000000 178.000000
0.199434 0.003191 0.565800 171.000000 170.000000 177.000000
0.261850 0.003472 0.605590 171.000000 172.000000 176.000000
0.287613 0.003579 0.619160 174.000000 171.000000 176.000000
0.301372 0.003641 0.626980 171.000000 172.000000 178.000000
-0.023787 0.009493 0.432170 178.000000 182.000000 190.000000
0.061054 0.010613 0.483690 170.000000 175.000000 185.000000
0.069925 0.010757 0.490360 172.000000 178.000000 185.000000
0.165699 0.011904 0.544180 170.000000 174.000000 182.000000
0.248621 0.013076 0.597080 164.000000 170.000000 177.000000
0.261364 0.013245 0.604440 169.000000 173.000000 176.000000
0.288376 0.013626 0.620770 169.000000 168.000000 173.000000
0.301831 0.013798 0.627900 171.000000 170.000000 175.000000
-0.142246 0.013708 0.359720 191.000000 195.000000 200.000000
-0.056624 0.015830 0.412620 179.000000 185.000000 190.000000
-0.050416 0.016013 0.417220 180.000000 188.000000 196.000000
0.177064 0.021068 0.552460 169.000000 172.000000 180.000000
0.209831 0.021696 0.569480 166.000000 172.000000 177.000000
0.222817 0.022077 0.579600 170.000000 171.000000 175.000000
0.235854 0.022435 0.589030 169.000000 168.000000 173.000000
0.247285 0.022620 0.593860 168.000000 172.000000 175.000000
0.259978 0.022904 0.601220 167.000000 170.000000 176.000000
0.272929 0.023191 0.608580 167.000000 168.000000 175.000000
0.287748 0.023613 0.619390 166.000000 167.000000 174.000000
0.301516 0.023926 0.627210 168.000000 171.000000 170.000000
0.027877 0.025304 0.461150 174.000000 182.000000 191.000000
0.144944 0.029002 0.532220 168.000000 171.000000 181.000000
0.178010 0.030213 0.555450 165.000000 173.000000 177.000000
0.222281 0.031397 0.578220 168.000000 170.000000 172.000000
0.260678 0.032720 0.602830 167.000000 169.000000 173.000000
0.300870 0.033996 0.625830 167.000000 169.000000 171.000000
-0.050007 0.029487 0.414000 178.000000 185.000000 194.000000
0.114575 0.036303 0.511750 169.000000 172.000000 180.000000
0.155002 0.038024 0.537510 164.000000 172.000000 178.000000
0.166148 0.038584 0.545790 168.000000 171.000000 179.000000
0.198923 0.039830 0.564420 167.000000 170.000000 176.000000
0.223153 0.040930 0.580520 166.000000 169.000000 175.000000
0.234921 0.041355 0.586730 166.000000 170.000000 173.000000
0.289374 0.043895 0.622840 169.000000 166.000000 172.000000
0.302436 0.044347 0.629050 161.000000 163.000000 167.000000
0.123925 0.045028 0.516350 170.000000 170.000000 179.000000
0.165490 0.047279 0.543720 171.000000 172.000000 180.000000
0.187550 0.048417 0.557520 166.000000 170.000000 173.000000
0.210635 0.049601 0.571780 169.000000 167.000000 179.000000
0.233158 0.050479 0.582360 168.000000 166.000000 174.000000
0.272841 0.052709 0.608350 168.000000 166.000000 176.000000
0.287781 0.053673 0.619390 166.000000 168.000000 170.000000
0.302012 0.054445 0.628130 167.000000 169.000000 173.000000
-0.168572 0.035260 0.342470 194.000000 193.000000 200.000000
-0.163978 0.035458 0.344540 193.000000 194.000000 200.000000
0.041310 0.030142 0.290030 170.000000 174.000000 182.000000
0.124330 0.053637 0.518190 167.000000 170.000000 178.000000
0.165104 0.055997 0.542570 170.000000 170.000000 179.000000
0.186976 0.057299 0.555910 166.000000 169.000000 175.000000
0.209761 0.058632 0.569480 166.000000 167.000000 174.000000
0.232772 0.059814 0.581440 168.000000 167.000000 172.000000
0.258282 0.061420 0.597310 162.000000 167.000000 165.000000
0.271709 0.062293 0.605820 166.000000 166.000000 168.000000
0.285014 0.063080 0.613410 169.000000 166.000000 170.000000
0.299821 0.064138 0.623530 164.000000 165.000000 171.000000
-0.030365 0.051255 0.425270 175.000000 183.000000 194.000000
0.051945 0.057047 0.473800 169.000000 177.000000 184.000000
0.086734 0.059544 0.495650 166.000000 172.000000 181.000000
0.133826 0.062582 0.522790 167.000000 170.000000 176.000000
0.153833 0.063811 0.533830 167.000000 168.000000 177.000000
0.209137 0.067668 0.567870 167.000000 168.000000 175.000000
0.221407 0.068623 0.576150 168.000000 167.000000 172.000000
0.233028 0.069310 0.582130 161.000000 166.000000 173.000000
0.246000 0.070331 0.590870 168.000000 166.000000 176.000000
0.258673 0.071196 0.598230 166.000000 168.000000 172.000000
0.286522 0.073391 0.616630 166.000000 163.000000 164.000000
0.300730 0.074451 0.625370 166.000000 166.000000 168.000000
-0.117329 0.050520 0.372370 188.000000 189.000000 198.000000
-0.112104 0.050897 0.374900 187.000000 186.000000 195.000000
0.012320 0.061549 0.449420 172.000000 177.000000 189.000000
0.114114 0.069495 0.510370 167.000000 168.000000 177.000000
0.153719 0.072449 0.533600 167.000000 168.000000 175.000000
0.175631 0.074378 0.548550 168.000000 172.000000 177.000000
0.186277 0.075079 0.554070 167.000000 168.000000 175.000000
0.197661 0.076001 0.561200 164.000000 163.000000 172.000000
0.245792 0.079832 0.590410 161.000000 165.000000 170.000000
0.271817 0.081933 0.606050 163.000000 164.000000 168.000000
0.286430 0.083342 0.616400 164.000000 166.000000 167.000000
0.300095 0.084392 0.623990 164.000000 164.000000 164.000000
-0.154972 0.052916 0.349370 187.000000 188.000000 195.000000
-0.023481 0.065564 0.427800 168.000000 176.000000 187.000000
0.059988 0.072913 0.476560 167.000000 173.000000 182.000000
0.104844 0.077149 0.505770 168.000000 169.000000 178.000000
0.176244 0.083583 0.550620 164.000000 165.000000 169.000000
0.186384 0.084126 0.554530 171.000000 165.000000 172.000000
0.197132 0.084881 0.559820 162.000000 165.000000 175.000000
0.220462 0.086929 0.573850 162.000000 166.000000 171.000000
0.232335 0.087909 0.580520 163.000000 164.000000 170.000000
0.258162 0.090384 0.597080 163.000000 163.000000 163.000000
0.270688 0.091360 0.603520 168.000000 163.000000 169.000000
0.285487 0.093010 0.614330 160.000000 162.000000 166.000000
0.299134 0.094188 0.621920 163.000000 164.000000 170.000000
-0.061951 0.068442 0.404570 179.000000 185.000000 192.000000
0.068486 0.081530 0.481850 168.000000 171.000000 181.000000
0.113749 0.085892 0.509220 166.000000 169.000000 175.000000
0.153541 0.089719 0.533370 165.000000 164.000000 173.000000
0.164207 0.090820 0.540270 166.000000 162.000000 170.000000
0.219721 0.095906 0.572010 164.000000 163.000000 172.000000
0.231481 0.096956 0.578450 167.000000 165.000000 163.000000
0.257760 0.099894 0.596160 160.000000 162.000000 166.000000
0.271212 0.101324 0.604670 159.000000 159.000000 164.000000
0.284549 0.102614 0.612260 165.000000 161.000000 169.000000
-0.101141 0.070067 0.379500 182.000000 185.000000 195.000000
-0.009575 0.081069 0.436080 171.000000 177.000000 191.000000
0.059852 0.088340 0.476100 167.000000 172.000000 184.000000
0.103587 0.092555 0.500250 169.000000 174.000000 184.000000
0.113483 0.093983 0.508300 169.000000 167.000000 177.000000
0.163938 0.099440 0.539580 164.000000 165.000000 171.000000
0.185817 0.101824 0.553150 166.000000 165.000000 173.000000
0.197119 0.103043 0.560050 163.000000 167.000000 173.000000
0.219158 0.104906 0.570630 166.000000 166.000000 170.000000
0.244693 0.108029 0.587880 159.000000 158.000000 166.000000
0.271638 0.111286 0.605590 159.000000 160.000000 171.000000
0.284472 0.112495 0.612030 161.000000 159.000000 167.000000
0.298118 0.113935 0.619620 158.000000 160.000000 161.000000
0.076935 0.098012 0.486220 166.000000 168.000000 181.000000
0.174676 0.109445 0.546250 161.000000 163.000000 169.000000
0.208433 0.113343 0.566490 157.000000 162.000000 172.000000
0.244300 0.117360 0.586960 163.000000 162.000000 169.000000
0.256967 0.118830 0.594320 161.000000 161.000000 161.000000
0.270626 0.120639 0.603290 160.000000 161.000000 168.000000
0.282907 0.121730 0.608580 162.000000 160.000000 161.000000
0.296961 0.123488 0.617090 161.000000 159.000000 167.000000
-0.135966 0.077612 0.358800 189.000000 190.000000 199.000000
0.043244 0.101607 0.465750 169.000000 172.000000 182.000000
0.085629 0.106881 0.491050 164.000000 169.000000 179.000000
0.094740 0.108122 0.497030 166.000000 166.000000 178.000000
0.132118 0.112304 0.517500 163.000000 164.000000 170.000000
0.163464 0.116642 0.538430 166.000000 162.000000 170.000000
0.208393 0.122503 0.566490 163.000000 160.000000 168.000000
0.220773 0.124309 0.575000 160.000000 163.000000 169.000000
0.231876 0.125281 0.579600 161.000000 158.000000 164.000000
0.244295 0.126862 0.586960 165.000000 159.000000 166.000000
0.269932 0.130073 0.601680 161.000000 159.000000 159.000000
0.282742 0.131509 0.608120 158.000000 160.000000 164.000000
0.295706 0.132920 0.614330 164.000000 156.000000 166.000000
0.068615 0.092071 0.393760 128.000000 121.000000 135.000000
0.075838 0.093043 0.398130 164.000000 164.000000 177.000000
0.132401 0.120985 0.518880 161.000000 163.000000 178.000000
0.142200 0.122150 0.524170 161.000000 160.000000 165.000000
0.194954 0.128867 0.554300 159.000000 160.000000 169.000000
0.205903 0.130111 0.559820 164.000000 156.000000 164.000000
0.218274 0.132113 0.568560 162.000000 161.000000 166.000000
0.244200 0.136314 0.586730 156.000000 160.000000 168.000000
0.255902 0.137504 0.591790 157.000000 158.000000 164.000000
0.269971 0.139836 0.601680 161.000000 157.000000 168.000000
0.284408 0.142192 0.611570 163.000000 157.000000 161.000000
-0.036470 0.104588 0.417450 176.000000 179.000000 189.000000
0.019678 0.113059 0.451030 164.000000 169.000000 181.000000
0.051153 0.117489 0.469200 167.000000 167.000000 181.000000
0.084947 0.121941 0.487830 157.000000 164.000000 175.000000
0.095182 0.124925 0.500020 163.000000 166.000000 177.000000
0.103521 0.125146 0.501170 160.000000 161.000000 170.000000
0.112705 0.126284 0.506000 155.000000 154.000000 159.000000
0.162292 0.133173 0.534980 157.000000 161.000000 169.000000
0.183753 0.136210 0.547630 156.000000 157.000000 163.000000
0.194912 0.137824 0.554300 163.000000 164.000000 170.000000
0.217989 0.141139 0.567870 159.000000 160.000000 167.000000
0.230752 0.143359 0.576840 159.000000 158.000000 166.000000
0.269506 0.149325 0.600530 154.000000 158.000000 163.000000
0.283523 0.151627 0.609500 157.000000 158.000000 162.000000
0.298115 0.154075 0.618930 162.000000 157.000000 156.000000
-0.167323 0.090047 0.339020 189.000000 190.000000 201.000000
-0.078673 0.103982 0.391000 180.000000 176.000000 186.000000
0.059477 0.126540 0.474950 163.000000 166.000000 179.000000
0.083806 0.128152 0.481620 156.000000 161.000000 171.000000
0.070704 0.098851 0.371680 93.000000 96.000000 109.000000
0.103217 0.132919 0.500020 159.000000 165.000000 170.000000
0.112740 0.134563 0.506460 147.000000 150.000000 158.000000
0.141816 0.138819 0.523250 154.000000 155.000000 164.000000
0.151635 0.140036 0.528080 158.000000 158.000000 162.000000
0.172611 0.143213 0.540500 158.000000 160.000000 164.000000
0.195603 0.147330 0.556370 155.000000 161.000000 166.000000
0.206521 0.148702 0.561660 162.000000 156.000000 162.000000
0.230018 0.152217 0.575000 159.000000 153.000000 164.000000
0.243178 0.154670 0.584200 155.000000 160.000000 160.000000
0.256669 0.157144 0.593400 161.000000 153.000000 158.000000
0.269056 0.158789 0.599380 165.000000 155.000000 160.000000
0.282868 0.161134 0.607890 162.000000 156.000000 164.000000
0.298907 0.164548 0.620310 165.000000 159.000000 168.000000
-0.067102 0.112321 0.397900 173.000000 179.000000 188.000000
0.027218 0.128545 0.454480 163.000000 167.000000 175.000000
0.082587 0.134024 0.474950 154.000000 158.000000 170.000000
0.092286 0.126121 0.447350 146.000000 148.000000 161.000000
0.113287 0.143498 0.509220 135.000000 139.000000 145.000000
0.131729 0.145568 0.517040 152.000000 154.000000 156.000000
0.151905 0.148875 0.529230 159.000000 158.000000 166.000000
0.161759 0.150048 0.533600 159.000000 160.000000 169.000000
0.195007 0.155871 0.554760 159.000000 158.000000 168.000000
0.206334 0.157661 0.561200 161.000000 158.000000 164.000000
0.229940 0.161477 0.574770 165.000000 157.000000 165.000000
0.243595 0.164415 0.585120 160.000000 156.000000 164.000000
0.256826 0.166860 0.593630 162.000000 152.000000 158.000000
0.269140 0.168556 0.599380 162.000000 154.000000 159.000000
0.282448 0.170736 0.606740 158.000000 152.000000 161.000000
0.296841 0.173406 0.615710 152.000000 155.000000 163.000000
-0.016361 0.128112 0.428490 169.000000 172.000000 182.000000
0.019563 0.134426 0.449650 169.000000 165.000000 178.000000
0.050750 0.139391 0.466670 161.000000 162.000000 173.000000
0.067561 0.142731 0.478170 159.000000 160.000000 171.000000
0.081490 0.139878 0.468970 149.000000 152.000000 165.000000
0.098749 0.132303 0.444130 53.000000 47.000000 56.000000
0.118983 0.148547 0.498870 120.000000 106.000000 109.000000
0.161988 0.158930 0.534520 157.000000 155.000000 167.000000
0.172446 0.160596 0.540270 154.000000 155.000000 166.000000
0.183170 0.162339 0.546250 159.000000 155.000000 165.000000
0.205395 0.165996 0.558670 150.000000 153.000000 164.000000
0.218068 0.168803 0.568100 157.000000 157.000000 159.000000
0.255507 0.175575 0.590410 160.000000 156.000000 164.000000
0.268521 0.177865 0.597770 157.000000 152.000000 156.000000
0.281836 0.180189 0.605130 155.000000 154.000000 161.000000
0.295244 0.182416 0.612030 158.000000 150.000000 158.000000
-0.110647 0.116491 0.371450 179.000000 177.000000 189.000000
-0.061076 0.126241 0.401350 178.000000 179.000000 187.000000
-0.016287 0.134481 0.426880 169.000000 172.000000 180.000000
-0.009439 0.136229 0.432400 168.000000 169.000000 180.000000
0.019505 0.141352 0.448730 163.000000 163.000000 176.000000
0.034842 0.144202 0.457930 161.000000 158.000000 173.000000
0.081474 0.147485 0.469200 139.000000 151.000000 165.000000
0.084712 0.140203 0.446200 39.000000 32.000000 48.000000
0.105545 0.138962 0.442750 41.000000 41.000000 41.000000
0.131432 0.162004 0.516350 136.000000 125.000000 124.000000
0.150875 0.164930 0.526010 140.000000 133.000000 133.000000
0.161248 0.166834 0.532220 152.000000 149.000000 154.000000
0.172117 0.169034 0.539350 157.000000 152.000000 156.000000
0.183069 0.171099 0.546020 152.000000 153.000000 160.000000
0.217560 0.177594 0.566720 156.000000 155.000000 160.000000
0.228813 0.179220 0.571780 155.000000 152.000000 158.000000
0.241220 0.181591 0.579140 156.000000 152.000000 163.000000
0.253910 0.183991 0.586500 152.000000 152.000000 157.000000
0.268133 0.187290 0.596620 159.000000 153.000000 164.000000
0.280501 0.189111 0.601910 157.000000 152.000000 156.000000
0.294342 0.191771 0.609730 160.000000 150.000000 154.000000
-0.149177 0.115059 0.348450 187.000000 185.000000 197.000000
-0.105264 0.123271 0.373750 179.000000 180.000000 186.000000
-0.055078 0.134091 0.405490 172.000000 177.000000 187.000000
0.034812 0.151543 0.457930 159.000000 162.000000 170.000000
0.042672 0.152958 0.462300 156.000000 156.000000 167.000000
0.058975 0.156227 0.472420 154.000000 157.000000 167.000000
0.075621 0.158870 0.480700 140.000000 148.000000 159.000000
0.083098 0.158210 0.478860 143.000000 148.000000 160.000000
0.104894 0.145251 0.440220 25.000000 27.000000 31.000000
0.127517 0.165312 0.501170 72.000000 65.000000 66.000000
0.140655 0.171409 0.519800 134.000000 123.000000 118.000000
0.150437 0.172960 0.524630 135.000000 124.000000 121.000000
0.160934 0.175124 0.531300 146.000000 137.000000 138.000000
0.171578 0.177222 0.537740 155.000000 147.000000 154.000000
0.182747 0.179634 0.545100 156.000000 149.000000 163.000000
0.204402 0.183213 0.555910 148.000000 147.000000 154.000000
0.215214 0.184765 0.560510 156.000000 148.000000 157.000000
0.223257 0.183913 0.557750 155.000000 151.000000 162.000000
0.135029 0.106907 0.324070 153.000000 150.000000 153.000000
0.222051 0.169225 0.512670 46.000000 43.000000 44.000000
0.048803 0.034603 0.104650 41.000000 39.000000 38.000000
0.299142 0.204973 0.619160 146.000000 136.000000 144.000000
-0.125098 0.124912 0.361100 185.000000 183.000000 197.000000
-0.089237 0.132569 0.382950 178.000000 176.000000 188.000000
-0.054824 0.140036 0.403880 173.000000 172.000000 182.000000
-0.048783 0.141584 0.408250 170.000000 170.000000 183.000000
-0.002397 0.151205 0.435620 166.000000 167.000000 176.000000
0.042596 0.160206 0.461840 157.000000 157.000000 168.000000
0.058703 0.163163 0.470580 152.000000 152.000000 166.000000
0.067285 0.165433 0.477250 146.000000 147.000000 154.000000
0.075608 0.166662 0.480930 145.000000 145.000000 161.000000
0.104359 0.151621 0.438150 23.000000 25.000000 26.000000
0.111736 0.151981 0.439300 29.000000 31.000000 30.000000
0.150667 0.181747 0.525550 135.000000 123.000000 116.000000
0.160910 0.183712 0.531300 136.000000 125.000000 122.000000
0.182284 0.187993 0.543720 152.000000 146.000000 155.000000
0.193130 0.189996 0.549470 156.000000 149.000000 151.000000
0.201222 0.189234 0.547170 153.000000 145.000000 152.000000
0.206436 0.185946 0.537510 153.000000 147.000000 156.000000
0.207496 0.179335 0.518190 50.000000 52.000000 70.000000
0.213327 0.177203 0.511750 29.000000 24.000000 28.000000
0.253178 0.202434 0.584200 148.000000 134.000000 137.000000
0.262367 0.202215 0.583050 134.000000 128.000000 132.000000
0.251935 0.181113 0.520950 31.000000 27.000000 37.000000
-0.153639 0.125397 0.345000 186.000000 180.000000 191.000000
-0.144060 0.126843 0.349600 183.000000 185.000000 191.000000
-0.120077 0.131683 0.363630 184.000000 180.000000 191.000000
-0.109982 0.133755 0.369380 176.000000 180.000000 183.000000
-0.104966 0.135012 0.372830 177.000000 176.000000 183.000000
-0.099781 0.136193 0.376050 180.000000 179.000000 188.000000
-0.083603 0.139765 0.385710 175.000000 177.000000 183.000000
-0.072459 0.142495 0.393070 169.000000 172.000000 184.000000
-0.048753 0.148128 0.408250 172.000000 173.000000 182.000000
-0.042473 0.149408 0.411700 172.000000 170.000000 182.000000
-0.036077 0.150684 0.415150 166.000000 166.000000 178.000000
-0.022940 0.153227 0.422050 167.000000 168.000000 177.000000
-0.009391 0.156504 0.431020 163.000000 167.000000 175.000000
-0.002398 0.158261 0.435850 165.000000 165.000000 177.000000
0.011986 0.160756 0.442750 163.000000 166.000000 177.000000
0.026950 0.164065 0.451950 162.000000 160.000000 172.000000
0.034670 0.165795 0.456780 156.000000 156.000000 165.000000
0.042480 0.167269 0.460920 149.000000 153.000000 161.000000
0.079972 0.167249 0.461380 129.000000 134.000000 146.000000
0.090661 0.159666 0.440680 23.000000 20.000000 21.000000
0.097488 0.159128 0.439300 21.000000 21.000000 23.000000
0.104322 0.158678 0.438150 23.000000 23.000000 25.000000
0.118501 0.158623 0.438150 59.000000 49.000000 54.000000
0.151304 0.191075 0.527850 130.000000 120.000000 114.000000
0.161246 0.192728 0.532450 127.000000 119.000000 115.000000
0.170978 0.193978 0.535900 133.000000 126.000000 126.000000
0.181528 0.195991 0.541420 142.000000 139.000000 145.000000
0.191142 0.196856 0.543720 144.000000 145.000000 154.000000
0.038411 0.037816 0.104420 154.000000 145.000000 155.000000
0.132498 0.119884 0.330740 126.000000 129.000000 126.000000
0.241847 0.210310 0.579830 139.000000 131.000000 127.000000
0.254052 0.212654 0.585810 143.000000 138.000000 138.000000
0.265588 0.214291 0.589720 150.000000 149.000000 156.000000
0.165690 0.129034 0.354660 156.000000 149.000000 151.000000
