263.000000 7.000000 -0.097995 -0.371564
327.000000 7.000000 0.005880 -0.371767
332.000000 11.000000 0.014005 -0.365410
334.000000 15.000000 0.017261 -0.359054
345.000000 24.000000 0.035161 -0.344725
321.000000 28.000000 -0.003862 -0.338408
320.000000 31.000000 -0.005489 -0.333637
305.000000 51.000000 -0.029946 -0.301762
222.000000 58.000000 -0.164997 -0.289887
328.000000 65.000000 0.007564 -0.279419
261.000000 69.000000 -0.101758 -0.272735
325.000000 71.000000 0.002669 -0.269820
331.000000 72.000000 0.012472 -0.268213
259.000000 81.000000 -0.105128 -0.253485
341.000000 85.000000 0.028846 -0.247340
359.000000 90.000000 0.058296 -0.239225
378.000000 94.000000 0.089362 -0.232656
374.000000 95.000000 0.082839 -0.231079
330.000000 160.000000 0.010940 -0.125867
418.000000 160.000000 0.155270 -0.125396
424.000000 162.000000 0.165064 -0.122082
415.000000 163.000000 0.150405 -0.120536
434.000000 172.000000 0.181429 -0.105696
418.000000 174.000000 0.155391 -0.102571
420.000000 174.000000 0.158652 -0.102555
432.000000 380.000000 0.177505 0.233800
437.000000 394.000000 0.185441 0.256328
442.000000 398.000000 0.193495 0.262710
439.000000 400.000000 0.188606 0.265972
451.000000 407.000000 0.207952 0.277088
438.000000 412.000000 0.186832 0.285302
450.000000 414.000000 0.206242 0.288367
465.000000 416.000000 0.230476 0.291393
467.000000 416.000000 0.233708 0.291367
447.000000 417.000000 0.201348 0.293231
449.000000 417.000000 0.204586 0.293206
461.000000 417.000000 0.223998 0.293053
443.000000 419.000000 0.194845 0.296498
452.000000 421.000000 0.209390 0.299601
447.000000 423.000000 0.201273 0.302880
441.000000 425.000000 0.191532 0.306168
435.000000 427.000000 0.181786 0.309454
602.000000 443.000000 0.453094 0.335339
484.000000 448.000000 0.260832 0.342705
486.000000 450.000000 0.264050 0.345914
421.000000 452.000000 0.158816 0.349741
427.000000 453.000000 0.168535 0.351287
408.000000 455.000000 0.137694 0.354673
429.000000 456.000000 0.171749 0.356084
144.000000 472.000000 -0.291259 0.381564
138.000000 473.000000 -0.301008 0.383202
407.000000 473.000000 0.135926 0.383551
450.000000 473.000000 0.205629 0.383238
537.000000 475.000000 0.346803 0.386514
392.000000 476.000000 0.111558 0.388465
394.000000 476.000000 0.114805 0.388452
411.000000 476.000000 0.142394 0.388338
429.000000 476.000000 0.171583 0.388211
