-0.157851 -0.130330 0.355350 117.000000 124.000000 140.000000
-0.128376 -0.135854 0.371450 156.000000 157.000000 163.000000
-0.043950 -0.149780 0.426880 96.000000 97.000000 104.000000
-0.152372 -0.119069 0.356730 97.000000 93.000000 102.000000
-0.118157 -0.125817 0.377200 145.000000 151.000000 160.000000
0.135041 -0.149029 0.446890 170.000000 174.000000 179.000000
0.312207 -0.216624 0.647680 181.000000 167.000000 169.000000
-0.176125 -0.110020 0.345000 58.000000 67.000000 66.000000
-0.143285 -0.115323 0.363400 100.000000 110.000000 122.000000
-0.118115 -0.119687 0.376970 106.000000 109.000000 120.000000
-0.069091 -0.131022 0.411240 69.000000 68.000000 71.000000
0.280957 -0.198945 0.626520 175.000000 170.000000 174.000000
0.295507 -0.201932 0.635490 178.000000 166.000000 168.000000
0.310212 -0.204817 0.644000 178.000000 167.000000 173.000000
-0.175978 -0.104335 0.345000 62.000000 69.000000 85.000000
-0.143275 -0.109451 0.363400 103.000000 106.000000 112.000000
-0.030720 -0.131820 0.434700 62.000000 68.000000 72.000000
0.004957 -0.139133 0.458620 79.000000 85.000000 90.000000
0.253647 -0.183782 0.610420 177.000000 170.000000 170.000000
-0.171177 -0.099224 0.347300 66.000000 66.000000 80.000000
-0.068888 -0.117360 0.409400 97.000000 94.000000 99.000000
0.117176 -0.151023 0.527850 175.000000 174.000000 177.000000
-0.142375 -0.097106 0.361100 121.000000 123.000000 139.000000
0.012534 -0.125216 0.461380 74.000000 76.000000 89.000000
0.266219 -0.165737 0.616630 172.000000 167.000000 169.000000
-0.166363 -0.088431 0.349600 67.000000 64.000000 69.000000
-0.161770 -0.089034 0.352130 49.000000 59.000000 69.000000
-0.132821 -0.092793 0.366850 123.000000 128.000000 140.000000
-0.056763 -0.106344 0.417220 121.000000 121.000000 132.000000
-0.023919 -0.111984 0.438610 120.000000 125.000000 135.000000
-0.016946 -0.113295 0.443670 124.000000 131.000000 142.000000
0.308878 -0.162419 0.642390 173.000000 170.000000 171.000000
-0.161534 -0.083224 0.351670 79.000000 85.000000 92.000000
-0.128150 -0.087749 0.370300 123.000000 128.000000 140.000000
-0.096998 -0.092445 0.388700 112.000000 115.000000 125.000000
-0.056529 -0.099151 0.415150 109.000000 115.000000 124.000000
0.020208 -0.110945 0.463680 109.000000 110.000000 119.000000
0.308912 -0.152055 0.642620 177.000000 171.000000 175.000000
-0.127797 -0.081537 0.369150 99.000000 104.000000 114.000000
-0.050226 -0.093285 0.418600 100.000000 104.000000 119.000000
0.109441 -0.095171 0.429410 175.000000 173.000000 181.000000
0.241249 -0.133144 0.603980 172.000000 172.000000 174.000000
0.308301 -0.141392 0.641470 172.000000 171.000000 178.000000
-0.086068 -0.081477 0.395600 105.000000 113.000000 124.000000
-0.080638 -0.082530 0.400430 123.000000 130.000000 141.000000
-0.050103 -0.086250 0.417220 108.000000 115.000000 124.000000
-0.009749 -0.092165 0.445050 80.000000 87.000000 98.000000
0.279101 -0.127228 0.623070 174.000000 172.000000 170.000000
-0.152070 -0.067053 0.356270 181.000000 182.000000 191.000000
-0.175287 -0.059333 0.344770 190.000000 191.000000 200.000000
-0.143343 -0.062546 0.363170 189.000000 192.000000 200.000000
-0.043720 -0.073390 0.420670 120.000000 128.000000 139.000000
0.189567 -0.097477 0.564880 176.000000 175.000000 182.000000
0.292429 -0.108292 0.629970 171.000000 170.000000 177.000000
-0.070035 -0.021479 0.137770 194.000000 194.000000 198.000000
-0.138508 -0.057118 0.365700 189.000000 187.000000 195.000000
-0.037184 -0.067173 0.424350 179.000000 186.000000 197.000000
0.157117 -0.085671 0.546250 170.000000 173.000000 184.000000
-0.174194 -0.047881 0.342700 193.000000 192.000000 199.000000
-0.030608 -0.061011 0.429410 174.000000 182.000000 191.000000
0.201501 -0.080271 0.572700 176.000000 173.000000 179.000000
0.237643 -0.083117 0.594320 170.000000 174.000000 182.000000
-0.128890 -0.034669 0.280600 187.000000 190.000000 198.000000
-0.133559 -0.045628 0.368000 185.000000 189.000000 195.000000
-0.056953 -0.052224 0.416070 175.000000 183.000000 192.000000
-0.023886 -0.054749 0.435160 171.000000 176.000000 186.000000
0.290333 -0.077214 0.625370 173.000000 173.000000 173.000000
-0.165606 -0.037388 0.348220 190.000000 187.000000 195.000000
-0.128502 -0.039961 0.370300 187.000000 188.000000 197.000000
-0.050621 -0.045869 0.419750 178.000000 182.000000 190.000000
0.250609 -0.064746 0.602370 170.000000 171.000000 177.000000
0.304683 -0.068039 0.634110 176.000000 173.000000 181.000000
-0.170147 -0.031545 0.345920 192.000000 192.000000 194.000000
-0.128218 -0.033880 0.369380 187.000000 190.000000 196.000000
-0.123675 -0.034294 0.373520 187.000000 188.000000 195.000000
-0.050508 -0.038901 0.418600 180.000000 181.000000 190.000000
0.289948 -0.056935 0.624450 172.000000 171.000000 178.000000
0.305248 -0.057902 0.635260 175.000000 172.000000 175.000000
-0.135760 -0.020707 0.276000 189.000000 191.000000 195.000000
-0.044000 -0.032315 0.421820 180.000000 181.000000 188.000000
-0.156533 -0.020815 0.353050 185.000000 189.000000 195.000000
-0.037592 -0.025759 0.427570 180.000000 182.000000 193.000000
-0.156139 -0.015066 0.352130 184.000000 188.000000 193.000000
-0.118282 -0.016201 0.375130 188.000000 189.000000 198.000000
-0.113228 -0.016361 0.378350 183.000000 184.000000 193.000000
-0.080820 -0.017394 0.399280 186.000000 187.000000 193.000000
0.044422 -0.020848 0.475870 171.000000 176.000000 186.000000
0.236887 -0.025377 0.591790 171.000000 170.000000 175.000000
0.275221 -0.026242 0.613870 171.000000 172.000000 178.000000
-0.068932 -0.011063 0.405720 182.000000 185.000000 193.000000
-0.150902 -0.003693 0.353050 186.000000 185.000000 192.000000
0.211677 -0.006068 0.574540 173.000000 169.000000 177.000000
0.135865 0.002951 0.530150 170.000000 171.000000 177.000000
0.235659 0.003350 0.588570 170.000000 170.000000 170.000000
0.261961 0.013275 0.605820 173.000000 170.000000 175.000000
0.275498 0.013472 0.614330 170.000000 169.000000 174.000000
0.290406 0.013722 0.625140 172.000000 169.000000 172.000000
-0.102323 0.014632 0.382950 178.000000 183.000000 193.000000
0.247189 0.022611 0.593630 167.000000 168.000000 175.000000
0.274064 0.023287 0.611110 172.000000 167.000000 169.000000
-0.172956 0.018511 0.340170 189.000000 185.000000 193.000000
0.176388 0.029938 0.550390 164.000000 168.000000 172.000000
0.272524 0.032986 0.607660 166.000000 168.000000 172.000000
0.302197 0.034146 0.628590 172.000000 168.000000 178.000000
-0.168315 0.024134 0.342010 190.000000 189.000000 196.000000
-0.050007 0.029487 0.414000 174.000000 177.000000 185.000000
0.140844 0.031052 0.439530 166.000000 168.000000 172.000000
0.286809 0.043506 0.617320 167.000000 163.000000 171.000000
0.245643 0.051124 0.589950 171.000000 165.000000 174.000000
0.286392 0.053413 0.616400 166.000000 168.000000 170.000000
0.301349 0.054326 0.626750 169.000000 166.000000 172.000000
-0.074412 0.041508 0.399970 179.000000 180.000000 188.000000
0.233877 0.060098 0.584200 166.000000 166.000000 170.000000
0.258581 0.061491 0.598000 166.000000 167.000000 174.000000
0.271709 0.062293 0.605820 165.000000 165.000000 169.000000
0.284907 0.063057 0.613180 163.000000 165.000000 166.000000
0.299932 0.064162 0.623760 172.000000 167.000000 171.000000
0.052071 0.057185 0.474950 166.000000 172.000000 179.000000
0.222203 0.068870 0.578220 160.000000 163.000000 169.000000
0.258673 0.071196 0.598230 164.000000 163.000000 168.000000
0.284385 0.072844 0.612030 168.000000 163.000000 169.000000
0.298740 0.073958 0.621230 166.000000 166.000000 170.000000
0.197256 0.075846 0.560050 163.000000 162.000000 169.000000
0.207916 0.076429 0.564650 162.000000 160.000000 170.000000
0.271198 0.081746 0.604670 162.000000 160.000000 170.000000
0.297109 0.083552 0.617780 167.000000 163.000000 164.000000
-0.106949 0.057508 0.378120 181.000000 182.000000 191.000000
0.143457 0.080254 0.527620 163.000000 162.000000 169.000000
0.174845 0.082920 0.546250 160.000000 162.000000 166.000000
0.185457 0.083707 0.551770 163.000000 164.000000 168.000000
0.220196 0.086824 0.573160 157.000000 161.000000 167.000000
0.232335 0.087909 0.580520 159.000000 162.000000 168.000000
0.270172 0.091185 0.602370 163.000000 160.000000 166.000000
0.298138 0.093874 0.619850 163.000000 162.000000 169.000000
0.153872 0.089912 0.534520 160.000000 163.000000 169.000000
0.184788 0.092332 0.549930 166.000000 162.000000 170.000000
0.196438 0.093634 0.557980 161.000000 160.000000 165.000000
0.219279 0.095713 0.570860 162.000000 161.000000 164.000000
0.231297 0.096879 0.577990 165.000000 165.000000 169.000000
0.257661 0.099855 0.595930 165.000000 159.000000 168.000000
0.284014 0.102421 0.611110 167.000000 162.000000 168.000000
0.298622 0.104076 0.620770 162.000000 160.000000 170.000000
-0.101203 0.070109 0.379730 178.000000 177.000000 184.000000
-0.001943 0.065422 0.351900 167.000000 172.000000 184.000000
0.027428 0.084666 0.455630 164.000000 167.000000 178.000000
0.153281 0.098230 0.532680 161.000000 159.000000 169.000000
0.163658 0.099271 0.538660 159.000000 163.000000 166.000000
0.230904 0.106061 0.577070 162.000000 159.000000 165.000000
0.244023 0.107733 0.586270 159.000000 159.000000 161.000000
0.298671 0.114146 0.620770 161.000000 161.000000 161.000000
-0.009538 0.087877 0.434700 168.000000 170.000000 183.000000
0.076935 0.098012 0.486220 157.000000 162.000000 174.000000
0.207840 0.113021 0.564880 158.000000 160.000000 161.000000
0.231066 0.115489 0.577530 161.000000 159.000000 167.000000
0.243726 0.117084 0.585580 159.000000 161.000000 163.000000
0.256967 0.118830 0.594320 161.000000 159.000000 167.000000
-0.002422 0.095886 0.439070 166.000000 172.000000 181.000000
0.035182 0.100385 0.460000 163.000000 166.000000 179.000000
0.122337 0.111074 0.511520 162.000000 160.000000 170.000000
0.152821 0.115211 0.531530 159.000000 161.000000 165.000000
0.163045 0.116343 0.537050 154.000000 157.000000 165.000000
0.174176 0.117975 0.544870 161.000000 157.000000 166.000000
0.206870 0.121607 0.562350 157.000000 158.000000 162.000000
0.219448 0.123563 0.571550 157.000000 158.000000 162.000000
0.255983 0.127961 0.592020 158.000000 158.000000 162.000000
0.282742 0.131509 0.608120 161.000000 160.000000 163.000000
0.296149 0.133119 0.615250 164.000000 156.000000 164.000000
0.068615 0.092071 0.393760 116.000000 116.000000 130.000000
0.132401 0.120985 0.518880 161.000000 159.000000 167.000000
0.142324 0.122257 0.524630 162.000000 156.000000 160.000000
0.173749 0.126510 0.543720 158.000000 158.000000 162.000000
0.196087 0.129616 0.557520 154.000000 157.000000 165.000000
0.207764 0.131287 0.564880 165.000000 155.000000 160.000000
0.219775 0.133021 0.572470 159.000000 161.000000 165.000000
0.230574 0.133913 0.576380 158.000000 158.000000 160.000000
0.243243 0.135780 0.584430 157.000000 158.000000 162.000000
0.255604 0.137344 0.591100 163.000000 157.000000 161.000000
0.269455 0.139569 0.600530 163.000000 157.000000 161.000000
0.283339 0.141657 0.609270 164.000000 156.000000 164.000000
0.004799 0.110661 0.441370 167.000000 167.000000 183.000000
0.012185 0.112094 0.447120 167.000000 163.000000 175.000000
0.085428 0.122631 0.490590 160.000000 161.000000 168.000000
0.184139 0.136496 0.548780 158.000000 157.000000 166.000000
0.195559 0.138282 0.556140 160.000000 155.000000 161.000000
0.219313 0.141997 0.571320 165.000000 154.000000 164.000000
0.230568 0.143245 0.576380 158.000000 158.000000 162.000000
0.256528 0.147449 0.593170 160.000000 155.000000 159.000000
0.269506 0.149325 0.600530 163.000000 157.000000 164.000000
0.283416 0.151570 0.609270 157.000000 156.000000 161.000000
0.297783 0.153903 0.618240 157.000000 157.000000 157.000000
-0.167096 0.089924 0.338560 187.000000 181.000000 190.000000
-0.036340 0.111013 0.416300 168.000000 169.000000 178.000000
0.142066 0.139063 0.524170 156.000000 154.000000 157.000000
0.151503 0.139914 0.527620 158.000000 154.000000 160.000000
0.161257 0.140952 0.531760 159.000000 158.000000 168.000000
0.172684 0.143274 0.540730 158.000000 153.000000 155.000000
0.183630 0.144994 0.547400 155.000000 154.000000 159.000000
0.206521 0.148702 0.561660 157.000000 156.000000 161.000000
0.230110 0.152278 0.575230 157.000000 151.000000 160.000000
0.268643 0.158546 0.598460 158.000000 155.000000 156.000000
0.283296 0.161377 0.608810 154.000000 150.000000 163.000000
0.298242 0.164182 0.618930 165.000000 155.000000 160.000000
-0.158779 0.097055 0.344770 183.000000 174.000000 184.000000
-0.080444 0.085220 0.302680 175.000000 173.000000 181.000000
-0.072752 0.111041 0.393530 174.000000 175.000000 184.000000
0.027218 0.128545 0.454480 162.000000 159.000000 174.000000
0.059257 0.133795 0.473570 157.000000 160.000000 171.000000
0.082707 0.134218 0.475640 150.000000 155.000000 167.000000
0.110319 0.139739 0.495880 135.000000 141.000000 144.000000
0.122010 0.144015 0.511290 135.000000 129.000000 126.000000
0.141877 0.147382 0.523710 148.000000 145.000000 149.000000
0.151575 0.148551 0.528080 158.000000 152.000000 161.000000
0.182895 0.153254 0.545330 155.000000 149.000000 155.000000
0.194360 0.155354 0.552920 158.000000 155.000000 158.000000
0.243116 0.164092 0.583970 155.000000 154.000000 157.000000
0.267591 0.167586 0.595930 156.000000 156.000000 158.000000
0.282019 0.170477 0.605820 157.000000 152.000000 156.000000
0.296065 0.172953 0.614100 159.000000 154.000000 160.000000
-0.115664 0.109509 0.368230 174.000000 175.000000 186.000000
-0.029669 0.125187 0.418830 167.000000 168.000000 175.000000
-0.023058 0.126446 0.422970 161.000000 164.000000 172.000000
-0.016343 0.127974 0.428030 166.000000 165.000000 175.000000
0.067431 0.142457 0.477250 153.000000 156.000000 166.000000
0.032572 0.055910 0.187450 146.000000 148.000000 161.000000
0.119367 0.149027 0.500480 106.000000 94.000000 96.000000
0.151519 0.157065 0.528080 148.000000 145.000000 151.000000
0.161988 0.158930 0.534520 154.000000 153.000000 158.000000
0.172446 0.160596 0.540270 149.000000 149.000000 162.000000
0.194338 0.164298 0.552920 157.000000 152.000000 154.000000
0.206495 0.166884 0.561660 151.000000 149.000000 161.000000
0.242686 0.173248 0.582820 156.000000 149.000000 153.000000
0.255308 0.175439 0.589950 152.000000 155.000000 161.000000
0.281087 0.179709 0.603520 157.000000 152.000000 154.000000
0.294800 0.182141 0.611110 155.000000 152.000000 160.000000
-0.158096 0.107778 0.342930 177.000000 175.000000 185.000000
-0.061076 0.126241 0.401350 172.000000 171.000000 180.000000
0.027073 0.142635 0.452870 159.000000 158.000000 170.000000
0.034807 0.144057 0.457470 157.000000 157.000000 168.000000
0.067380 0.150121 0.477250 150.000000 153.000000 166.000000
0.084799 0.140347 0.446660 33.000000 35.000000 41.000000
0.131373 0.161932 0.516120 126.000000 119.000000 110.000000
0.150545 0.164570 0.524860 140.000000 128.000000 128.000000
0.160899 0.166474 0.531070 149.000000 147.000000 150.000000
0.172117 0.169034 0.539350 148.000000 147.000000 154.000000
0.182837 0.170883 0.545330 152.000000 148.000000 156.000000
0.206075 0.175629 0.560510 153.000000 149.000000 161.000000
0.217649 0.177667 0.566950 157.000000 149.000000 157.000000
0.229641 0.179869 0.573850 150.000000 150.000000 150.000000
0.241220 0.181591 0.579140 155.000000 149.000000 157.000000
0.253910 0.183991 0.586500 156.000000 152.000000 148.000000
0.266685 0.186279 0.593400 154.000000 151.000000 159.000000
0.279965 0.188750 0.600760 157.000000 149.000000 159.000000
0.295008 0.192205 0.611110 153.000000 149.000000 159.000000
-0.060896 0.132380 0.400430 168.000000 170.000000 176.000000
-0.016266 0.141247 0.426650 164.000000 163.000000 172.000000
-0.009408 0.142779 0.431250 163.000000 161.000000 171.000000
0.034777 0.151391 0.457470 162.000000 155.000000 166.000000
0.042672 0.152958 0.462300 156.000000 154.000000 166.000000
0.075585 0.158794 0.480470 137.000000 144.000000 155.000000
0.083377 0.158742 0.480470 136.000000 143.000000 152.000000
0.127517 0.165312 0.501170 70.000000 62.000000 69.000000
0.140842 0.171637 0.520490 127.000000 116.000000 111.000000
0.150371 0.172884 0.524400 130.000000 120.000000 112.000000
0.160516 0.174670 0.529920 144.000000 135.000000 135.000000
0.171432 0.177070 0.537280 151.000000 145.000000 154.000000
0.203556 0.182455 0.553610 141.000000 145.000000 150.000000
0.214772 0.184386 0.559360 151.000000 147.000000 153.000000
0.222889 0.183609 0.556830 155.000000 149.000000 153.000000
0.090658 0.071777 0.217580 151.000000 138.000000 149.000000
0.221652 0.168921 0.511750 42.000000 37.000000 55.000000
0.048803 0.034603 0.104650 32.000000 34.000000 36.000000
0.300697 0.206039 0.622380 133.000000 137.000000 140.000000
-0.105046 0.129066 0.373060 174.000000 170.000000 180.000000
-0.009397 0.149605 0.431020 163.000000 163.000000 176.000000
-0.002390 0.150806 0.434470 161.000000 159.000000 171.000000
0.004736 0.152240 0.438610 162.000000 159.000000 167.000000
0.034749 0.158720 0.457470 154.000000 156.000000 160.000000
0.042533 0.159966 0.461150 155.000000 151.000000 164.000000
0.050432 0.161208 0.464830 147.000000 151.000000 163.000000
0.067253 0.165353 0.477020 142.000000 142.000000 151.000000
0.050140 0.100160 0.289110 136.000000 139.000000 150.000000
0.104632 0.152018 0.439300 22.000000 24.000000 25.000000
0.118527 0.151550 0.438150 126.000000 113.000000 108.000000
0.171051 0.185369 0.536130 138.000000 135.000000 136.000000
0.182593 0.188311 0.544640 145.000000 141.000000 149.000000
0.201645 0.189631 0.548320 150.000000 145.000000 147.000000
0.206966 0.186423 0.538890 150.000000 151.000000 148.000000
0.207312 0.179176 0.517730 40.000000 47.000000 61.000000
0.213327 0.177203 0.511750 30.000000 27.000000 28.000000
0.253178 0.202434 0.584200 135.000000 128.000000 130.000000
0.263299 0.202933 0.585120 139.000000 130.000000 131.000000
0.252046 0.181193 0.521180 34.000000 24.000000 30.000000
-0.144060 0.126843 0.349600 178.000000 177.000000 184.000000
-0.110256 0.134088 0.370300 174.000000 170.000000 180.000000
-0.072459 0.142495 0.393070 170.000000 163.000000 175.000000
-0.048670 0.147878 0.407560 169.000000 165.000000 178.000000
-0.042354 0.148990 0.410550 168.000000 167.000000 172.000000
-0.035997 0.150350 0.414230 157.000000 161.000000 169.000000
-0.009376 0.156253 0.430330 158.000000 159.000000 168.000000
-0.002392 0.157926 0.434930 159.000000 158.000000 170.000000
0.026937 0.163981 0.451720 155.000000 153.000000 165.000000
0.034670 0.165795 0.456780 150.000000 150.000000 161.000000
0.080291 0.167916 0.463220 123.000000 129.000000 138.000000
0.090850 0.159999 0.441600 19.000000 18.000000 23.000000
0.097488 0.159128 0.439300 21.000000 20.000000 27.000000
0.118812 0.159039 0.439300 56.000000 50.000000 58.000000
0.160897 0.192312 0.531300 126.000000 114.000000 102.000000
0.171051 0.194061 0.536130 132.000000 125.000000 125.000000
0.181297 0.195741 0.540730 145.000000 133.000000 137.000000
0.191142 0.196856 0.543720 149.000000 143.000000 150.000000
0.077583 0.076381 0.210910 146.000000 143.000000 148.000000
0.196702 0.185484 0.511980 48.000000 49.000000 62.000000
0.224455 0.203085 0.560280 116.000000 125.000000 115.000000
0.241751 0.210226 0.579600 132.000000 123.000000 124.000000
0.254052 0.212654 0.585810 144.000000 134.000000 139.000000
0.265588 0.214291 0.589720 154.000000 145.000000 157.000000
0.219630 0.171041 0.470120 149.000000 145.000000 156.000000
0.203666 0.153275 0.420670 148.000000 144.000000 155.000000
