328.000000 7.000000 0.007504 -0.371766
197.000000 38.000000 -0.205187 -0.321498
305.000000 51.000000 -0.029946 -0.301762
222.000000 57.000000 -0.164984 -0.291485
261.000000 68.000000 -0.101749 -0.274336
325.000000 71.000000 0.002669 -0.269820
331.000000 72.000000 0.012472 -0.268213
332.000000 76.000000 0.014112 -0.261802
266.000000 80.000000 -0.093707 -0.255152
259.000000 82.000000 -0.105137 -0.251880
330.000000 83.000000 0.010853 -0.250576
364.000000 94.000000 0.066493 -0.232761
378.000000 94.000000 0.089362 -0.232656
368.000000 95.000000 0.073037 -0.231124
371.000000 95.000000 0.077939 -0.231102
374.000000 95.000000 0.082839 -0.231079
418.000000 160.000000 0.155270 -0.125396
415.000000 163.000000 0.150405 -0.120536
422.000000 171.000000 0.161887 -0.107432
420.000000 174.000000 0.158652 -0.102555
432.000000 380.000000 0.177505 0.233800
438.000000 393.000000 0.187075 0.254703
439.000000 400.000000 0.188606 0.265972
451.000000 407.000000 0.207952 0.277088
450.000000 414.000000 0.206242 0.288367
447.000000 415.000000 0.201373 0.290014
465.000000 416.000000 0.230476 0.291393
447.000000 417.000000 0.201348 0.293231
443.000000 419.000000 0.194845 0.296498
454.000000 421.000000 0.212626 0.299576
447.000000 423.000000 0.201273 0.302880
441.000000 425.000000 0.191532 0.306168
436.000000 427.000000 0.183407 0.309442
601.000000 443.000000 0.451430 0.335308
608.000000 444.000000 0.463141 0.337193
412.000000 451.000000 0.144223 0.348222
421.000000 452.000000 0.158816 0.349741
425.000000 452.000000 0.165302 0.349702
409.000000 453.000000 0.139335 0.351457
428.000000 454.000000 0.170147 0.352883
408.000000 455.000000 0.137694 0.354673
429.000000 456.000000 0.171749 0.356084
139.000000 473.000000 -0.299383 0.383199
145.000000 473.000000 -0.289637 0.383185
407.000000 473.000000 0.135926 0.383551
433.000000 473.000000 0.178087 0.383359
392.000000 476.000000 0.111558 0.388465
411.000000 476.000000 0.142394 0.388338
427.000000 476.000000 0.168341 0.388225
429.000000 476.000000 0.171583 0.388211
