0.028161 -0.173755 0.473570 97.000000 97.000000 97.000000
0.204284 -0.212990 0.582590 147.000000 141.000000 136.000000
0.241444 -0.221076 0.604210 149.000000 138.000000 135.000000
0.269634 -0.228340 0.623300 144.000000 143.000000 134.000000
0.314453 -0.239312 0.651130 146.000000 137.000000 136.000000
-0.158150 -0.124815 0.356270 70.000000 74.000000 79.000000
0.240346 -0.210358 0.601680 144.000000 140.000000 135.000000
0.282596 -0.220469 0.629510 152.000000 141.000000 138.000000
0.297605 -0.224062 0.639170 151.000000 142.000000 138.000000
0.313139 -0.227791 0.649060 145.000000 142.000000 136.000000
0.215652 -0.195942 0.587880 147.000000 140.000000 138.000000
0.282224 -0.210011 0.629050 148.000000 142.000000 137.000000
0.311099 -0.215855 0.645380 152.000000 143.000000 139.000000
0.253690 -0.193667 0.610420 146.000000 142.000000 139.000000
0.296007 -0.191980 0.636870 150.000000 144.000000 141.000000
0.266845 -0.176103 0.618010 151.000000 147.000000 146.000000
0.295466 -0.181354 0.635950 149.000000 145.000000 139.000000
0.310083 -0.173473 0.644690 152.000000 148.000000 145.000000
0.240533 -0.152194 0.602370 149.000000 149.000000 147.000000
0.309321 -0.162651 0.643310 151.000000 147.000000 146.000000
0.027258 -0.023704 0.106950 149.000000 147.000000 148.000000
-0.009799 -0.092641 0.447350 62.000000 66.000000 69.000000
0.264200 -0.105208 0.611800 151.000000 153.000000 152.000000
0.306657 -0.099408 0.638250 152.000000 154.000000 154.000000
0.188938 -0.078919 0.562580 148.000000 153.000000 151.000000
0.238563 -0.083439 0.596620 154.000000 153.000000 156.000000
0.277837 -0.086593 0.620080 154.000000 154.000000 154.000000
0.200755 -0.070733 0.570400 146.000000 151.000000 149.000000
0.276937 -0.076330 0.618010 152.000000 154.000000 156.000000
0.292362 -0.077754 0.629740 152.000000 154.000000 156.000000
0.125545 -0.056870 0.523710 149.000000 151.000000 150.000000
-0.062967 -0.038100 0.410550 151.000000 152.000000 149.000000
0.249789 -0.054827 0.600300 153.000000 157.000000 158.000000
0.288880 -0.056726 0.622150 156.000000 158.000000 157.000000
-0.135760 -0.020707 0.276000 152.000000 152.000000 152.000000
0.276716 -0.046340 0.617320 154.000000 157.000000 156.000000
0.145566 -0.031874 0.534750 150.000000 151.000000 148.000000
0.223954 -0.034458 0.582820 150.000000 153.000000 149.000000
0.308154 -0.037730 0.641240 153.000000 156.000000 164.000000
0.177008 -0.023840 0.552460 146.000000 150.000000 151.000000
0.188785 -0.024185 0.561200 145.000000 149.000000 152.000000
0.275737 -0.026292 0.615020 152.000000 152.000000 157.000000
-0.128528 -0.007433 0.279680 152.000000 148.000000 145.000000
0.145375 -0.014429 0.533830 147.000000 147.000000 145.000000
0.223218 -0.015526 0.580750 149.000000 155.000000 150.000000
0.235164 -0.015681 0.587420 144.000000 151.000000 151.000000
0.105363 -0.005490 0.507150 143.000000 148.000000 147.000000
0.156227 -0.005797 0.541650 147.000000 149.000000 151.000000
0.288558 -0.006453 0.621230 157.000000 157.000000 157.000000
0.087469 0.002759 0.499100 143.000000 148.000000 147.000000
0.177213 0.003103 0.552920 146.000000 148.000000 150.000000
0.200163 0.003203 0.567870 145.000000 153.000000 148.000000
0.287934 0.003583 0.619850 151.000000 153.000000 152.000000
0.301814 0.003646 0.627900 151.000000 158.000000 160.000000
0.125047 0.011401 0.520720 147.000000 147.000000 147.000000
0.166749 0.011980 0.547630 147.000000 150.000000 149.000000
0.261065 0.013230 0.603750 147.000000 153.000000 153.000000
0.288269 0.013621 0.620540 152.000000 154.000000 156.000000
0.301610 0.013788 0.627440 153.000000 155.000000 157.000000
0.044052 0.018114 0.471730 138.000000 146.000000 143.000000
0.124930 0.019890 0.520260 144.000000 144.000000 144.000000
0.144959 0.020325 0.532220 146.000000 149.000000 148.000000
0.247285 0.022620 0.593860 151.000000 151.000000 153.000000
0.260476 0.022947 0.602370 151.000000 153.000000 155.000000
0.301184 0.023900 0.626520 153.000000 155.000000 157.000000
0.004901 0.024520 0.446660 140.000000 145.000000 143.000000
0.069285 0.026615 0.485990 143.000000 148.000000 149.000000
0.096188 0.027462 0.502320 142.000000 147.000000 146.000000
0.186743 0.030172 0.554990 145.000000 149.000000 150.000000
0.210331 0.031008 0.570860 146.000000 150.000000 151.000000
0.222281 0.031397 0.578220 146.000000 149.000000 148.000000
0.234377 0.031777 0.585350 146.000000 151.000000 149.000000
0.300649 0.033971 0.625370 156.000000 156.000000 154.000000
-0.030434 0.030357 0.425730 148.000000 146.000000 145.000000
0.012376 0.032144 0.450570 145.000000 148.000000 145.000000
0.052259 0.033916 0.476100 139.000000 144.000000 142.000000
0.134702 0.037246 0.525780 144.000000 146.000000 146.000000
0.155201 0.038072 0.538200 141.000000 146.000000 146.000000
0.176294 0.038868 0.550160 146.000000 149.000000 148.000000
0.221385 0.040606 0.575920 144.000000 151.000000 149.000000
0.233724 0.041144 0.583740 146.000000 149.000000 148.000000
0.259584 0.042298 0.600300 147.000000 152.000000 150.000000
0.272941 0.042882 0.608580 154.000000 152.000000 152.000000
0.287984 0.043684 0.619850 148.000000 153.000000 153.000000
0.301440 0.044201 0.626980 149.000000 151.000000 152.000000
-0.062486 0.035636 0.407100 140.000000 143.000000 142.000000
0.012377 0.039569 0.450800 143.000000 146.000000 142.000000
0.060482 0.042009 0.479550 141.000000 146.000000 146.000000
0.095833 0.043757 0.500710 144.000000 146.000000 146.000000
0.105539 0.044390 0.508300 140.000000 144.000000 145.000000
0.134083 0.045616 0.523480 147.000000 147.000000 145.000000
0.144391 0.046184 0.530380 143.000000 144.000000 141.000000
0.198575 0.048908 0.563500 143.000000 145.000000 146.000000
0.209872 0.049421 0.569710 144.000000 146.000000 148.000000
0.221014 0.049858 0.575000 143.000000 150.000000 148.000000
0.232606 0.050359 0.580980 146.000000 149.000000 148.000000
0.245164 0.051024 0.588800 146.000000 148.000000 150.000000
0.272944 0.052729 0.608580 149.000000 149.000000 151.000000
-0.111890 0.038621 0.373980 147.000000 145.000000 143.000000
-0.023594 0.044705 0.429180 143.000000 143.000000 145.000000
-0.016656 0.045073 0.432630 144.000000 146.000000 146.000000
0.019961 0.047344 0.454480 140.000000 143.000000 142.000000
0.027779 0.047908 0.460000 143.000000 145.000000 144.000000
0.060342 0.049769 0.478630 139.000000 142.000000 141.000000
0.114717 0.053104 0.512670 143.000000 146.000000 142.000000
0.143729 0.054580 0.528080 139.000000 142.000000 141.000000
0.176085 0.056695 0.549700 142.000000 146.000000 150.000000
0.187131 0.057346 0.556370 144.000000 146.000000 148.000000
0.221699 0.059363 0.576840 145.000000 147.000000 147.000000
0.233049 0.059885 0.582130 140.000000 147.000000 144.000000
0.245727 0.060697 0.590180 145.000000 147.000000 149.000000
0.271915 0.062340 0.606280 148.000000 147.000000 150.000000
0.284800 0.063033 0.612950 143.000000 147.000000 153.000000
-0.106694 0.045087 0.376970 144.000000 145.000000 142.000000
-0.056067 0.049232 0.409170 142.000000 144.000000 145.000000
-0.009612 0.052671 0.436770 143.000000 145.000000 146.000000
0.019941 0.054766 0.454250 142.000000 142.000000 144.000000
0.027681 0.055280 0.458620 142.000000 141.000000 146.000000
0.105035 0.060732 0.506230 144.000000 146.000000 146.000000
0.143435 0.063059 0.527160 139.000000 142.000000 139.000000
0.154098 0.063921 0.534750 143.000000 145.000000 146.000000
0.165202 0.064865 0.543030 140.000000 144.000000 145.000000
0.186397 0.066124 0.554300 145.000000 149.000000 150.000000
0.209137 0.067668 0.567870 147.000000 149.000000 153.000000
0.232936 0.069282 0.581900 142.000000 149.000000 147.000000
0.245904 0.070304 0.590640 145.000000 149.000000 148.000000
0.258077 0.071032 0.596850 146.000000 148.000000 150.000000
0.270267 0.071714 0.602600 148.000000 147.000000 150.000000
0.285026 0.073008 0.613410 149.000000 147.000000 150.000000
0.299956 0.074259 0.623760 149.000000 151.000000 152.000000
-0.145698 0.047921 0.354200 154.000000 147.000000 147.000000
-0.101633 0.051780 0.380880 147.000000 145.000000 143.000000
-0.096296 0.052255 0.384100 146.000000 142.000000 141.000000
-0.056039 0.055917 0.409170 143.000000 144.000000 141.000000
-0.016596 0.059089 0.431480 143.000000 144.000000 141.000000
0.027666 0.062784 0.458620 138.000000 142.000000 141.000000
0.035398 0.063112 0.461150 141.000000 146.000000 144.000000
0.060254 0.065389 0.478400 142.000000 144.000000 145.000000
0.077561 0.066761 0.488980 140.000000 145.000000 143.000000
0.114320 0.069621 0.511290 139.000000 141.000000 143.000000
0.123798 0.070259 0.516350 143.000000 143.000000 143.000000
0.133542 0.070958 0.521870 142.000000 144.000000 143.000000
0.153984 0.072574 0.534520 144.000000 146.000000 148.000000
0.164735 0.073491 0.541650 140.000000 143.000000 142.000000
0.196608 0.075597 0.558210 143.000000 145.000000 144.000000
0.232544 0.078577 0.580980 145.000000 147.000000 147.000000
0.245601 0.079769 0.589950 144.000000 147.000000 143.000000
0.257672 0.080566 0.595930 150.000000 151.000000 148.000000
0.270476 0.081528 0.603060 151.000000 151.000000 151.000000
0.285148 0.082969 0.613640 153.000000 150.000000 153.000000
-0.140993 0.054053 0.356730 153.000000 147.000000 142.000000
-0.131546 0.054931 0.362250 149.000000 144.000000 143.000000
-0.055883 0.062451 0.408250 143.000000 143.000000 143.000000
-0.049621 0.063010 0.411700 144.000000 142.000000 140.000000
-0.036669 0.064012 0.417910 140.000000 143.000000 142.000000
-0.030085 0.064631 0.421820 143.000000 145.000000 144.000000
-0.009587 0.066853 0.436080 138.000000 142.000000 143.000000
-0.002433 0.067527 0.440450 139.000000 141.000000 145.000000
0.004855 0.068054 0.443900 138.000000 140.000000 144.000000
0.035570 0.071031 0.463680 140.000000 144.000000 147.000000
0.077701 0.074907 0.490130 139.000000 144.000000 142.000000
0.086648 0.075705 0.495650 142.000000 147.000000 146.000000
0.114114 0.077831 0.510600 135.000000 142.000000 140.000000
0.123524 0.078512 0.515430 139.000000 144.000000 142.000000
0.133429 0.079401 0.521640 138.000000 142.000000 143.000000
0.175581 0.083269 0.548550 143.000000 145.000000 144.000000
0.185843 0.083882 0.552920 147.000000 145.000000 146.000000
0.196403 0.084567 0.557750 141.000000 146.000000 144.000000
0.210080 0.086477 0.570630 144.000000 146.000000 146.000000
0.222671 0.087800 0.579600 141.000000 146.000000 142.000000
0.246063 0.089490 0.591100 141.000000 146.000000 142.000000
0.258063 0.090350 0.596850 149.000000 144.000000 146.000000
0.270688 0.091360 0.603520 149.000000 147.000000 150.000000
0.283884 0.092487 0.610880 144.000000 146.000000 146.000000
0.298470 0.093979 0.620540 148.000000 147.000000 150.000000
-0.172098 0.056780 0.338100 152.000000 148.000000 145.000000
-0.136464 0.060387 0.359950 151.000000 142.000000 138.000000
-0.126902 0.061405 0.365700 153.000000 150.000000 144.000000
-0.116897 0.062401 0.371220 148.000000 148.000000 148.000000
-0.095927 0.064540 0.382950 148.000000 146.000000 147.000000
-0.090494 0.065126 0.386170 148.000000 146.000000 145.000000
-0.049535 0.069640 0.411240 140.000000 143.000000 142.000000
-0.043209 0.070332 0.415150 140.000000 142.000000 144.000000
-0.036888 0.071293 0.420670 142.000000 142.000000 142.000000
0.004861 0.075452 0.444820 142.000000 142.000000 144.000000
0.012277 0.076070 0.448500 138.000000 140.000000 142.000000
0.019842 0.076799 0.452870 139.000000 141.000000 143.000000
0.035457 0.078397 0.462530 140.000000 145.000000 143.000000
0.043642 0.079460 0.468970 140.000000 145.000000 143.000000
0.060181 0.080987 0.478400 139.000000 143.000000 144.000000
0.068649 0.081724 0.483000 141.000000 146.000000 146.000000
0.077473 0.082690 0.488980 135.000000 140.000000 141.000000
0.086518 0.083690 0.495190 144.000000 146.000000 148.000000
0.095267 0.084259 0.498870 138.000000 142.000000 143.000000
0.113543 0.085737 0.508300 139.000000 144.000000 142.000000
0.122915 0.086492 0.513130 137.000000 144.000000 146.000000
0.143524 0.088889 0.528080 142.000000 140.000000 139.000000
0.153607 0.089758 0.533600 140.000000 142.000000 144.000000
0.164137 0.090781 0.540040 140.000000 143.000000 142.000000
0.175159 0.091961 0.547400 137.000000 144.000000 144.000000
0.208431 0.094979 0.566260 143.000000 143.000000 145.000000
0.220516 0.096253 0.574080 143.000000 145.000000 144.000000
0.232862 0.097534 0.581900 142.000000 144.000000 143.000000
0.244994 0.098631 0.588570 143.000000 145.000000 144.000000
0.256766 0.099509 0.593860 143.000000 143.000000 143.000000
0.270696 0.101131 0.603520 149.000000 147.000000 150.000000
0.284442 0.102576 0.612030 142.000000 144.000000 143.000000
0.299175 0.104269 0.621920 142.000000 147.000000 148.000000
-0.172147 0.062279 0.338100 155.000000 150.000000 151.000000
-0.163301 0.063087 0.342930 156.000000 145.000000 144.000000
-0.158652 0.063445 0.345000 157.000000 148.000000 144.000000
-0.136094 0.066043 0.359030 152.000000 143.000000 143.000000
-0.131159 0.066491 0.361330 146.000000 143.000000 137.000000
-0.090449 0.071391 0.386170 143.000000 145.000000 144.000000
-0.085202 0.072288 0.390770 143.000000 145.000000 144.000000
-0.079425 0.072844 0.393530 142.000000 142.000000 140.000000
-0.073675 0.073527 0.396980 142.000000 142.000000 142.000000
-0.049420 0.076201 0.410550 143.000000 145.000000 144.000000
-0.043156 0.077044 0.414920 142.000000 142.000000 142.000000
-0.036802 0.078011 0.419980 142.000000 144.000000 145.000000
-0.030210 0.078804 0.424120 140.000000 143.000000 142.000000
-0.023450 0.079507 0.427800 142.000000 144.000000 143.000000
-0.016582 0.080290 0.431940 137.000000 139.000000 141.000000
-0.002425 0.081671 0.439300 140.000000 142.000000 144.000000
0.004844 0.082482 0.443670 144.000000 144.000000 144.000000
0.012236 0.083159 0.447350 138.000000 140.000000 142.000000
0.027497 0.084880 0.456780 142.000000 142.000000 144.000000
0.035343 0.085711 0.461380 142.000000 144.000000 143.000000
0.043525 0.086920 0.468050 139.000000 144.000000 142.000000
0.051691 0.087739 0.472650 140.000000 142.000000 144.000000
0.059852 0.088340 0.476100 140.000000 144.000000 145.000000
0.085943 0.091180 0.492200 140.000000 144.000000 145.000000
0.094772 0.091933 0.496570 138.000000 142.000000 143.000000
0.103778 0.092725 0.501170 140.000000 144.000000 147.000000
0.113226 0.093770 0.507150 142.000000 142.000000 142.000000
0.122854 0.094813 0.513130 140.000000 142.000000 144.000000
0.133132 0.096193 0.520950 140.000000 142.000000 144.000000
0.142899 0.097063 0.526010 140.000000 140.000000 138.000000
0.153480 0.098357 0.533370 140.000000 143.000000 142.000000
0.163938 0.099440 0.539580 139.000000 142.000000 139.000000
0.174661 0.100567 0.546020 138.000000 142.000000 141.000000
0.185508 0.101655 0.552230 139.000000 141.000000 143.000000
0.196795 0.102873 0.559130 144.000000 144.000000 146.000000
0.207712 0.103801 0.564420 144.000000 145.000000 142.000000
0.219246 0.104948 0.570860 142.000000 142.000000 142.000000
0.231825 0.106483 0.579370 142.000000 144.000000 143.000000
0.244119 0.107775 0.586500 144.000000 144.000000 144.000000
0.255770 0.108699 0.591560 140.000000 143.000000 142.000000
0.269884 0.110568 0.601680 146.000000 145.000000 148.000000
0.283617 0.112157 0.610190 148.000000 146.000000 145.000000
0.298671 0.114146 0.620770 147.000000 147.000000 145.000000
-0.171619 0.067554 0.336950 154.000000 147.000000 147.000000
-0.167165 0.067960 0.339250 153.000000 147.000000 142.000000
-0.158566 0.068996 0.344770 154.000000 147.000000 145.000000
-0.154176 0.069531 0.347530 152.000000 148.000000 147.000000
-0.149914 0.070167 0.350750 146.000000 146.000000 143.000000
-0.135637 0.071623 0.357880 151.000000 145.000000 143.000000
-0.131049 0.072291 0.361100 150.000000 146.000000 143.000000
-0.126041 0.072780 0.363400 148.000000 143.000000 142.000000
-0.121037 0.073321 0.365930 155.000000 149.000000 146.000000
-0.116457 0.074188 0.370070 147.000000 145.000000 141.000000
-0.090348 0.077601 0.385940 146.000000 144.000000 140.000000
-0.085005 0.078482 0.390080 137.000000 139.000000 141.000000
-0.079100 0.078946 0.392150 140.000000 143.000000 142.000000
-0.073588 0.079919 0.396750 141.000000 141.000000 141.000000
-0.067915 0.080891 0.401350 143.000000 143.000000 145.000000
-0.061801 0.081490 0.404110 143.000000 143.000000 145.000000
-0.055651 0.082180 0.407330 138.000000 140.000000 142.000000
-0.043054 0.083643 0.414230 141.000000 141.000000 141.000000
-0.036736 0.084740 0.419520 144.000000 144.000000 146.000000
-0.030122 0.085508 0.423200 140.000000 139.000000 144.000000
-0.002419 0.088625 0.438380 140.000000 143.000000 140.000000
0.004844 0.089785 0.444130 139.000000 141.000000 143.000000
0.012225 0.090429 0.447350 143.000000 143.000000 143.000000
0.019710 0.091066 0.450570 138.000000 141.000000 140.000000
0.027393 0.092022 0.455400 137.000000 139.000000 139.000000
0.035228 0.092973 0.460230 140.000000 143.000000 142.000000
0.043407 0.094336 0.467130 135.000000 140.000000 139.000000
0.051426 0.094996 0.470580 142.000000 144.000000 145.000000
0.059780 0.096022 0.475870 140.000000 142.000000 146.000000
0.068230 0.096950 0.480700 142.000000 142.000000 144.000000
0.077117 0.098244 0.487370 139.000000 142.000000 141.000000
0.085727 0.098976 0.491280 142.000000 144.000000 141.000000
0.094801 0.100076 0.497030 144.000000 141.000000 144.000000
0.104383 0.101496 0.504390 140.000000 142.000000 144.000000
0.113676 0.102449 0.509450 141.000000 140.000000 143.000000
0.133066 0.104628 0.520950 143.000000 146.000000 142.000000
0.142334 0.105208 0.524170 140.000000 140.000000 140.000000
0.152754 0.106526 0.531070 142.000000 142.000000 142.000000
0.163876 0.108169 0.539580 140.000000 143.000000 142.000000
0.174308 0.109214 0.545100 142.000000 142.000000 142.000000
0.184605 0.110079 0.549700 140.000000 143.000000 140.000000
0.196018 0.111501 0.557060 142.000000 144.000000 145.000000
0.207079 0.112607 0.562810 140.000000 143.000000 142.000000
0.219125 0.114135 0.570630 140.000000 143.000000 140.000000
0.231434 0.115673 0.578450 147.000000 145.000000 143.000000
0.244013 0.117222 0.586270 147.000000 144.000000 148.000000
0.256470 0.118600 0.593170 144.000000 141.000000 142.000000
0.269801 0.120271 0.601450 140.000000 142.000000 144.000000
0.282800 0.121684 0.608350 147.000000 147.000000 143.000000
0.298179 0.123994 0.619620 144.000000 142.000000 138.000000
-0.171687 0.073049 0.336950 158.000000 147.000000 146.000000
-0.167217 0.073483 0.339250 152.000000 143.000000 141.000000
-0.162713 0.073932 0.341550 155.000000 147.000000 143.000000
-0.158063 0.074344 0.343620 159.000000 148.000000 147.000000
-0.126010 0.078657 0.363400 151.000000 145.000000 143.000000
-0.120926 0.079188 0.365700 150.000000 144.000000 141.000000
-0.111286 0.080812 0.372830 146.000000 144.000000 140.000000
-0.106451 0.081754 0.376970 148.000000 147.000000 143.000000
-0.079006 0.085245 0.391920 141.000000 139.000000 138.000000
-0.073370 0.086143 0.395830 139.000000 139.000000 139.000000
-0.067676 0.087141 0.400200 144.000000 144.000000 146.000000
-0.049350 0.089520 0.410550 143.000000 143.000000 143.000000
-0.043022 0.090358 0.414230 139.000000 141.000000 143.000000
-0.036648 0.091391 0.418830 143.000000 145.000000 146.000000
-0.030034 0.092170 0.422280 136.000000 140.000000 146.000000
-0.023302 0.092944 0.425730 142.000000 144.000000 145.000000
-0.016496 0.093964 0.430330 138.000000 141.000000 140.000000
-0.009531 0.094928 0.434700 140.000000 140.000000 140.000000
0.004834 0.096888 0.443670 142.000000 144.000000 145.000000
0.012215 0.097684 0.447350 137.000000 139.000000 141.000000
0.019703 0.098423 0.450800 135.000000 137.000000 134.000000
0.035182 0.100385 0.460000 139.000000 142.000000 141.000000
0.043266 0.101657 0.465980 141.000000 140.000000 143.000000
0.051386 0.102623 0.470580 137.000000 139.000000 141.000000
0.059735 0.103733 0.475870 139.000000 141.000000 145.000000
0.068180 0.104737 0.480700 139.000000 143.000000 146.000000
0.076662 0.105586 0.484840 136.000000 141.000000 142.000000
0.085468 0.106681 0.490130 141.000000 146.000000 144.000000
0.094696 0.108072 0.496800 140.000000 142.000000 144.000000
0.103938 0.109258 0.502550 138.000000 142.000000 143.000000
0.113097 0.110192 0.507150 135.000000 140.000000 139.000000
0.122612 0.111323 0.512670 140.000000 143.000000 142.000000
0.132705 0.112803 0.519800 138.000000 140.000000 142.000000
0.142080 0.113533 0.523480 136.000000 139.000000 135.000000
0.153019 0.115361 0.532220 138.000000 141.000000 138.000000
0.174617 0.118274 0.546250 140.000000 142.000000 144.000000
0.184473 0.118914 0.549470 142.000000 140.000000 143.000000
0.195324 0.120108 0.555220 142.000000 142.000000 140.000000
0.206108 0.121160 0.560280 139.000000 142.000000 141.000000
0.218212 0.122867 0.568330 143.000000 145.000000 146.000000
0.231324 0.124982 0.578220 144.000000 141.000000 142.000000
0.243242 0.126315 0.584430 143.000000 144.000000 141.000000
0.255983 0.127961 0.592020 143.000000 144.000000 141.000000
0.269829 0.130023 0.601450 147.000000 147.000000 147.000000
0.282635 0.131459 0.607890 142.000000 142.000000 140.000000
0.296259 0.133168 0.615480 148.000000 145.000000 149.000000
-0.167619 0.079175 0.339940 151.000000 145.000000 143.000000
-0.163198 0.079705 0.342470 156.000000 145.000000 142.000000
-0.158202 0.079982 0.343850 151.000000 145.000000 143.000000
-0.153701 0.080540 0.346380 154.000000 146.000000 142.000000
-0.149044 0.081057 0.348680 154.000000 147.000000 145.000000
-0.144710 0.081799 0.351900 151.000000 146.000000 139.000000
-0.140380 0.082604 0.355350 151.000000 145.000000 141.000000
-0.121195 0.085313 0.366620 145.000000 141.000000 140.000000
-0.116161 0.085992 0.369380 144.000000 140.000000 139.000000
-0.111174 0.086783 0.372600 148.000000 146.000000 145.000000
-0.095681 0.089282 0.382720 144.000000 144.000000 144.000000
-0.090088 0.089922 0.385250 145.000000 141.000000 140.000000
-0.084606 0.090778 0.388700 144.000000 139.000000 141.000000
-0.079003 0.091634 0.392150 142.000000 140.000000 141.000000
-0.073280 0.092489 0.395600 144.000000 141.000000 142.000000
-0.067474 0.093397 0.399280 145.000000 143.000000 141.000000
-0.061645 0.094465 0.403650 144.000000 142.000000 140.000000
-0.055602 0.095423 0.407560 142.000000 141.000000 137.000000
-0.049313 0.096162 0.410550 142.000000 142.000000 142.000000
-0.036499 0.097846 0.417450 144.000000 141.000000 144.000000
-0.029896 0.098627 0.420670 140.000000 140.000000 140.000000
-0.023283 0.099834 0.425730 143.000000 143.000000 145.000000
-0.009504 0.101748 0.433780 140.000000 139.000000 142.000000
-0.002414 0.102723 0.437920 143.000000 143.000000 145.000000
0.004816 0.103800 0.442520 142.000000 142.000000 144.000000
0.019726 0.105935 0.451720 135.000000 136.000000 140.000000
0.027415 0.107047 0.456550 136.000000 138.000000 139.000000
0.035170 0.107882 0.460230 140.000000 139.000000 144.000000
0.043252 0.109251 0.466210 144.000000 141.000000 144.000000
0.051220 0.109966 0.469430 137.000000 139.000000 141.000000
0.059573 0.111215 0.474950 141.000000 140.000000 143.000000
0.067998 0.112296 0.479780 138.000000 140.000000 142.000000
0.076316 0.112995 0.483000 136.000000 141.000000 142.000000
0.068776 0.092286 0.394680 103.000000 96.000000 96.000000
0.075707 0.092881 0.397440 139.000000 138.000000 143.000000
0.103587 0.117057 0.501170 136.000000 141.000000 142.000000
0.112824 0.118172 0.506230 136.000000 138.000000 139.000000
0.122544 0.119606 0.512670 140.000000 142.000000 144.000000
0.132401 0.120985 0.518880 136.000000 141.000000 142.000000
0.142200 0.122150 0.524170 135.000000 135.000000 135.000000
0.152689 0.123744 0.531300 140.000000 139.000000 142.000000
0.163052 0.125071 0.537280 137.000000 140.000000 137.000000
0.174190 0.126831 0.545100 137.000000 139.000000 139.000000
0.184189 0.127632 0.548780 135.000000 136.000000 140.000000
0.194954 0.128867 0.554300 138.000000 141.000000 140.000000
0.206410 0.130432 0.561200 142.000000 140.000000 139.000000
0.219334 0.132754 0.571320 143.000000 143.000000 143.000000
0.230942 0.134126 0.577300 139.000000 138.000000 141.000000
0.243243 0.135780 0.584430 143.000000 143.000000 143.000000
0.256001 0.137558 0.592020 140.000000 142.000000 144.000000
0.270074 0.139890 0.601910 137.000000 144.000000 142.000000
0.283446 0.141711 0.609500 141.000000 146.000000 144.000000
0.295572 0.142810 0.613870 146.000000 146.000000 146.000000
-0.162815 0.085058 0.341550 154.000000 146.000000 142.000000
-0.158242 0.085577 0.343850 150.000000 146.000000 143.000000
-0.153728 0.086168 0.346380 155.000000 149.000000 146.000000
-0.149452 0.086944 0.349600 149.000000 145.000000 141.000000
-0.144715 0.087503 0.351900 149.000000 142.000000 142.000000
-0.135064 0.088651 0.356500 152.000000 143.000000 141.000000
-0.125714 0.090234 0.362710 150.000000 145.000000 145.000000
-0.120857 0.091008 0.365700 145.000000 141.000000 138.000000
-0.116123 0.091959 0.369380 142.000000 140.000000 139.000000
-0.111132 0.092800 0.372600 146.000000 144.000000 142.000000
-0.106035 0.093645 0.375820 141.000000 142.000000 137.000000
-0.100708 0.094380 0.378580 145.000000 141.000000 140.000000
-0.095344 0.095173 0.381570 144.000000 142.000000 140.000000
-0.089823 0.095912 0.384330 139.000000 139.000000 137.000000
-0.078815 0.097792 0.391460 141.000000 141.000000 141.000000
-0.073231 0.098876 0.395600 143.000000 143.000000 143.000000
-0.067350 0.099729 0.398820 146.000000 144.000000 144.000000
-0.061426 0.100695 0.402500 141.000000 141.000000 141.000000
-0.055498 0.101889 0.407100 138.000000 140.000000 142.000000
-0.042932 0.103693 0.414000 137.000000 139.000000 141.000000
-0.036450 0.104531 0.417220 142.000000 142.000000 142.000000
-0.029872 0.105422 0.420670 139.000000 138.000000 141.000000
-0.023202 0.106424 0.424580 140.000000 139.000000 142.000000
-0.016488 0.107996 0.430790 141.000000 138.000000 142.000000
-0.009497 0.108756 0.433780 139.000000 139.000000 139.000000
-0.002413 0.109798 0.437920 141.000000 139.000000 140.000000
0.004801 0.110719 0.441600 139.000000 139.000000 137.000000
0.012192 0.112152 0.447350 144.000000 144.000000 144.000000
0.019688 0.113117 0.451260 137.000000 137.000000 137.000000
0.027391 0.114421 0.456550 135.000000 137.000000 136.000000
0.035192 0.115489 0.460920 139.000000 139.000000 139.000000
0.043109 0.116492 0.465060 136.000000 141.000000 144.000000
0.051153 0.117489 0.469200 137.000000 139.000000 141.000000
0.059410 0.118653 0.474030 139.000000 141.000000 143.000000
0.067783 0.119754 0.478630 137.000000 139.000000 141.000000
0.076405 0.121023 0.483920 135.000000 139.000000 145.000000
0.095007 0.124695 0.499100 132.000000 137.000000 135.000000
0.103568 0.125203 0.501400 137.000000 135.000000 133.000000
0.112756 0.126342 0.506230 132.000000 132.000000 128.000000
0.122475 0.127880 0.512670 133.000000 136.000000 135.000000
0.132274 0.129302 0.518650 139.000000 138.000000 141.000000
0.141820 0.130323 0.523020 140.000000 133.000000 135.000000
0.151632 0.131460 0.527850 139.000000 137.000000 137.000000
0.162292 0.133173 0.534980 136.000000 138.000000 137.000000
0.173619 0.135232 0.543490 137.000000 139.000000 139.000000
0.184216 0.136553 0.549010 137.000000 139.000000 139.000000
0.195559 0.138282 0.556140 138.000000 140.000000 142.000000
0.206040 0.139276 0.560280 137.000000 137.000000 137.000000
0.217901 0.141082 0.567640 138.000000 140.000000 142.000000
0.230568 0.143245 0.576380 139.000000 142.000000 141.000000
0.243732 0.145537 0.585580 139.000000 142.000000 139.000000
0.256627 0.147506 0.593400 139.000000 142.000000 139.000000
0.270023 0.149611 0.601680 139.000000 142.000000 141.000000
0.283095 0.151399 0.608580 145.000000 142.000000 145.000000
0.296896 0.153445 0.616400 137.000000 139.000000 141.000000
-0.171962 0.089600 0.336950 154.000000 147.000000 149.000000
-0.162444 0.090391 0.340630 150.000000 144.000000 141.000000
-0.158293 0.091181 0.343850 155.000000 142.000000 139.000000
-0.153764 0.091803 0.346380 160.000000 152.000000 146.000000
-0.149475 0.092623 0.349600 153.000000 147.000000 140.000000
-0.144726 0.093212 0.351900 151.000000 141.000000 142.000000
-0.139921 0.093812 0.354200 154.000000 146.000000 142.000000
-0.120751 0.096855 0.365470 144.000000 142.000000 140.000000
-0.116015 0.097862 0.369150 150.000000 139.000000 138.000000
-0.111092 0.098814 0.372600 149.000000 145.000000 141.000000
-0.105991 0.099709 0.375820 147.000000 140.000000 138.000000
-0.100600 0.100426 0.378350 148.000000 141.000000 141.000000
-0.089720 0.102048 0.384100 143.000000 138.000000 140.000000
-0.084255 0.103015 0.387550 142.000000 140.000000 141.000000
-0.078719 0.104043 0.391230 146.000000 142.000000 143.000000
-0.073013 0.105010 0.394680 146.000000 144.000000 142.000000
-0.067303 0.106159 0.398820 141.000000 141.000000 141.000000
-0.061521 0.107430 0.403420 139.000000 136.000000 139.000000
-0.055425 0.108392 0.406870 146.000000 141.000000 145.000000
-0.049099 0.109106 0.409400 138.000000 141.000000 140.000000
-0.042803 0.110123 0.413080 141.000000 139.000000 140.000000
-0.036320 0.110951 0.416070 141.000000 141.000000 141.000000
-0.029864 0.112266 0.420900 137.000000 139.000000 141.000000
-0.023221 0.113454 0.425270 137.000000 139.000000 141.000000
-0.016413 0.114513 0.429180 135.000000 137.000000 136.000000
-0.009485 0.115689 0.433550 140.000000 137.000000 141.000000
-0.002413 0.116859 0.437920 141.000000 141.000000 139.000000
0.004796 0.117839 0.441600 137.000000 139.000000 143.000000
0.012174 0.119303 0.447120 136.000000 138.000000 139.000000
0.019640 0.120209 0.450570 137.000000 137.000000 139.000000
0.027284 0.121414 0.455170 139.000000 138.000000 141.000000
0.035074 0.122613 0.459770 141.000000 135.000000 139.000000
0.043050 0.123928 0.464830 136.000000 136.000000 138.000000
0.051085 0.124992 0.468970 137.000000 139.000000 141.000000
0.059477 0.126540 0.474950 133.000000 137.000000 140.000000
0.067730 0.127470 0.478630 136.000000 138.000000 139.000000
0.076166 0.128517 0.482770 137.000000 139.000000 141.000000
0.083166 0.127173 0.477940 133.000000 137.000000 138.000000
0.103502 0.133286 0.501400 131.000000 135.000000 134.000000
0.112688 0.134502 0.506230 126.000000 129.000000 128.000000
0.122186 0.135901 0.511750 139.000000 137.000000 135.000000
0.131971 0.137420 0.517730 136.000000 138.000000 137.000000
0.142066 0.139063 0.524170 136.000000 132.000000 129.000000
0.151635 0.140036 0.528080 135.000000 137.000000 136.000000
0.162094 0.141683 0.534520 136.000000 136.000000 138.000000
0.172978 0.143518 0.541650 134.000000 139.000000 137.000000
0.184093 0.145359 0.548780 137.000000 137.000000 137.000000
0.195684 0.147391 0.556600 136.000000 136.000000 138.000000
0.206014 0.148337 0.560280 139.000000 139.000000 139.000000
0.216740 0.149478 0.564650 137.000000 139.000000 139.000000
0.229650 0.151974 0.574080 142.000000 140.000000 143.000000
0.243178 0.154670 0.584200 139.000000 138.000000 141.000000
0.255774 0.156595 0.591330 139.000000 141.000000 145.000000
0.268437 0.158424 0.598000 140.000000 142.000000 146.000000
0.282975 0.161194 0.608120 139.000000 139.000000 139.000000
0.297688 0.163877 0.617780 140.000000 143.000000 142.000000
-0.171615 0.094886 0.336030 151.000000 142.000000 140.000000
-0.166969 0.095351 0.338100 154.000000 145.000000 146.000000
-0.162523 0.095966 0.340630 151.000000 146.000000 139.000000
-0.158461 0.096860 0.344080 148.000000 139.000000 140.000000
-0.153810 0.097448 0.346380 152.000000 148.000000 147.000000
-0.149506 0.098310 0.349600 152.000000 143.000000 139.000000
-0.139928 0.099557 0.354200 155.000000 144.000000 141.000000
-0.134965 0.100133 0.356270 149.000000 143.000000 138.000000
-0.130198 0.100914 0.359030 149.000000 143.000000 140.000000
-0.125828 0.102091 0.363170 148.000000 142.000000 139.000000
-0.115693 0.103563 0.368230 147.000000 140.000000 138.000000
-0.110711 0.104503 0.371450 143.000000 138.000000 138.000000
-0.105625 0.105447 0.374670 144.000000 142.000000 140.000000
-0.080628 0.085414 0.303370 144.000000 142.000000 140.000000
-0.095019 0.107218 0.380650 147.000000 140.000000 138.000000
-0.089671 0.108237 0.384100 143.000000 138.000000 138.000000
-0.084456 0.109582 0.388700 139.000000 137.000000 135.000000
-0.078809 0.110538 0.391920 145.000000 143.000000 141.000000
-0.072965 0.111365 0.394680 143.000000 144.000000 141.000000
-0.067257 0.112581 0.398820 140.000000 143.000000 140.000000
-0.061197 0.113405 0.401580 137.000000 133.000000 132.000000
-0.055259 0.114682 0.405950 142.000000 137.000000 141.000000
-0.048951 0.115436 0.408480 141.000000 141.000000 141.000000
-0.042769 0.116772 0.413080 139.000000 138.000000 141.000000
-0.036291 0.117649 0.416070 139.000000 139.000000 139.000000
-0.029840 0.119041 0.420900 135.000000 137.000000 136.000000
-0.023152 0.120039 0.424350 136.000000 138.000000 139.000000
-0.016400 0.121421 0.429180 137.000000 137.000000 139.000000
-0.009453 0.122342 0.432400 136.000000 136.000000 138.000000
-0.002405 0.123583 0.436770 137.000000 137.000000 137.000000
0.004783 0.124752 0.440910 139.000000 138.000000 141.000000
0.012130 0.126175 0.445970 141.000000 135.000000 139.000000
0.019571 0.127135 0.449420 136.000000 136.000000 136.000000
0.027218 0.128545 0.454480 136.000000 136.000000 138.000000
0.035043 0.130013 0.459770 134.000000 134.000000 134.000000
0.042992 0.131345 0.464600 131.000000 133.000000 135.000000
0.050917 0.132215 0.467820 134.000000 139.000000 139.000000
0.059228 0.133730 0.473340 133.000000 137.000000 138.000000
0.067385 0.134589 0.476560 132.000000 136.000000 137.000000
0.075348 0.134925 0.477940 131.000000 133.000000 137.000000
0.082467 0.133829 0.474260 130.000000 134.000000 137.000000
0.085828 0.127347 0.451490 129.000000 137.000000 141.000000
0.092523 0.126446 0.448500 116.000000 122.000000 129.000000
0.110370 0.139803 0.496110 128.000000 130.000000 129.000000
0.121900 0.143885 0.510830 117.000000 110.000000 108.000000
0.131905 0.145763 0.517730 132.000000 128.000000 125.000000
0.141752 0.147253 0.523250 129.000000 130.000000 123.000000
0.151575 0.148551 0.528080 134.000000 134.000000 134.000000
0.161759 0.150048 0.533600 135.000000 137.000000 138.000000
0.172562 0.151938 0.540500 135.000000 133.000000 134.000000
0.183281 0.153577 0.546480 138.000000 135.000000 136.000000
0.194360 0.155354 0.552920 141.000000 139.000000 140.000000
0.205995 0.157402 0.560280 136.000000 137.000000 134.000000
0.217089 0.158882 0.565570 138.000000 135.000000 136.000000
0.229203 0.160960 0.572930 135.000000 137.000000 136.000000
0.242541 0.163704 0.582590 139.000000 138.000000 143.000000
0.255134 0.165761 0.589720 140.000000 139.000000 142.000000
0.267591 0.167586 0.595930 137.000000 137.000000 137.000000
0.282341 0.170672 0.606510 137.000000 139.000000 139.000000
0.296287 0.173082 0.614560 142.000000 142.000000 144.000000
-0.171521 0.100299 0.335570 151.000000 145.000000 141.000000
-0.153867 0.103104 0.346380 154.000000 147.000000 147.000000
-0.149548 0.104006 0.349600 149.000000 148.000000 142.000000
-0.144677 0.104582 0.351670 148.000000 142.000000 139.000000
-0.139943 0.105308 0.354200 148.000000 142.000000 139.000000
-0.130192 0.106728 0.359030 149.000000 143.000000 138.000000
-0.125814 0.107966 0.363170 154.000000 147.000000 147.000000
-0.120777 0.108734 0.365700 146.000000 142.000000 141.000000
-0.115664 0.109509 0.368230 148.000000 144.000000 140.000000
-0.110677 0.110496 0.371450 142.000000 141.000000 137.000000
-0.105651 0.111557 0.374900 151.000000 140.000000 137.000000
-0.100696 0.112828 0.379040 147.000000 140.000000 138.000000
-0.089410 0.114147 0.383180 144.000000 140.000000 139.000000
-0.084359 0.115770 0.388470 144.000000 140.000000 139.000000
-0.078576 0.116570 0.391000 146.000000 142.000000 141.000000
-0.072705 0.117371 0.393530 146.000000 142.000000 139.000000
-0.067095 0.118789 0.398130 138.000000 140.000000 142.000000
-0.061118 0.119794 0.401350 141.000000 141.000000 141.000000
-0.055187 0.121140 0.405720 138.000000 141.000000 140.000000
-0.048997 0.122209 0.409170 135.000000 135.000000 135.000000
-0.042688 0.123275 0.412620 138.000000 140.000000 142.000000
-0.036262 0.124336 0.416070 140.000000 140.000000 140.000000
-0.029735 0.125462 0.419750 138.000000 141.000000 140.000000
-0.023121 0.126790 0.424120 134.000000 139.000000 137.000000
-0.016361 0.128112 0.428490 135.000000 137.000000 138.000000
-0.009426 0.129016 0.431480 135.000000 135.000000 137.000000
-0.002401 0.130395 0.436080 137.000000 137.000000 137.000000
0.004772 0.131699 0.440450 135.000000 137.000000 136.000000
0.012062 0.132722 0.443900 133.000000 135.000000 137.000000
0.019573 0.134495 0.449880 135.000000 133.000000 134.000000
0.027303 0.136399 0.456320 134.000000 134.000000 132.000000
0.034959 0.137196 0.459080 135.000000 133.000000 136.000000
0.042764 0.138193 0.462530 133.000000 132.000000 135.000000
0.050750 0.139391 0.466670 132.000000 135.000000 134.000000
0.059094 0.141133 0.472650 132.000000 135.000000 134.000000
0.067236 0.142045 0.475870 132.000000 134.000000 136.000000
0.075003 0.142060 0.476100 130.000000 132.000000 134.000000
0.081330 0.139603 0.468050 127.000000 132.000000 132.000000
0.085247 0.133786 0.448730 114.000000 115.000000 119.000000
0.091802 0.132701 0.445280 97.000000 90.000000 118.000000
0.122110 0.152451 0.511980 78.000000 76.000000 79.000000
0.131549 0.153758 0.516580 109.000000 101.000000 94.000000
0.141443 0.155410 0.522330 121.000000 118.000000 110.000000
0.151453 0.156996 0.527850 128.000000 128.000000 126.000000
0.161988 0.158930 0.534520 137.000000 134.000000 135.000000
0.172519 0.160664 0.540500 133.000000 133.000000 133.000000
0.183479 0.162612 0.547170 133.000000 132.000000 135.000000
0.194015 0.164024 0.552000 135.000000 135.000000 135.000000
0.205057 0.165723 0.557750 135.000000 135.000000 137.000000
0.217362 0.168257 0.566260 136.000000 136.000000 138.000000
0.229966 0.170810 0.574770 139.000000 137.000000 137.000000
0.242494 0.173111 0.582360 143.000000 138.000000 140.000000
0.255010 0.175233 0.589260 140.000000 138.000000 139.000000
0.266558 0.176564 0.593400 138.000000 135.000000 138.000000
0.280872 0.179572 0.603060 135.000000 137.000000 138.000000
0.295244 0.182416 0.612030 144.000000 137.000000 142.000000
-0.171684 0.105864 0.335570 149.000000 143.000000 140.000000
-0.167221 0.106501 0.338100 156.000000 151.000000 150.000000
-0.162949 0.107309 0.341090 153.000000 146.000000 144.000000
-0.158414 0.107995 0.343620 143.000000 144.000000 141.000000
-0.153427 0.108412 0.345230 146.000000 142.000000 143.000000
-0.149405 0.109570 0.349140 151.000000 145.000000 145.000000
-0.144621 0.110240 0.351440 143.000000 144.000000 141.000000
-0.134981 0.111694 0.356270 144.000000 140.000000 137.000000
-0.130193 0.112548 0.359030 152.000000 141.000000 138.000000
-0.125487 0.113557 0.362250 150.000000 144.000000 139.000000
-0.120685 0.114575 0.365470 146.000000 143.000000 137.000000
-0.115713 0.115529 0.368460 148.000000 141.000000 141.000000
-0.110647 0.116491 0.371450 147.000000 140.000000 140.000000
-0.105358 0.117314 0.373980 147.000000 138.000000 139.000000
-0.100169 0.118358 0.377200 144.000000 140.000000 139.000000
-0.094932 0.119479 0.380650 140.000000 138.000000 137.000000
-0.089581 0.120603 0.384100 142.000000 140.000000 139.000000
-0.084114 0.121730 0.387550 140.000000 140.000000 138.000000
-0.078392 0.122641 0.390310 142.000000 137.000000 137.000000
-0.072788 0.123914 0.394220 140.000000 140.000000 140.000000
-0.067051 0.125186 0.398130 137.000000 135.000000 133.000000
-0.061076 0.126241 0.401350 142.000000 136.000000 133.000000
-0.055147 0.127656 0.405720 140.000000 138.000000 139.000000
-0.048988 0.128851 0.409400 137.000000 137.000000 137.000000
-0.042656 0.129899 0.412620 136.000000 135.000000 140.000000
-0.036174 0.130798 0.415380 135.000000 135.000000 135.000000
-0.029728 0.132272 0.419980 133.000000 135.000000 137.000000
-0.023052 0.133306 0.423200 135.000000 133.000000 134.000000
-0.016331 0.134843 0.428030 137.000000 134.000000 135.000000
-0.009429 0.136084 0.431940 132.000000 134.000000 136.000000
-0.002399 0.137320 0.435850 140.000000 138.000000 139.000000
0.004767 0.138767 0.440450 140.000000 138.000000 139.000000
0.012075 0.140135 0.444820 136.000000 136.000000 136.000000
0.019515 0.141424 0.448960 135.000000 134.000000 139.000000
0.027169 0.143142 0.454480 132.000000 130.000000 130.000000
0.034842 0.144202 0.457930 132.000000 129.000000 132.000000
0.042728 0.145617 0.462530 132.000000 131.000000 134.000000
0.050809 0.147172 0.467590 131.000000 132.000000 139.000000
0.059077 0.148794 0.472880 132.000000 134.000000 136.000000
0.067413 0.150193 0.477480 128.000000 130.000000 131.000000
0.075456 0.150720 0.479320 126.000000 128.000000 132.000000
0.091226 0.139066 0.442750 26.000000 28.000000 32.000000
0.098184 0.138724 0.441830 19.000000 19.000000 19.000000
0.105765 0.139250 0.443670 34.000000 32.000000 31.000000
0.131373 0.161932 0.516120 102.000000 99.000000 91.000000
0.140890 0.163249 0.520490 112.000000 105.000000 96.000000
0.150743 0.164786 0.525550 124.000000 121.000000 115.000000
0.160899 0.166474 0.531070 133.000000 131.000000 130.000000
0.172191 0.169106 0.539580 133.000000 131.000000 130.000000
0.183146 0.171171 0.546250 135.000000 135.000000 135.000000
0.193518 0.172528 0.550620 134.000000 133.000000 136.000000
0.204300 0.174115 0.555680 135.000000 135.000000 137.000000
0.216589 0.176802 0.564190 133.000000 135.000000 137.000000
0.229089 0.179437 0.572470 133.000000 136.000000 135.000000
0.241220 0.181591 0.579140 134.000000 134.000000 132.000000
0.253910 0.183991 0.586500 134.000000 133.000000 136.000000
0.267099 0.186568 0.594320 135.000000 135.000000 137.000000
0.281466 0.189761 0.603980 137.000000 134.000000 137.000000
0.295342 0.192422 0.611800 138.000000 135.000000 138.000000
-0.172107 0.111609 0.336030 149.000000 144.000000 143.000000
-0.162751 0.112717 0.340400 152.000000 149.000000 150.000000
-0.153513 0.114080 0.345230 145.000000 143.000000 141.000000
-0.149177 0.115059 0.348450 154.000000 146.000000 142.000000
-0.144482 0.115827 0.350980 153.000000 145.000000 141.000000
-0.140003 0.116840 0.354200 148.000000 142.000000 139.000000
-0.135003 0.117488 0.356270 150.000000 141.000000 139.000000
-0.130120 0.118301 0.358800 145.000000 141.000000 140.000000
-0.120448 0.120263 0.364780 148.000000 142.000000 139.000000
-0.115551 0.121334 0.368000 152.000000 143.000000 139.000000
-0.110555 0.122413 0.371220 144.000000 138.000000 136.000000
-0.105264 0.123271 0.373750 143.000000 138.000000 138.000000
-0.100074 0.124362 0.376970 145.000000 141.000000 138.000000
-0.094837 0.125533 0.380420 142.000000 142.000000 140.000000
-0.089326 0.126481 0.383180 140.000000 138.000000 139.000000
-0.083823 0.127583 0.386400 141.000000 139.000000 138.000000
-0.078304 0.128838 0.390080 143.000000 138.000000 138.000000
-0.072788 0.130323 0.394450 141.000000 136.000000 135.000000
-0.067009 0.131580 0.398130 142.000000 136.000000 133.000000
-0.060896 0.132380 0.400430 141.000000 139.000000 138.000000
-0.054985 0.133862 0.404800 139.000000 137.000000 133.000000
-0.048816 0.135039 0.408250 137.000000 134.000000 137.000000
-0.042530 0.136212 0.411700 139.000000 135.000000 136.000000
-0.036147 0.137459 0.415380 140.000000 133.000000 133.000000
-0.029689 0.138929 0.419750 139.000000 135.000000 136.000000
-0.018415 0.111996 0.338330 135.000000 133.000000 136.000000
-0.016310 0.141628 0.427800 133.000000 135.000000 137.000000
-0.009408 0.142779 0.431250 135.000000 135.000000 135.000000
-0.002398 0.144306 0.435850 134.000000 134.000000 134.000000
0.004764 0.145902 0.440680 137.000000 135.000000 133.000000
0.012058 0.147188 0.444590 134.000000 134.000000 134.000000
0.019487 0.148545 0.448730 131.000000 133.000000 135.000000
0.027104 0.150199 0.453790 129.000000 129.000000 131.000000
0.034777 0.151391 0.457470 133.000000 131.000000 132.000000
0.042651 0.152882 0.462070 130.000000 130.000000 130.000000
0.050719 0.154519 0.467130 131.000000 133.000000 135.000000
0.058975 0.156227 0.472420 133.000000 130.000000 134.000000
0.067364 0.157855 0.477480 126.000000 128.000000 132.000000
0.075766 0.159174 0.481620 124.000000 126.000000 130.000000
0.083337 0.158666 0.480240 124.000000 126.000000 130.000000
0.090938 0.145802 0.441600 13.000000 18.000000 18.000000
0.097827 0.145374 0.440450 16.000000 17.000000 14.000000
0.104949 0.145327 0.440450 23.000000 20.000000 23.000000
0.127751 0.165615 0.502090 56.000000 47.000000 50.000000
0.140842 0.171637 0.520490 108.000000 98.000000 90.000000
0.150437 0.172960 0.524630 116.000000 113.000000 105.000000
0.160865 0.175049 0.531070 122.000000 118.000000 117.000000
0.171432 0.177070 0.537280 135.000000 130.000000 132.000000
0.182670 0.179558 0.544870 134.000000 133.000000 136.000000
0.193115 0.181074 0.549470 132.000000 129.000000 132.000000
0.215214 0.184765 0.560510 131.000000 134.000000 133.000000
0.222889 0.183609 0.556830 132.000000 135.000000 134.000000
0.090754 0.071853 0.217810 139.000000 134.000000 138.000000
0.222449 0.169528 0.513590 39.000000 27.000000 35.000000
0.048588 0.034451 0.104190 32.000000 24.000000 31.000000
0.299919 0.205506 0.620770 118.000000 118.000000 114.000000
-0.172086 0.117079 0.335570 147.000000 145.000000 143.000000
-0.167561 0.117748 0.338100 153.000000 149.000000 146.000000
-0.162904 0.118368 0.340400 151.000000 143.000000 136.000000
-0.158649 0.119335 0.343620 149.000000 145.000000 139.000000
-0.153617 0.119768 0.345230 148.000000 142.000000 137.000000
-0.148768 0.120383 0.347300 153.000000 147.000000 142.000000
-0.144074 0.121177 0.349830 151.000000 147.000000 144.000000
-0.139870 0.122467 0.353740 151.000000 142.000000 138.000000
-0.135037 0.123295 0.356270 150.000000 139.000000 136.000000
-0.130141 0.124137 0.358800 148.000000 140.000000 138.000000
-0.125098 0.124912 0.361100 147.000000 140.000000 138.000000
-0.120447 0.126176 0.364780 148.000000 142.000000 139.000000
-0.115542 0.127290 0.368000 141.000000 136.000000 135.000000
-0.110264 0.128095 0.370300 142.000000 141.000000 137.000000
-0.105046 0.129066 0.373060 146.000000 139.000000 137.000000
-0.099802 0.130122 0.376050 145.000000 141.000000 138.000000
-0.094633 0.131423 0.379730 143.000000 137.000000 134.000000
-0.089291 0.132649 0.383180 147.000000 138.000000 139.000000
-0.083835 0.133877 0.386630 142.000000 137.000000 137.000000
-0.078265 0.135108 0.390080 141.000000 136.000000 135.000000
-0.072706 0.136579 0.394220 134.000000 132.000000 131.000000
-0.066971 0.137971 0.398130 143.000000 138.000000 138.000000
-0.060859 0.138805 0.400430 137.000000 138.000000 133.000000
-0.054918 0.140275 0.404570 139.000000 135.000000 134.000000
-0.048673 0.141265 0.407330 137.000000 132.000000 134.000000
-0.042500 0.142811 0.411700 136.000000 137.000000 134.000000
-0.036081 0.143955 0.414920 133.000000 131.000000 130.000000
-0.029602 0.145334 0.418830 138.000000 135.000000 136.000000
-0.023006 0.146789 0.422970 137.000000 132.000000 136.000000
-0.016263 0.148160 0.426880 142.000000 137.000000 137.000000
-0.009397 0.149605 0.431020 140.000000 138.000000 137.000000
-0.002397 0.151205 0.435620 134.000000 133.000000 136.000000
0.004754 0.152799 0.440220 137.000000 132.000000 136.000000
0.012022 0.153989 0.443670 137.000000 135.000000 133.000000
0.019470 0.155731 0.448730 137.000000 134.000000 135.000000
0.027026 0.157148 0.452870 131.000000 128.000000 129.000000
0.034767 0.158799 0.457700 129.000000 129.000000 129.000000
0.042533 0.159966 0.461150 129.000000 129.000000 129.000000
0.050432 0.161208 0.464830 128.000000 128.000000 130.000000
0.058703 0.163163 0.470580 126.000000 125.000000 130.000000
0.067253 0.165353 0.477020 123.000000 123.000000 127.000000
0.075753 0.166981 0.481850 115.000000 116.000000 122.000000
0.083447 0.166694 0.481160 123.000000 125.000000 129.000000
0.091128 0.153298 0.442750 12.000000 14.000000 16.000000
0.104359 0.151621 0.438150 16.000000 17.000000 14.000000
0.111443 0.151583 0.438150 24.000000 28.000000 27.000000
0.123069 0.157357 0.454940 104.000000 97.000000 84.000000
0.150602 0.181668 0.525320 110.000000 102.000000 94.000000
0.160910 0.183712 0.531300 115.000000 112.000000 104.000000
0.171051 0.185369 0.536130 128.000000 122.000000 119.000000
0.182670 0.188390 0.544870 131.000000 126.000000 128.000000
0.192888 0.189757 0.548780 130.000000 133.000000 130.000000
0.202068 0.190029 0.549470 128.000000 130.000000 129.000000
0.207761 0.187139 0.540960 130.000000 127.000000 130.000000
0.207496 0.179335 0.518190 37.000000 30.000000 46.000000
0.213711 0.177522 0.512670 24.000000 21.000000 22.000000
0.253178 0.202434 0.584200 117.000000 114.000000 104.000000
0.263713 0.203252 0.586040 124.000000 118.000000 111.000000
0.251379 0.180714 0.519800 25.000000 20.000000 24.000000
-0.171979 0.122487 0.334880 148.000000 141.000000 141.000000
-0.167314 0.123082 0.337180 144.000000 140.000000 137.000000
-0.158480 0.124792 0.342930 152.000000 141.000000 140.000000
-0.148870 0.126109 0.347300 150.000000 146.000000 141.000000
-0.144060 0.126843 0.349600 146.000000 146.000000 141.000000
-0.139569 0.127930 0.352820 152.000000 138.000000 138.000000
-0.134823 0.128868 0.355580 143.000000 137.000000 134.000000
-0.129840 0.129654 0.357880 144.000000 140.000000 137.000000
-0.125118 0.130788 0.361100 148.000000 142.000000 137.000000
-0.120381 0.132016 0.364550 148.000000 140.000000 138.000000
-0.115181 0.132839 0.366850 146.000000 139.000000 139.000000
-0.110119 0.133922 0.369840 144.000000 135.000000 131.000000
-0.104966 0.135012 0.372830 148.000000 140.000000 136.000000
-0.100025 0.136526 0.376970 147.000000 141.000000 136.000000
-0.094550 0.137462 0.379500 145.000000 136.000000 134.000000
-0.089101 0.138570 0.382490 143.000000 137.000000 134.000000
-0.083454 0.139515 0.385020 143.000000 138.000000 138.000000
-0.078000 0.140962 0.388930 139.000000 135.000000 136.000000
-0.072459 0.142495 0.393070 136.000000 131.000000 131.000000
-0.066781 0.144029 0.397210 140.000000 138.000000 137.000000
-0.048632 0.116117 0.320160 139.000000 137.000000 133.000000
-0.054792 0.146513 0.403880 135.000000 131.000000 128.000000
-0.048753 0.148128 0.408250 137.000000 133.000000 130.000000
-0.042449 0.149324 0.411470 137.000000 135.000000 133.000000
-0.036077 0.150684 0.415150 136.000000 131.000000 133.000000
-0.029550 0.151874 0.418370 134.000000 132.000000 131.000000
-0.022928 0.153143 0.421820 129.000000 129.000000 129.000000
-0.016209 0.154576 0.425730 132.000000 135.000000 134.000000
-0.009391 0.156504 0.431020 135.000000 130.000000 132.000000
-0.002398 0.158261 0.435850 131.000000 128.000000 129.000000
0.004748 0.159845 0.440220 133.000000 133.000000 131.000000
0.011986 0.160756 0.442750 130.000000 131.000000 128.000000
0.019414 0.162580 0.447810 132.000000 130.000000 130.000000
0.026937 0.163981 0.451720 128.000000 128.000000 128.000000
0.034670 0.165795 0.456780 130.000000 127.000000 128.000000
0.042608 0.167770 0.462300 122.000000 124.000000 125.000000
0.055544 0.142973 0.394220 27.000000 26.000000 33.000000
0.061759 0.142522 0.393070 21.000000 25.000000 28.000000
0.080291 0.167916 0.463220 115.000000 109.000000 120.000000
0.091087 0.160416 0.442750 15.000000 18.000000 14.000000
0.097488 0.159128 0.439300 17.000000 14.000000 15.000000
0.104049 0.158261 0.437000 16.000000 14.000000 12.000000
0.111119 0.158231 0.437000 16.000000 19.000000 15.000000
0.118438 0.158539 0.437920 48.000000 39.000000 42.000000
0.150974 0.190659 0.526700 106.000000 94.000000 87.000000
0.160619 0.191979 0.530380 110.000000 102.000000 96.000000
0.171051 0.194061 0.536130 120.000000 114.000000 109.000000
0.181528 0.195991 0.541420 125.000000 123.000000 121.000000
0.191384 0.197106 0.544410 129.000000 129.000000 129.000000
0.154996 0.152595 0.421360 127.000000 125.000000 124.000000
0.197144 0.185900 0.513130 34.000000 38.000000 53.000000
0.131945 0.119384 0.329360 110.000000 108.000000 106.000000
0.241271 0.209809 0.578450 117.000000 115.000000 113.000000
0.253454 0.212153 0.584430 124.000000 123.000000 114.000000
0.265588 0.214291 0.589720 128.000000 127.000000 121.000000
0.220060 0.171375 0.471040 126.000000 129.000000 126.000000
