328.000000 7.000000 0.007504 -0.371766
339.000000 20.000000 0.025397 -0.351100
305.000000 51.000000 -0.029946 -0.301762
262.000000 68.000000 -0.100121 -0.274345
331.000000 71.000000 0.012470 -0.269814
285.000000 72.000000 -0.062654 -0.268112
332.000000 76.000000 0.014112 -0.261802
374.000000 95.000000 0.082839 -0.231079
418.000000 159.000000 0.155261 -0.127024
415.000000 163.000000 0.150405 -0.120536
421.000000 174.000000 0.160283 -0.102547
430.000000 379.000000 0.174269 0.232209
432.000000 380.000000 0.177505 0.233800
438.000000 393.000000 0.187075 0.254703
439.000000 400.000000 0.188606 0.265972
451.000000 406.000000 0.207965 0.275478
438.000000 412.000000 0.186832 0.285302
450.000000 414.000000 0.206242 0.288367
465.000000 416.000000 0.230476 0.291393
445.000000 417.000000 0.198110 0.293256
451.000000 417.000000 0.207823 0.293180
461.000000 417.000000 0.223998 0.293053
449.000000 419.000000 0.204560 0.296422
451.000000 421.000000 0.207772 0.299614
453.000000 421.000000 0.211008 0.299589
447.000000 423.000000 0.201273 0.302880
436.000000 427.000000 0.183407 0.309442
607.000000 444.000000 0.461469 0.337157
484.000000 447.000000 0.260840 0.341093
412.000000 451.000000 0.144223 0.348222
421.000000 452.000000 0.158816 0.349741
428.000000 454.000000 0.170147 0.352883
408.000000 455.000000 0.137694 0.354673
410.000000 455.000000 0.140940 0.354655
560.000000 455.000000 0.384124 0.354106
429.000000 456.000000 0.171749 0.356084
145.000000 472.000000 -0.289636 0.381562
407.000000 472.000000 0.135933 0.381946
433.000000 473.000000 0.178087 0.383359
392.000000 476.000000 0.111558 0.388465
398.000000 476.000000 0.121299 0.388426
411.000000 476.000000 0.142394 0.388338
429.000000 476.000000 0.171583 0.388211
