0.204284 -0.212990 0.582590 151.000000 143.000000 134.000000
0.270131 -0.228761 0.624450 146.000000 138.000000 132.000000
0.315008 -0.239734 0.652280 151.000000 141.000000 135.000000
0.107465 -0.183290 0.523480 153.000000 147.000000 140.000000
0.241357 -0.211243 0.604210 144.000000 142.000000 136.000000
0.282493 -0.220389 0.629280 141.000000 139.000000 138.000000
0.313250 -0.227872 0.649290 148.000000 142.000000 137.000000
0.282431 -0.210165 0.629510 149.000000 143.000000 140.000000
0.311320 -0.216009 0.645840 147.000000 140.000000 140.000000
0.253690 -0.193667 0.610420 148.000000 143.000000 142.000000
0.295686 -0.191772 0.636180 146.000000 144.000000 142.000000
0.311424 -0.184688 0.647220 148.000000 146.000000 145.000000
0.297514 -0.172265 0.640550 155.000000 148.000000 148.000000
0.310857 -0.173906 0.646300 150.000000 145.000000 145.000000
0.112003 -0.063166 0.250010 148.000000 146.000000 145.000000
0.279719 -0.127509 0.624450 151.000000 149.000000 143.000000
0.223798 -0.109886 0.583510 150.000000 151.000000 148.000000
0.224829 -0.100919 0.586040 151.000000 152.000000 149.000000
0.264101 -0.105168 0.611570 154.000000 152.000000 150.000000
0.307210 -0.099587 0.639400 154.000000 154.000000 154.000000
0.277012 -0.086336 0.618240 154.000000 154.000000 154.000000
-0.128890 -0.034669 0.280600 155.000000 150.000000 147.000000
-0.135760 -0.020707 0.276000 156.000000 152.000000 148.000000
0.177666 -0.041952 0.554760 149.000000 153.000000 157.000000
0.211978 -0.043396 0.575690 148.000000 152.000000 155.000000
0.287514 -0.046453 0.619160 154.000000 156.000000 158.000000
0.274268 -0.036041 0.611800 155.000000 155.000000 155.000000
0.287857 -0.036491 0.619850 157.000000 161.000000 165.000000
0.304949 -0.037338 0.634570 154.000000 156.000000 158.000000
0.189017 -0.024215 0.561890 149.000000 151.000000 150.000000
0.261194 -0.025854 0.604210 152.000000 154.000000 154.000000
0.302203 -0.026839 0.628820 151.000000 153.000000 152.000000
-0.128528 -0.007433 0.279680 158.000000 152.000000 150.000000
0.199758 0.003196 0.566720 147.000000 151.000000 152.000000
0.302367 0.003653 0.629050 156.000000 158.000000 157.000000
-0.135235 0.006049 0.274850 155.000000 150.000000 147.000000
0.260966 0.013225 0.603520 150.000000 152.000000 151.000000
0.197409 0.021342 0.560050 143.000000 150.000000 148.000000
0.246806 0.022576 0.592710 150.000000 150.000000 150.000000
0.301958 0.023961 0.628130 151.000000 153.000000 155.000000
0.095792 0.027348 0.500250 140.000000 145.000000 141.000000
0.187362 0.030272 0.556830 146.000000 151.000000 149.000000
0.300427 0.033946 0.624910 147.000000 153.000000 155.000000
0.222446 0.040801 0.578680 147.000000 150.000000 149.000000
0.259186 0.042233 0.599380 151.000000 153.000000 152.000000
0.273044 0.042899 0.608810 151.000000 152.000000 149.000000
-0.023540 0.037561 0.428030 141.000000 145.000000 148.000000
0.105778 0.044490 0.509450 143.000000 145.000000 144.000000
0.144642 0.046264 0.531300 142.000000 140.000000 143.000000
0.221456 0.049958 0.576150 147.000000 147.000000 145.000000
0.246026 0.051203 0.590870 146.000000 146.000000 146.000000
0.207643 0.058040 0.563730 142.000000 147.000000 148.000000
0.220461 0.059032 0.573620 143.000000 148.000000 147.000000
0.233969 0.060122 0.584430 147.000000 147.000000 147.000000
0.165412 0.064947 0.543720 140.000000 146.000000 146.000000
0.207782 0.067229 0.564190 149.000000 151.000000 152.000000
0.233488 0.069447 0.583280 146.000000 145.000000 148.000000
0.246000 0.070331 0.590870 145.000000 147.000000 149.000000
0.286309 0.073336 0.616170 143.000000 148.000000 147.000000
-0.096296 0.052255 0.384100 146.000000 144.000000 144.000000
0.027693 0.062847 0.459080 140.000000 142.000000 144.000000
0.114423 0.069683 0.511750 136.000000 141.000000 140.000000
0.153652 0.072418 0.533370 141.000000 146.000000 146.000000
0.196608 0.075597 0.558210 145.000000 148.000000 145.000000
0.285468 0.083062 0.614330 150.000000 150.000000 150.000000
-0.049621 0.063010 0.411700 139.000000 142.000000 141.000000
-0.009587 0.066853 0.436080 142.000000 144.000000 143.000000
0.185070 0.083533 0.550620 141.000000 146.000000 146.000000
0.196079 0.084428 0.556830 140.000000 142.000000 144.000000
0.220992 0.087138 0.575230 139.000000 143.000000 144.000000
0.232427 0.087944 0.580750 150.000000 145.000000 145.000000
0.244914 0.089072 0.588340 144.000000 144.000000 146.000000
0.256671 0.089862 0.593630 144.000000 144.000000 144.000000
0.283884 0.092487 0.610880 143.000000 148.000000 151.000000
-0.090494 0.065126 0.386170 147.000000 145.000000 146.000000
-0.043209 0.070332 0.415150 143.000000 143.000000 143.000000
-0.036807 0.071137 0.419750 143.000000 143.000000 145.000000
0.035387 0.078241 0.461610 139.000000 143.000000 144.000000
0.043535 0.079265 0.467820 139.000000 143.000000 144.000000
0.086478 0.083651 0.494960 139.000000 141.000000 143.000000
0.095355 0.084337 0.499330 139.000000 142.000000 141.000000
0.123521 0.086919 0.515660 142.000000 144.000000 143.000000
0.163927 0.090665 0.539350 140.000000 143.000000 142.000000
0.175086 0.091923 0.547170 139.000000 141.000000 143.000000
0.208092 0.094825 0.565340 140.000000 144.000000 145.000000
0.219986 0.096021 0.572700 140.000000 145.000000 143.000000
0.231481 0.096956 0.578450 145.000000 142.000000 145.000000
0.244324 0.098362 0.586960 146.000000 142.000000 143.000000
0.257561 0.099817 0.595700 144.000000 146.000000 148.000000
0.270799 0.101169 0.603750 142.000000 144.000000 145.000000
0.284442 0.102576 0.612030 143.000000 148.000000 149.000000
0.299175 0.104269 0.621920 144.000000 144.000000 146.000000
-0.073632 0.073485 0.396750 141.000000 141.000000 141.000000
-0.049392 0.076158 0.410320 146.000000 144.000000 144.000000
-0.043109 0.076958 0.414460 139.000000 138.000000 141.000000
-0.002425 0.081671 0.439300 142.000000 142.000000 144.000000
0.004836 0.082354 0.442980 144.000000 141.000000 144.000000
0.035255 0.085497 0.460230 138.000000 140.000000 142.000000
0.043397 0.086664 0.466670 141.000000 141.000000 141.000000
0.051565 0.087526 0.471500 140.000000 143.000000 142.000000
0.086184 0.091435 0.493580 139.000000 141.000000 143.000000
0.104206 0.093108 0.503240 140.000000 144.000000 145.000000
0.133484 0.096448 0.522330 138.000000 140.000000 142.000000
0.142899 0.097063 0.526010 143.000000 138.000000 138.000000
0.175029 0.100779 0.547170 138.000000 143.000000 139.000000
0.186126 0.101993 0.554070 140.000000 143.000000 140.000000
0.196471 0.102704 0.558210 142.000000 144.000000 141.000000
0.219599 0.105117 0.571780 140.000000 143.000000 142.000000
0.243640 0.107564 0.585350 147.000000 145.000000 146.000000
0.256864 0.109164 0.594090 145.000000 143.000000 141.000000
0.270400 0.110779 0.602830 143.000000 145.000000 146.000000
0.284044 0.112326 0.611110 144.000000 146.000000 148.000000
0.299003 0.114273 0.621460 145.000000 147.000000 147.000000
-0.171619 0.067554 0.336950 156.000000 152.000000 148.000000
-0.130965 0.072245 0.360870 150.000000 146.000000 143.000000
-0.036736 0.084740 0.419520 144.000000 144.000000 144.000000
-0.030122 0.085508 0.423200 143.000000 143.000000 143.000000
-0.002418 0.088578 0.438150 141.000000 141.000000 139.000000
0.019720 0.091112 0.450800 139.000000 141.000000 143.000000
0.043257 0.094011 0.465520 139.000000 138.000000 141.000000
0.051301 0.094764 0.469430 135.000000 140.000000 139.000000
0.068230 0.096950 0.480700 138.000000 142.000000 143.000000
0.094801 0.100076 0.497030 139.000000 141.000000 143.000000
0.104192 0.101310 0.503470 140.000000 143.000000 142.000000
0.113727 0.102495 0.509680 140.000000 142.000000 146.000000
0.122899 0.103216 0.513590 136.000000 141.000000 140.000000
0.132772 0.104397 0.519800 138.000000 142.000000 141.000000
0.142459 0.105300 0.524630 137.000000 137.000000 137.000000
0.152754 0.106526 0.531070 138.000000 142.000000 141.000000
0.184759 0.110171 0.550160 143.000000 144.000000 141.000000
0.195128 0.110995 0.554530 139.000000 143.000000 144.000000
0.206825 0.112469 0.562120 138.000000 142.000000 143.000000
0.219567 0.114365 0.571780 144.000000 144.000000 144.000000
0.244491 0.117452 0.587420 142.000000 144.000000 143.000000
0.256569 0.118646 0.593400 143.000000 143.000000 143.000000
0.269904 0.120317 0.601680 143.000000 145.000000 144.000000
0.283335 0.121914 0.609500 146.000000 149.000000 148.000000
0.298289 0.124040 0.619850 140.000000 145.000000 141.000000
-0.126010 0.078657 0.363400 145.000000 143.000000 141.000000
-0.116562 0.080272 0.370530 146.000000 144.000000 140.000000
-0.111286 0.080812 0.372830 150.000000 146.000000 143.000000
-0.079052 0.085295 0.392150 142.000000 140.000000 139.000000
-0.023302 0.092944 0.425730 140.000000 139.000000 142.000000
0.004827 0.096738 0.442980 142.000000 142.000000 144.000000
0.043244 0.101607 0.465750 138.000000 140.000000 142.000000
0.059619 0.103532 0.474950 139.000000 142.000000 141.000000
0.068539 0.105289 0.483230 142.000000 142.000000 142.000000
0.076917 0.105937 0.486450 138.000000 141.000000 140.000000
0.094696 0.108072 0.496800 138.000000 142.000000 141.000000
0.103700 0.109008 0.501400 139.000000 141.000000 143.000000
0.122337 0.111074 0.511520 140.000000 144.000000 145.000000
0.132411 0.112553 0.518650 135.000000 141.000000 137.000000
0.142080 0.113533 0.523480 139.000000 139.000000 137.000000
0.152755 0.115162 0.531300 138.000000 141.000000 140.000000
0.163115 0.116393 0.537280 138.000000 140.000000 142.000000
0.174249 0.118025 0.545100 140.000000 140.000000 140.000000
0.184551 0.118964 0.549700 139.000000 142.000000 141.000000
0.195647 0.120307 0.556140 140.000000 138.000000 139.000000
0.206870 0.121607 0.562350 139.000000 141.000000 143.000000
0.219183 0.123414 0.570860 140.000000 143.000000 140.000000
0.231968 0.125330 0.579830 142.000000 142.000000 140.000000
0.244103 0.126762 0.586500 142.000000 144.000000 143.000000
0.255486 0.127713 0.590870 141.000000 140.000000 143.000000
0.267972 0.129128 0.597310 142.000000 142.000000 140.000000
0.296813 0.133417 0.616630 144.000000 146.000000 146.000000
-0.121195 0.085313 0.366620 146.000000 142.000000 139.000000
-0.095451 0.089067 0.381800 146.000000 146.000000 146.000000
-0.079003 0.091634 0.392150 140.000000 138.000000 139.000000
-0.061610 0.094411 0.403420 143.000000 138.000000 140.000000
-0.029994 0.098950 0.422050 136.000000 136.000000 138.000000
-0.023283 0.099834 0.425730 142.000000 142.000000 144.000000
-0.009525 0.101964 0.434700 138.000000 141.000000 140.000000
0.004816 0.103800 0.442520 138.000000 141.000000 140.000000
0.019686 0.105719 0.450800 134.000000 133.000000 136.000000
0.027346 0.106777 0.455400 136.000000 136.000000 138.000000
0.051320 0.110182 0.470350 138.000000 140.000000 142.000000
0.059659 0.111376 0.475640 140.000000 143.000000 142.000000
0.068129 0.112511 0.480700 136.000000 141.000000 140.000000
0.085689 0.114981 0.491740 109.000000 104.000000 108.000000
0.075838 0.093043 0.398130 133.000000 137.000000 138.000000
0.112568 0.117903 0.505080 133.000000 137.000000 138.000000
0.122489 0.119552 0.512440 141.000000 140.000000 143.000000
0.141888 0.121882 0.523020 139.000000 139.000000 134.000000
0.152358 0.123476 0.530150 135.000000 137.000000 136.000000
0.162424 0.124590 0.535210 136.000000 138.000000 139.000000
0.173382 0.126242 0.542570 137.000000 139.000000 141.000000
0.184189 0.127632 0.548780 139.000000 138.000000 141.000000
0.196330 0.129776 0.558210 143.000000 144.000000 141.000000
0.207679 0.131233 0.564650 138.000000 140.000000 142.000000
0.231218 0.134287 0.577990 141.000000 141.000000 141.000000
0.243817 0.136101 0.585810 140.000000 140.000000 140.000000
0.255106 0.137077 0.589950 140.000000 143.000000 142.000000
0.267598 0.138607 0.596390 139.000000 142.000000 141.000000
0.283446 0.141711 0.609500 139.000000 143.000000 144.000000
0.297012 0.143505 0.616860 141.000000 141.000000 141.000000
-0.125634 0.090177 0.362480 146.000000 142.000000 139.000000
-0.042932 0.103693 0.414000 139.000000 138.000000 141.000000
-0.016514 0.108169 0.431480 139.000000 138.000000 141.000000
-0.009517 0.108987 0.434700 136.000000 135.000000 140.000000
-0.002415 0.109856 0.438150 141.000000 141.000000 141.000000
0.004801 0.110719 0.441600 139.000000 139.000000 139.000000
0.012185 0.112094 0.447120 140.000000 139.000000 142.000000
0.019678 0.113059 0.451030 136.000000 138.000000 139.000000
0.027336 0.114191 0.455630 137.000000 137.000000 137.000000
0.035122 0.115258 0.460000 137.000000 139.000000 139.000000
0.043109 0.116492 0.465060 139.000000 136.000000 139.000000
0.051253 0.117720 0.470120 138.000000 140.000000 142.000000
0.059410 0.118653 0.474030 136.000000 141.000000 144.000000
0.076259 0.120793 0.483000 135.000000 140.000000 139.000000
0.068406 0.098197 0.392840 136.000000 141.000000 144.000000
0.095226 0.124982 0.500250 135.000000 135.000000 137.000000
0.103616 0.125261 0.501630 127.000000 133.000000 136.000000
0.112756 0.126342 0.506230 134.000000 132.000000 131.000000
0.132039 0.129072 0.517730 135.000000 140.000000 139.000000
0.141633 0.130151 0.522330 135.000000 134.000000 130.000000
0.151963 0.131746 0.529000 137.000000 139.000000 139.000000
0.162362 0.133230 0.535210 138.000000 141.000000 140.000000
0.174133 0.135633 0.545100 134.000000 133.000000 136.000000
0.184525 0.136782 0.549930 133.000000 137.000000 138.000000
0.196126 0.138682 0.557750 137.000000 137.000000 139.000000
0.207900 0.140534 0.565340 138.000000 140.000000 142.000000
0.218783 0.141654 0.569940 140.000000 142.000000 144.000000
0.230384 0.143130 0.575920 134.000000 139.000000 139.000000
0.242774 0.144965 0.583280 140.000000 140.000000 140.000000
0.255533 0.146877 0.590870 139.000000 142.000000 141.000000
0.269094 0.149096 0.599610 142.000000 140.000000 141.000000
0.283951 0.151856 0.610420 138.000000 141.000000 140.000000
0.298669 0.154361 0.620080 139.000000 141.000000 143.000000
-0.171844 0.089538 0.336720 155.000000 147.000000 143.000000
-0.111023 0.098753 0.372370 147.000000 140.000000 138.000000
-0.095123 0.101144 0.380880 142.000000 140.000000 141.000000
-0.089773 0.102109 0.384330 143.000000 136.000000 137.000000
-0.055425 0.108392 0.406870 139.000000 142.000000 141.000000
-0.023233 0.113515 0.425500 137.000000 137.000000 139.000000
0.004798 0.117900 0.441830 137.000000 137.000000 139.000000
0.019660 0.120331 0.451030 133.000000 136.000000 135.000000
0.035074 0.122613 0.459770 132.000000 135.000000 134.000000
0.043072 0.123990 0.465060 135.000000 140.000000 141.000000
0.051085 0.124992 0.468970 134.000000 139.000000 139.000000
0.059333 0.126234 0.473800 136.000000 137.000000 141.000000
0.067730 0.127470 0.478630 135.000000 140.000000 139.000000
0.066316 0.101408 0.381110 136.000000 136.000000 138.000000
0.086498 0.120934 0.454710 72.000000 80.000000 84.000000
0.103549 0.133347 0.501630 130.000000 134.000000 133.000000
0.112791 0.134625 0.506690 127.000000 127.000000 125.000000
0.122241 0.135962 0.511980 131.000000 134.000000 131.000000
0.131971 0.137420 0.517730 137.000000 140.000000 137.000000
0.141754 0.138758 0.523020 134.000000 132.000000 131.000000
0.151569 0.139975 0.527850 135.000000 137.000000 136.000000
0.161884 0.141500 0.533830 137.000000 140.000000 137.000000
0.172904 0.143457 0.541420 139.000000 137.000000 137.000000
0.184093 0.145359 0.548780 140.000000 139.000000 142.000000
0.195280 0.147086 0.555450 139.000000 136.000000 139.000000
0.206436 0.148641 0.561430 137.000000 137.000000 137.000000
0.217534 0.150026 0.566720 140.000000 140.000000 140.000000
0.229558 0.151913 0.573850 134.000000 134.000000 132.000000
0.242412 0.154183 0.582360 142.000000 137.000000 139.000000
0.256172 0.156839 0.592250 141.000000 139.000000 140.000000
0.268643 0.158546 0.598460 142.000000 144.000000 141.000000
0.282975 0.161194 0.608120 142.000000 144.000000 145.000000
0.297688 0.163877 0.617780 139.000000 141.000000 145.000000
-0.105625 0.105447 0.374670 141.000000 139.000000 140.000000
-0.080628 0.085414 0.303370 147.000000 140.000000 140.000000
-0.078485 0.110084 0.390310 142.000000 140.000000 139.000000
-0.061197 0.113405 0.401580 138.000000 136.000000 134.000000
-0.042745 0.116707 0.412850 139.000000 138.000000 141.000000
-0.029840 0.119041 0.420900 135.000000 137.000000 136.000000
-0.023152 0.120039 0.424350 137.000000 137.000000 139.000000
-0.016400 0.121421 0.429180 142.000000 137.000000 139.000000
-0.002405 0.123583 0.436770 139.000000 138.000000 141.000000
0.004790 0.124947 0.441600 140.000000 137.000000 141.000000
0.019591 0.127266 0.449880 138.000000 136.000000 134.000000
0.034955 0.129688 0.458620 133.000000 132.000000 137.000000
0.059286 0.133860 0.473800 133.000000 135.000000 139.000000
0.082507 0.133894 0.474490 132.000000 135.000000 134.000000
0.085740 0.127217 0.451030 127.000000 135.000000 144.000000
0.110421 0.139868 0.496340 130.000000 130.000000 132.000000
0.121955 0.143950 0.511060 113.000000 109.000000 103.000000
0.131905 0.145763 0.517730 131.000000 130.000000 123.000000
0.151245 0.148228 0.526930 133.000000 136.000000 133.000000
0.161690 0.149983 0.533370 135.000000 133.000000 136.000000
0.172268 0.151679 0.539580 137.000000 134.000000 135.000000
0.183281 0.153577 0.546480 134.000000 134.000000 134.000000
0.194522 0.155484 0.553380 138.000000 141.000000 140.000000
0.217972 0.159528 0.567870 139.000000 137.000000 137.000000
0.230124 0.161606 0.575230 136.000000 138.000000 137.000000
0.243116 0.164092 0.583970 139.000000 139.000000 139.000000
0.255731 0.166149 0.591100 137.000000 134.000000 137.000000
0.282019 0.170477 0.605820 139.000000 137.000000 137.000000
0.295732 0.172759 0.613410 142.000000 140.000000 139.000000
-0.125575 0.107761 0.362480 150.000000 144.000000 141.000000
-0.110677 0.110496 0.371450 146.000000 139.000000 137.000000
-0.089625 0.114422 0.384100 143.000000 138.000000 138.000000
-0.072705 0.117371 0.393530 139.000000 142.000000 139.000000
-0.055218 0.121209 0.405950 139.000000 139.000000 139.000000
-0.036182 0.124061 0.415150 142.000000 140.000000 141.000000
-0.016334 0.127905 0.427800 135.000000 135.000000 135.000000
-0.002401 0.130395 0.436080 140.000000 140.000000 140.000000
0.012100 0.133135 0.445280 133.000000 135.000000 137.000000
0.019563 0.134426 0.449650 133.000000 136.000000 135.000000
0.027234 0.136055 0.455170 133.000000 133.000000 133.000000
0.034942 0.137127 0.458850 134.000000 133.000000 138.000000
0.050775 0.139460 0.466900 134.000000 132.000000 135.000000
0.059123 0.141201 0.472880 135.000000 135.000000 137.000000
0.026940 0.056914 0.190670 132.000000 134.000000 136.000000
0.080770 0.138643 0.464830 129.000000 128.000000 133.000000
0.122165 0.152520 0.512210 89.000000 87.000000 85.000000
0.141319 0.155273 0.521870 118.000000 116.000000 112.000000
0.151189 0.156723 0.526930 128.000000 129.000000 124.000000
0.161988 0.158930 0.534520 132.000000 135.000000 134.000000
0.172886 0.161006 0.541650 134.000000 134.000000 134.000000
0.183479 0.162612 0.547170 137.000000 134.000000 135.000000
0.194742 0.164639 0.554070 136.000000 136.000000 136.000000
0.219040 0.169555 0.570630 137.000000 137.000000 141.000000
0.229966 0.170810 0.574770 137.000000 133.000000 139.000000
0.242111 0.172838 0.581440 132.000000 136.000000 137.000000
0.254811 0.175097 0.588800 141.000000 136.000000 137.000000
0.267178 0.176975 0.594780 135.000000 137.000000 138.000000
0.281622 0.180052 0.604670 142.000000 137.000000 141.000000
0.295799 0.182758 0.613180 132.000000 134.000000 136.000000
-0.061111 0.126314 0.401580 144.000000 140.000000 139.000000
-0.055179 0.127728 0.405950 143.000000 138.000000 142.000000
-0.029711 0.132199 0.419750 139.000000 137.000000 137.000000
-0.023052 0.133306 0.423200 132.000000 131.000000 134.000000
-0.016322 0.134771 0.427800 139.000000 137.000000 137.000000
-0.002399 0.137320 0.435850 136.000000 137.000000 134.000000
0.004767 0.138767 0.440450 139.000000 136.000000 139.000000
0.019515 0.141424 0.448960 133.000000 132.000000 135.000000
0.027141 0.142997 0.454020 130.000000 130.000000 130.000000
0.034842 0.144202 0.457930 133.000000 132.000000 135.000000
0.042728 0.145617 0.462530 133.000000 130.000000 134.000000
0.050709 0.146883 0.466670 126.000000 128.000000 132.000000
0.059048 0.148721 0.472650 133.000000 132.000000 135.000000
0.067218 0.149759 0.476100 132.000000 131.000000 134.000000
0.075275 0.150358 0.478170 124.000000 128.000000 131.000000
0.090989 0.138705 0.441600 30.000000 26.000000 34.000000
0.105600 0.139034 0.442980 33.000000 33.000000 31.000000
0.131432 0.162004 0.516350 104.000000 99.000000 85.000000
0.141014 0.163393 0.520950 114.000000 103.000000 98.000000
0.150743 0.164786 0.525550 119.000000 118.000000 114.000000
0.161039 0.166618 0.531530 128.000000 131.000000 125.000000
0.172264 0.169178 0.539810 136.000000 131.000000 133.000000
0.183454 0.171459 0.547170 130.000000 132.000000 132.000000
0.194326 0.173249 0.552920 134.000000 134.000000 134.000000
0.207090 0.176494 0.563270 135.000000 135.000000 135.000000
0.218002 0.177955 0.567870 137.000000 134.000000 135.000000
0.228813 0.179220 0.571780 135.000000 135.000000 135.000000
0.241220 0.181591 0.579140 137.000000 134.000000 135.000000
0.254010 0.184063 0.586730 139.000000 137.000000 135.000000
0.268236 0.187362 0.596850 139.000000 137.000000 137.000000
0.282431 0.190412 0.606050 134.000000 134.000000 132.000000
0.299006 0.194810 0.619390 131.000000 134.000000 133.000000
-0.172107 0.111609 0.336030 150.000000 145.000000 145.000000
-0.105328 0.123347 0.373980 143.000000 138.000000 138.000000
-0.084122 0.128038 0.387780 140.000000 140.000000 138.000000
-0.066932 0.131428 0.397670 138.000000 134.000000 133.000000
-0.060861 0.132304 0.400200 139.000000 137.000000 137.000000
-0.048678 0.134658 0.407100 137.000000 133.000000 132.000000
-0.029607 0.138548 0.418600 133.000000 133.000000 133.000000
-0.023022 0.140014 0.422970 135.000000 133.000000 134.000000
-0.016319 0.141704 0.428030 138.000000 140.000000 142.000000
-0.009408 0.142779 0.431250 135.000000 135.000000 135.000000
-0.002397 0.144229 0.435620 139.000000 137.000000 137.000000
0.004761 0.145826 0.440450 135.000000 135.000000 135.000000
0.012058 0.147188 0.444590 133.000000 136.000000 135.000000
0.027035 0.149819 0.452640 132.000000 131.000000 134.000000
0.034707 0.151087 0.456550 134.000000 132.000000 133.000000
0.058889 0.155999 0.471730 130.000000 127.000000 128.000000
0.067331 0.157779 0.477250 126.000000 128.000000 130.000000
0.075693 0.159022 0.481160 124.000000 126.000000 128.000000
0.083298 0.158590 0.480010 126.000000 130.000000 131.000000
0.127751 0.165615 0.502090 53.000000 48.000000 50.000000
0.141215 0.172092 0.521870 105.000000 95.000000 85.000000
0.150635 0.173188 0.525320 114.000000 109.000000 99.000000
0.160865 0.175049 0.531070 124.000000 120.000000 119.000000
0.171432 0.177070 0.537280 125.000000 128.000000 127.000000
0.182824 0.179710 0.545330 128.000000 130.000000 129.000000
0.192953 0.180923 0.549010 126.000000 128.000000 130.000000
0.215655 0.185144 0.561660 134.000000 133.000000 136.000000
0.222521 0.183306 0.555910 132.000000 135.000000 132.000000
0.090946 0.072005 0.218270 132.000000 132.000000 132.000000
0.222549 0.169604 0.513820 31.000000 27.000000 37.000000
0.193924 0.137501 0.415840 33.000000 25.000000 30.000000
0.302586 0.207334 0.626290 129.000000 123.000000 130.000000
-0.105241 0.129304 0.373750 147.000000 138.000000 137.000000
-0.100046 0.130441 0.376970 143.000000 139.000000 134.000000
-0.060824 0.138725 0.400200 138.000000 136.000000 132.000000
-0.054762 0.139876 0.403420 140.000000 138.000000 137.000000
-0.023031 0.146949 0.423430 134.000000 132.000000 133.000000
-0.016298 0.148479 0.427800 138.000000 135.000000 136.000000
0.012022 0.153989 0.443670 137.000000 133.000000 132.000000
0.019460 0.155651 0.448500 134.000000 134.000000 132.000000
0.026972 0.156829 0.451950 129.000000 129.000000 129.000000
0.042490 0.159807 0.460690 128.000000 128.000000 130.000000
0.050407 0.161128 0.464600 126.000000 125.000000 130.000000
0.058560 0.162764 0.469430 129.000000 129.000000 131.000000
0.075753 0.166981 0.481850 120.000000 117.000000 123.000000
0.083566 0.166933 0.481850 117.000000 120.000000 126.000000
0.104413 0.151700 0.438380 15.000000 18.000000 14.000000
0.111736 0.151981 0.439300 24.000000 25.000000 22.000000
0.118589 0.151629 0.438380 100.000000 95.000000 85.000000
0.150931 0.182066 0.526470 110.000000 100.000000 94.000000
0.160910 0.183712 0.531300 119.000000 113.000000 108.000000
0.171051 0.185369 0.536130 124.000000 121.000000 124.000000
0.182284 0.187993 0.543720 126.000000 126.000000 126.000000
0.192484 0.189360 0.547630 134.000000 134.000000 134.000000
0.201645 0.189631 0.548320 125.000000 130.000000 128.000000
0.206613 0.186105 0.537970 129.000000 131.000000 132.000000
0.207404 0.179255 0.517960 37.000000 30.000000 44.000000
0.213807 0.177602 0.512900 23.000000 18.000000 22.000000
0.253178 0.202434 0.584200 112.000000 119.000000 114.000000
0.263713 0.203252 0.586040 119.000000 118.000000 112.000000
0.251823 0.181033 0.520720 30.000000 19.000000 16.000000
-0.171979 0.122487 0.334880 149.000000 143.000000 140.000000
-0.148870 0.126109 0.347300 153.000000 144.000000 145.000000
-0.144060 0.126843 0.349600 147.000000 138.000000 139.000000
-0.139569 0.127930 0.352820 147.000000 140.000000 138.000000
-0.115181 0.132839 0.366850 144.000000 140.000000 137.000000
-0.104966 0.135012 0.372830 145.000000 136.000000 134.000000
-0.100086 0.136609 0.377200 147.000000 141.000000 136.000000
-0.078185 0.141296 0.389850 137.000000 135.000000 131.000000
-0.072502 0.142579 0.393300 137.000000 133.000000 130.000000
-0.048632 0.116117 0.320160 141.000000 136.000000 135.000000
-0.054761 0.146429 0.403650 134.000000 134.000000 134.000000
-0.042449 0.149324 0.411470 130.000000 130.000000 130.000000
-0.036097 0.150768 0.415380 129.000000 129.000000 131.000000
-0.022928 0.153143 0.421820 130.000000 130.000000 130.000000
-0.009391 0.156504 0.431020 136.000000 129.000000 130.000000
-0.002392 0.157926 0.434930 130.000000 130.000000 130.000000
0.011992 0.160839 0.442980 134.000000 132.000000 135.000000
0.034670 0.165795 0.456780 127.000000 122.000000 123.000000
0.042396 0.166935 0.460000 125.000000 123.000000 123.000000
0.055447 0.142723 0.393530 30.000000 26.000000 32.000000
0.080450 0.168249 0.464140 109.000000 109.000000 111.000000
0.090613 0.159582 0.440450 15.000000 15.000000 15.000000
0.097488 0.159128 0.439300 11.000000 16.000000 12.000000
0.104322 0.158678 0.438150 14.000000 14.000000 12.000000
0.111411 0.158647 0.438150 16.000000 16.000000 20.000000
0.150908 0.190575 0.526470 100.000000 93.000000 79.000000
0.160549 0.191896 0.530150 113.000000 103.000000 95.000000
0.181142 0.195575 0.540270 124.000000 122.000000 118.000000
0.190737 0.196440 0.542570 130.000000 127.000000 128.000000
0.155334 0.152929 0.422280 126.000000 129.000000 126.000000
0.196702 0.185484 0.511980 38.000000 37.000000 46.000000
0.211186 0.191080 0.527160 108.000000 105.000000 93.000000
0.241271 0.209809 0.578450 116.000000 117.000000 112.000000
0.252955 0.211736 0.583280 122.000000 125.000000 121.000000
0.265070 0.213873 0.588570 126.000000 124.000000 123.000000
0.165367 0.128783 0.353970 136.000000 129.000000 134.000000
