327.000000 7.000000 0.005880 -0.371767
305.000000 51.000000 -0.029946 -0.301762
330.000000 82.000000 0.010851 -0.252181
371.000000 95.000000 0.077939 -0.231102
374.000000 95.000000 0.082839 -0.231079
418.000000 160.000000 0.155270 -0.125396
413.000000 163.000000 0.147142 -0.120553
417.000000 173.000000 0.153752 -0.104211
419.000000 174.000000 0.157022 -0.102563
432.000000 380.000000 0.177505 0.233800
438.000000 393.000000 0.187075 0.254703
440.000000 400.000000 0.190227 0.265959
452.000000 408.000000 0.209557 0.278684
447.000000 415.000000 0.201373 0.290014
465.000000 416.000000 0.230476 0.291393
467.000000 416.000000 0.233708 0.291367
445.000000 417.000000 0.198110 0.293256
443.000000 419.000000 0.194845 0.296498
449.000000 419.000000 0.204560 0.296422
451.000000 421.000000 0.207772 0.299614
447.000000 423.000000 0.201273 0.302880
436.000000 427.000000 0.183407 0.309442
610.000000 436.000000 0.466207 0.324062
608.000000 444.000000 0.463141 0.337193
483.000000 446.000000 0.259232 0.339490
620.000000 452.000000 0.483708 0.350992
409.000000 453.000000 0.139335 0.351457
419.000000 454.000000 0.155553 0.352969
428.000000 454.000000 0.170147 0.352883
408.000000 455.000000 0.137694 0.354673
429.000000 456.000000 0.171749 0.356084
407.000000 472.000000 0.135933 0.381946
449.000000 472.000000 0.204016 0.381634
139.000000 473.000000 -0.299383 0.383199
433.000000 473.000000 0.178087 0.383359
392.000000 476.000000 0.111558 0.388465
394.000000 476.000000 0.114805 0.388452
396.000000 476.000000 0.118052 0.388439
411.000000 476.000000 0.142394 0.388338
