610.000000 5.000000 0.466236 -0.375337
610.000000 56.000000 0.464672 -0.291675
614.000000 56.000000 0.471293 -0.291749
275.000000 64.000000 -0.078910 -0.280850
617.000000 73.000000 0.475969 -0.264157
129.000000 77.000000 -0.315354 -0.258098
632.000000 87.000000 0.500610 -0.241651
615.000000 89.000000 0.472492 -0.238189
633.000000 89.000000 0.502240 -0.238417
576.000000 93.000000 0.409062 -0.231684
586.000000 93.000000 0.425227 -0.231647
594.000000 93.000000 0.438197 -0.231637
600.000000 93.000000 0.447951 -0.231643
603.000000 93.000000 0.452838 -0.231650
593.000000 95.000000 0.436575 -0.228409
595.000000 95.000000 0.439821 -0.228409
280.000000 96.000000 -0.070968 -0.229544
297.000000 96.000000 -0.043160 -0.229631
628.000000 97.000000 0.493831 -0.225359
631.000000 97.000000 0.498797 -0.225397
585.000000 100.000000 0.423631 -0.220362
607.000000 100.000000 0.459339 -0.220350
618.000000 100.000000 0.477332 -0.220404
233.000000 101.000000 -0.147686 -0.221049
616.000000 103.000000 0.474035 -0.215538
618.000000 104.000000 0.477306 -0.213932
566.000000 106.000000 0.393043 -0.210812
549.000000 107.000000 0.365750 -0.209372
528.000000 109.000000 0.332097 -0.206420
522.000000 110.000000 0.322490 -0.204895
605.000000 110.000000 0.456066 -0.204194
508.000000 111.000000 0.300045 -0.203492
503.000000 112.000000 0.292033 -0.201958
589.000000 112.000000 0.430141 -0.200996
543.000000 113.000000 0.356198 -0.199784
545.000000 113.000000 0.359405 -0.199760
606.000000 113.000000 0.457690 -0.199350
207.000000 114.000000 -0.190090 -0.199751
531.000000 114.000000 0.336975 -0.198330
588.000000 114.000000 0.428535 -0.197776
284.000000 115.000000 -0.064535 -0.198913
520.000000 115.000000 0.319354 -0.196873
514.000000 116.000000 0.309746 -0.195350
606.000000 116.000000 0.457690 -0.194506
503.000000 117.000000 0.292109 -0.193904
608.000000 117.000000 0.460941 -0.192891
232.000000 118.000000 -0.149515 -0.193609
421.000000 121.000000 0.159729 -0.188648
423.000000 121.000000 0.162981 -0.188623
597.000000 122.000000 0.443110 -0.184838
287.000000 123.000000 -0.059660 -0.185981
636.000000 123.000000 0.506789 -0.183310
234.000000 124.000000 -0.146325 -0.183928
281.000000 124.000000 -0.069500 -0.184329
284.000000 124.000000 -0.064583 -0.184345
296.000000 124.000000 -0.044904 -0.184399
236.000000 125.000000 -0.143077 -0.182332
600.000000 125.000000 0.447973 -0.179989
621.000000 125.000000 0.482125 -0.179989
269.000000 128.000000 -0.089184 -0.177770
104.000000 129.000000 -0.356176 -0.174088
137.000000 129.000000 -0.303235 -0.174523
94.000000 130.000000 -0.372226 -0.172362
102.000000 130.000000 -0.359395 -0.172452
108.000000 130.000000 -0.349774 -0.172524
629.000000 130.000000 0.495213 -0.171936
91.000000 131.000000 -0.377050 -0.170717
265.000000 132.000000 -0.095762 -0.171253
281.000000 134.000000 -0.069555 -0.168109
314.000000 135.000000 -0.015375 -0.166592
340.000000 135.000000 0.027345 -0.166575
345.000000 135.000000 0.035557 -0.166562
626.000000 135.000000 0.490275 -0.163841
331.000000 136.000000 0.012560 -0.164966
620.000000 136.000000 0.480469 -0.162212
274.000000 137.000000 -0.081051 -0.163197
326.000000 137.000000 0.004344 -0.163345
607.000000 137.000000 0.459339 -0.160605
286.000000 138.000000 -0.061372 -0.161636
289.000000 138.000000 -0.056448 -0.161650
601.000000 138.000000 0.449632 -0.159009
603.000000 139.000000 0.452869 -0.157388
344.000000 140.000000 0.033929 -0.158438
282.000000 141.000000 -0.067951 -0.156740
332.000000 141.000000 0.014210 -0.156835
261.000000 142.000000 -0.102385 -0.154983
630.000000 142.000000 0.496807 -0.152537
615.000000 143.000000 0.472329 -0.150906
38.000000 145.000000 -0.462537 -0.147774
346.000000 145.000000 0.037230 -0.150296
605.000000 145.000000 0.456123 -0.147699
332.000000 146.000000 0.014216 -0.148697
282.000000 147.000000 -0.067981 -0.146977
294.000000 149.000000 -0.048276 -0.143768
316.000000 150.000000 -0.012101 -0.142184
350.000000 150.000000 0.043820 -0.142140
332.000000 151.000000 0.014222 -0.140550
614.000000 151.000000 0.470716 -0.137991
299.000000 152.000000 -0.040066 -0.138894
620.000000 152.000000 0.480466 -0.136369
323.000000 154.000000 -0.000584 -0.135664
604.000000 154.000000 0.454539 -0.133176
606.000000 154.000000 0.457770 -0.133169
304.000000 157.000000 -0.031853 -0.130750
309.000000 157.000000 -0.023626 -0.130759
309.000000 160.000000 -0.023630 -0.125861
616.000000 160.000000 0.473978 -0.123455
620.000000 160.000000 0.480473 -0.123448
301.000000 161.000000 -0.036798 -0.124213
605.000000 161.000000 0.456181 -0.121873
603.000000 163.000000 0.452962 -0.118653
608.000000 163.000000 0.461034 -0.118633
636.000000 164.000000 0.506593 -0.116990
615.000000 166.000000 0.472370 -0.113769
626.000000 167.000000 0.490244 -0.112136
633.000000 167.000000 0.501674 -0.112137
617.000000 168.000000 0.475617 -0.110534
275.000000 169.000000 -0.079581 -0.111051
309.000000 169.000000 -0.023643 -0.111151
605.000000 170.000000 0.456217 -0.107343
604.000000 172.000000 0.454613 -0.104119
607.000000 172.000000 0.459453 -0.104106
622.000000 172.000000 0.483741 -0.104064
627.000000 172.000000 0.491877 -0.104058
301.000000 173.000000 -0.036824 -0.104593
616.000000 174.000000 0.474011 -0.100847
285.000000 177.000000 -0.063171 -0.098002
606.000000 177.000000 0.457859 -0.096037
601.000000 178.000000 0.449807 -0.094444
298.000000 179.000000 -0.041777 -0.094762
631.000000 179.000000 0.498404 -0.092747
634.000000 179.000000 0.503306 -0.092746
616.000000 180.000000 0.474027 -0.091157
625.000000 180.000000 0.488630 -0.091137
606.000000 181.000000 0.457875 -0.089577
601.000000 182.000000 0.449825 -0.087984
604.000000 182.000000 0.454656 -0.087970
615.000000 182.000000 0.472414 -0.087930
626.000000 183.000000 0.490261 -0.086290
301.000000 184.000000 -0.036844 -0.086573
606.000000 186.000000 0.457896 -0.081502
302.000000 187.000000 -0.035201 -0.081656
630.000000 187.000000 0.496781 -0.079822
636.000000 187.000000 0.506579 -0.079817
623.000000 188.000000 0.485395 -0.078218
607.000000 189.000000 0.459519 -0.076652
615.000000 189.000000 0.472436 -0.076624
627.000000 190.000000 0.491900 -0.074979
618.000000 191.000000 0.477296 -0.073384
297.000000 194.000000 -0.043453 -0.070161
605.000000 194.000000 0.456317 -0.068583
623.000000 195.000000 0.485411 -0.066910
633.000000 195.000000 0.501684 -0.066891
284.000000 197.000000 -0.064875 -0.065209
287.000000 197.000000 -0.059934 -0.065216
606.000000 198.000000 0.457943 -0.062117
615.000000 198.000000 0.472464 -0.062085
623.000000 198.000000 0.485418 -0.062063
633.000000 202.000000 0.501694 -0.055579
155.000000 203.000000 -0.275117 -0.054730
286.000000 203.000000 -0.061594 -0.055360
298.000000 203.000000 -0.041819 -0.055381
606.000000 203.000000 0.457962 -0.054038
616.000000 203.000000 0.474096 -0.054004
623.000000 203.000000 0.485431 -0.053985
624.000000 205.000000 0.487058 -0.050751
628.000000 205.000000 0.493556 -0.050741
138.000000 206.000000 -0.302455 -0.049739
161.000000 206.000000 -0.265475 -0.049881
151.000000 207.000000 -0.281577 -0.048191
153.000000 208.000000 -0.278366 -0.046574
142.000000 209.000000 -0.296052 -0.044882
151.000000 209.000000 -0.281589 -0.044934
159.000000 209.000000 -0.268714 -0.044980
295.000000 209.000000 -0.046773 -0.045514
167.000000 210.000000 -0.255825 -0.043394
623.000000 210.000000 0.485449 -0.042674
627.000000 210.000000 0.491942 -0.042664
633.000000 210.000000 0.501708 -0.042651
142.000000 211.000000 -0.296063 -0.041628
144.000000 211.000000 -0.292851 -0.041639
153.000000 211.000000 -0.278383 -0.041688
157.000000 211.000000 -0.271946 -0.041710
162.000000 211.000000 -0.263892 -0.041736
148.000000 212.000000 -0.286429 -0.040032
606.000000 212.000000 0.457995 -0.039495
617.000000 212.000000 0.475740 -0.039459
153.000000 213.000000 -0.278394 -0.038430
155.000000 213.000000 -0.275175 -0.038440
165.000000 213.000000 -0.259067 -0.038491
633.000000 213.000000 0.501715 -0.037802
159.000000 214.000000 -0.268741 -0.036830
299.000000 214.000000 -0.040182 -0.037297
161.000000 215.000000 -0.265524 -0.035210
166.000000 215.000000 -0.257464 -0.035233
605.000000 216.000000 0.456399 -0.033033
31.000000 217.000000 -0.474086 -0.031401
162.000000 217.000000 -0.263921 -0.031953
165.000000 217.000000 -0.259085 -0.031966
302.000000 217.000000 -0.035236 -0.032364
307.000000 217.000000 -0.026987 -0.032367
617.000000 218.000000 0.475758 -0.029763
636.000000 218.000000 0.506621 -0.029714
163.000000 219.000000 -0.262318 -0.028695
165.000000 219.000000 -0.259094 -0.028703
300.000000 219.000000 -0.038537 -0.029072
297.000000 220.000000 -0.043486 -0.027424
606.000000 220.000000 0.458022 -0.026564
634.000000 220.000000 0.503361 -0.026486
144.000000 221.000000 -0.292898 -0.025358
159.000000 221.000000 -0.268771 -0.025417
617.000000 221.000000 0.475766 -0.024914
624.000000 221.000000 0.487100 -0.024895
606.000000 222.000000 0.458028 -0.023331
29.000000 223.000000 -0.477342 -0.021692
165.000000 223.000000 -0.259109 -0.022177
119.000000 224.000000 -0.332996 -0.020382
162.000000 224.000000 -0.263949 -0.020535
607.000000 224.000000 0.459644 -0.020095
156.000000 225.000000 -0.273616 -0.018884
168.000000 225.000000 -0.254277 -0.018923
634.000000 225.000000 0.503373 -0.018403
144.000000 226.000000 -0.292916 -0.017215
146.000000 226.000000 -0.289703 -0.017221
150.000000 226.000000 -0.283273 -0.017234
159.000000 226.000000 -0.268789 -0.017263
299.000000 226.000000 -0.040192 -0.017550
616.000000 226.000000 0.474165 -0.016836
624.000000 226.000000 0.487114 -0.016813
162.000000 227.000000 -0.263959 -0.015641
165.000000 227.000000 -0.259122 -0.015650
157.000000 228.000000 -0.272016 -0.013995
168.000000 228.000000 -0.254286 -0.014026
299.000000 228.000000 -0.040193 -0.014258
616.000000 228.000000 0.474170 -0.013603
628.000000 228.000000 0.493613 -0.013570
4.000000 229.000000 -0.518135 -0.011921
165.000000 229.000000 -0.259128 -0.012386
295.000000 229.000000 -0.046792 -0.012610
152.000000 230.000000 -0.280068 -0.010720
158.000000 230.000000 -0.270411 -0.010736
162.000000 230.000000 -0.263967 -0.010746
145.000000 231.000000 -0.291324 -0.009073
607.000000 231.000000 0.459665 -0.008779
155.000000 232.000000 -0.275246 -0.007467
164.000000 232.000000 -0.260748 -0.007487
168.000000 232.000000 -0.254296 -0.007496
302.000000 232.000000 -0.035245 -0.007674
145.000000 233.000000 -0.291329 -0.005814
286.000000 233.000000 -0.061633 -0.006020
617.000000 233.000000 0.475800 -0.005518
6.000000 234.000000 -0.514863 -0.003836
119.000000 234.000000 -0.333025 -0.004129
158.000000 234.000000 -0.270420 -0.004211
160.000000 234.000000 -0.267198 -0.004215
299.000000 235.000000 -0.040196 -0.002733
14.000000 236.000000 -0.501770 -0.000623
29.000000 236.000000 -0.477378 -0.000666
136.000000 236.000000 -0.305785 -0.000910
145.000000 236.000000 -0.291335 -0.000926
147.000000 236.000000 -0.288121 -0.000930
156.000000 236.000000 -0.273644 -0.000945
168.000000 236.000000 -0.254303 -0.000965
619.000000 236.000000 0.479043 -0.000662
628.000000 236.000000 0.493635 -0.000637
634.000000 236.000000 0.503403 -0.000620
27.000000 237.000000 -0.480622 0.000957
129.000000 237.000000 -0.317012 0.000730
138.000000 237.000000 -0.302577 0.000715
14.000000 238.000000 -0.501776 0.002612
164.000000 238.000000 -0.260758 0.002306
303.000000 238.000000 -0.033596 0.002206
606.000000 238.000000 0.458074 0.002536
4.000000 239.000000 -0.518164 0.004261
148.000000 239.000000 -0.286518 0.003958
153.000000 239.000000 -0.278476 0.003952
155.000000 239.000000 -0.275258 0.003949
161.000000 239.000000 -0.265595 0.003942
23.000000 240.000000 -0.487123 0.005822
296.000000 240.000000 -0.045146 0.005500
608.000000 240.000000 0.461299 0.005775
4.000000 241.000000 -0.518171 0.007498
133.000000 241.000000 -0.310604 0.007234
159.000000 241.000000 -0.268819 0.007208
170.000000 241.000000 -0.251081 0.007198
608.000000 242.000000 0.461304 0.009009
616.000000 242.000000 0.474209 0.009030
4.000000 243.000000 -0.518177 0.010735
15.000000 243.000000 -0.500159 0.010699
22.000000 243.000000 -0.488757 0.010678
125.000000 243.000000 -0.323430 0.010496
131.000000 243.000000 -0.313814 0.010491
140.000000 243.000000 -0.299374 0.010483
30.000000 244.000000 -0.475780 0.012273
157.000000 244.000000 -0.272042 0.012103
298.000000 244.000000 -0.041847 0.012087
147.000000 245.000000 -0.288130 0.013738
150.000000 245.000000 -0.283307 0.013737
154.000000 245.000000 -0.276872 0.013735
156.000000 246.000000 -0.273653 0.015366
287.000000 246.000000 -0.059988 0.015379
30.000000 247.000000 -0.475788 0.017127
129.000000 247.000000 -0.317022 0.017001
136.000000 247.000000 -0.305796 0.016999
141.000000 247.000000 -0.297770 0.016998
298.000000 247.000000 -0.041847 0.017027
155.000000 248.000000 -0.275263 0.018628
157.000000 248.000000 -0.272043 0.018629
617.000000 248.000000 0.475840 0.018734
33.000000 249.000000 -0.470938 0.020355
131.000000 249.000000 -0.313816 0.020255
133.000000 249.000000 -0.310609 0.020255
619.000000 249.000000 0.479078 0.020356
17.000000 250.000000 -0.496918 0.022019
24.000000 250.000000 -0.485527 0.021997
295.000000 250.000000 -0.046795 0.021966
124.000000 251.000000 -0.325035 0.023508
134.000000 251.000000 -0.309004 0.023511
624.000000 251.000000 0.487184 0.023604
125.000000 253.000000 -0.323432 0.026762
289.000000 255.000000 -0.056688 0.030196
617.000000 255.000000 0.475858 0.030053
621.000000 255.000000 0.482332 0.030064
125.000000 256.000000 -0.323430 0.031641
298.000000 256.000000 -0.041844 0.031846
124.000000 258.000000 -0.325030 0.034893
289.000000 258.000000 -0.056686 0.035133
117.000000 259.000000 -0.336240 0.036511
624.000000 260.000000 0.487210 0.038158
120.000000 261.000000 -0.331434 0.039766
301.000000 261.000000 -0.036893 0.040079
617.000000 261.000000 0.475873 0.039756
80.000000 262.000000 -0.395436 0.041349
589.000000 263.000000 0.430817 0.042949
591.000000 263.000000 0.434024 0.042951
625.000000 263.000000 0.488843 0.043013
632.000000 263.000000 0.500231 0.043037
617.000000 268.000000 0.475891 0.051078
624.000000 268.000000 0.487235 0.051098
265.000000 270.000000 -0.096186 0.054841
308.000000 270.000000 -0.025338 0.054895
617.000000 270.000000 0.475895 0.054313
636.000000 271.000000 0.506795 0.055997
304.000000 273.000000 -0.031936 0.059829
279.000000 275.000000 -0.073142 0.063086
608.000000 276.000000 0.461370 0.064001
291.000000 278.000000 -0.053368 0.068037
618.000000 278.000000 0.477535 0.067257
627.000000 278.000000 0.492145 0.067286
632.000000 278.000000 0.500292 0.067306
289.000000 279.000000 -0.056663 0.069678
303.000000 279.000000 -0.033580 0.069696
608.000000 280.000000 0.461376 0.070472
44.000000 281.000000 -0.453232 0.072125
603.000000 282.000000 0.453319 0.073701
613.000000 282.000000 0.469454 0.073716
623.000000 282.000000 0.485656 0.073743
291.000000 283.000000 -0.053360 0.076256
635.000000 283.000000 0.505218 0.075412
301.000000 284.000000 -0.036874 0.077913
591.000000 284.000000 0.434027 0.076934
601.000000 284.000000 0.450101 0.076936
628.000000 285.000000 0.493800 0.078617
270.000000 286.000000 -0.087926 0.081136
279.000000 286.000000 -0.073119 0.081160
300.000000 287.000000 -0.038519 0.082841
306.000000 287.000000 -0.028625 0.082848
313.000000 287.000000 -0.017079 0.082853
319.000000 287.000000 -0.007181 0.082855
534.000000 288.000000 0.342810 0.083576
542.000000 288.000000 0.355603 0.083539
582.000000 288.000000 0.419588 0.083417
593.000000 288.000000 0.437237 0.083407
548.000000 289.000000 0.365191 0.085135
555.000000 289.000000 0.376381 0.085108
561.000000 289.000000 0.385974 0.085087
564.000000 289.000000 0.390772 0.085077
569.000000 289.000000 0.398770 0.085063
576.000000 289.000000 0.409974 0.085046
273.000000 292.000000 -0.082975 0.090993
594.000000 292.000000 0.438843 0.089879
271.000000 293.000000 -0.086261 0.092627
591.000000 293.000000 0.434022 0.091499
362.000000 295.000000 0.063694 0.095940
588.000000 295.000000 0.429202 0.094739
423.000000 296.000000 0.163682 0.097304
437.000000 296.000000 0.186480 0.097215
580.000000 296.000000 0.416368 0.096370
621.000000 296.000000 0.482456 0.096392
625.000000 296.000000 0.488961 0.096408
627.000000 296.000000 0.492219 0.096417
235.000000 297.000000 -0.145280 0.099025
242.000000 297.000000 -0.133828 0.099062
226.000000 298.000000 -0.159978 0.100610
423.000000 298.000000 0.163669 0.100575
438.000000 298.000000 0.188093 0.100477
208.000000 299.000000 -0.189304 0.102130
346.000000 300.000000 0.037332 0.104180
348.000000 300.000000 0.040627 0.104176
628.000000 300.000000 0.493870 0.102897
164.000000 301.000000 -0.260551 0.105073
209.000000 301.000000 -0.187664 0.105404
499.000000 301.000000 0.286635 0.104913
557.000000 301.000000 0.379530 0.104544
221.000000 302.000000 -0.168111 0.107120
494.000000 302.000000 0.278591 0.106578
497.000000 302.000000 0.283413 0.106555
225.000000 303.000000 -0.161580 0.108781
555.000000 303.000000 0.376321 0.107793
348.000000 305.000000 0.040617 0.112375
169.000000 306.000000 -0.252444 0.113254
354.000000 306.000000 0.050495 0.114000
348.000000 307.000000 0.040612 0.115653
361.000000 307.000000 0.062013 0.115618
177.000000 308.000000 -0.239505 0.116577
228.000000 308.000000 -0.156650 0.116974
380.000000 309.000000 0.093234 0.118818
465.000000 309.000000 0.231779 0.118211
470.000000 309.000000 0.239858 0.118168
489.000000 309.000000 0.270490 0.118003
492.000000 309.000000 0.275317 0.117977
349.000000 310.000000 0.042252 0.120566
370.000000 310.000000 0.076803 0.120499
485.000000 310.000000 0.264041 0.119664
398.000000 311.000000 0.122735 0.121991
401.000000 311.000000 0.127646 0.121973
406.000000 311.000000 0.135825 0.121940
408.000000 311.000000 0.139094 0.121927
412.000000 311.000000 0.145630 0.121899
416.000000 311.000000 0.152161 0.121871
421.000000 311.000000 0.160319 0.121834
450.000000 311.000000 0.207476 0.121600
351.000000 312.000000 0.045540 0.123836
442.000000 312.000000 0.194486 0.123298
455.000000 312.000000 0.215571 0.123186
461.000000 312.000000 0.225284 0.123133
474.000000 312.000000 0.246290 0.123016
355.000000 313.000000 0.052121 0.125463
357.000000 313.000000 0.055413 0.125456
365.000000 313.000000 0.068571 0.125429
369.000000 313.000000 0.075147 0.125413
374.000000 313.000000 0.083362 0.125391
379.000000 313.000000 0.091573 0.125368
390.000000 313.000000 0.109617 0.125309
397.000000 313.000000 0.121085 0.125267
413.000000 313.000000 0.147249 0.125159
483.000000 313.000000 0.260793 0.124561
493.000000 313.000000 0.276890 0.124470
347.000000 314.000000 0.038950 0.127121
458.000000 315.000000 0.220402 0.128046
468.000000 315.000000 0.236574 0.127953
499.000000 315.000000 0.286518 0.127665
502.000000 315.000000 0.291338 0.127637
419.000000 316.000000 0.157019 0.130013
427.000000 316.000000 0.170058 0.129948
433.000000 316.000000 0.179824 0.129898
436.000000 316.000000 0.184702 0.129873
208.000000 317.000000 -0.189166 0.131511
217.000000 317.000000 -0.174519 0.131586
347.000000 317.000000 0.038943 0.132031
353.000000 317.000000 0.048819 0.132015
380.000000 317.000000 0.093194 0.131904
386.000000 317.000000 0.103037 0.131871
399.000000 317.000000 0.124334 0.131791
453.000000 317.000000 0.212285 0.131349
465.000000 317.000000 0.231707 0.131236
362.000000 318.000000 0.063620 0.133621
368.000000 318.000000 0.073482 0.133596
372.000000 318.000000 0.080054 0.133579
374.000000 318.000000 0.083339 0.133569
404.000000 318.000000 0.132506 0.133390
473.000000 318.000000 0.244619 0.132787
482.000000 318.000000 0.259134 0.132699
491.000000 318.000000 0.273626 0.132612
387.000000 319.000000 0.104665 0.135134
396.000000 319.000000 0.119410 0.135078
453.000000 319.000000 0.212267 0.134606
203.000000 320.000000 -0.197266 0.136356
221.000000 320.000000 -0.167978 0.136513
346.000000 320.000000 0.037290 0.136941
350.000000 320.000000 0.043873 0.136930
356.000000 320.000000 0.053745 0.136912
380.000000 320.000000 0.093178 0.136808
401.000000 320.000000 0.127586 0.136677
458.000000 320.000000 0.220355 0.136186
467.000000 320.000000 0.234910 0.136098
472.000000 320.000000 0.242986 0.136049
427.000000 321.000000 0.170015 0.138103
434.000000 321.000000 0.181406 0.138041
485.000000 321.000000 0.263938 0.137545
493.000000 321.000000 0.276815 0.137466
351.000000 322.000000 0.045513 0.140198
356.000000 322.000000 0.053738 0.140182
362.000000 322.000000 0.063604 0.140160
368.000000 322.000000 0.073465 0.140135
372.000000 322.000000 0.080035 0.140117
374.000000 322.000000 0.083319 0.140107
443.000000 322.000000 0.196020 0.139587
447.000000 322.000000 0.202511 0.139549
202.000000 323.000000 -0.198863 0.141234
441.000000 324.000000 0.192754 0.142863
458.000000 324.000000 0.220315 0.142695
464.000000 324.000000 0.230021 0.142634
380.000000 325.000000 0.093150 0.144975
383.000000 325.000000 0.098071 0.144957
385.000000 325.000000 0.101350 0.144945
392.000000 325.000000 0.112820 0.144901
396.000000 325.000000 0.119369 0.144873
399.000000 325.000000 0.124278 0.144852
451.000000 325.000000 0.208967 0.144393
350.000000 326.000000 0.043857 0.146738
353.000000 326.000000 0.048791 0.146729
426.000000 326.000000 0.168343 0.146261
428.000000 326.000000 0.171599 0.146243
493.000000 326.000000 0.276765 0.145583
368.000000 327.000000 0.073442 0.148303
372.000000 327.000000 0.080011 0.148283
374.000000 327.000000 0.083294 0.148273
451.000000 327.000000 0.208947 0.147647
354.000000 328.000000 0.050429 0.149992
397.000000 328.000000 0.120984 0.149760
425.000000 328.000000 0.166696 0.149528
453.000000 328.000000 0.212178 0.149253
470.000000 328.000000 0.239674 0.149074
479.000000 328.000000 0.254197 0.148978
349.000000 329.000000 0.042203 0.151641
381.000000 329.000000 0.094767 0.151498
386.000000 329.000000 0.102964 0.151467
402.000000 329.000000 0.129155 0.151353
455.000000 329.000000 0.215407 0.150858
603.000000 329.000000 0.453366 0.149763
392.000000 330.000000 0.112786 0.153058
404.000000 330.000000 0.132416 0.152968
444.000000 330.000000 0.197564 0.152599
452.000000 330.000000 0.210537 0.152516
346.000000 331.000000 0.037263 0.154914
350.000000 331.000000 0.043842 0.154903
354.000000 331.000000 0.050419 0.154890
359.000000 331.000000 0.058638 0.154872
371.000000 331.000000 0.078349 0.154817
378.000000 331.000000 0.089835 0.154779
385.000000 331.000000 0.101312 0.154736
401.000000 331.000000 0.127504 0.154621
407.000000 331.000000 0.137310 0.154573
459.000000 331.000000 0.221860 0.154067
464.000000 331.000000 0.229947 0.154013
373.000000 332.000000 0.081626 0.156438
447.000000 332.000000 0.202410 0.155821
467.000000 332.000000 0.234785 0.155605
400.000000 333.000000 0.125854 0.157889
411.000000 333.000000 0.143825 0.157798
458.000000 333.000000 0.220221 0.157328
382.000000 334.000000 0.096376 0.159646
427.000000 334.000000 0.169896 0.159278
462.000000 334.000000 0.226681 0.158909
466.000000 334.000000 0.233147 0.158864
201.000000 335.000000 -0.200368 0.160752
345.000000 335.000000 0.035608 0.161444
349.000000 335.000000 0.042185 0.161433
352.000000 335.000000 0.047117 0.161424
401.000000 335.000000 0.127473 0.161139
446.000000 335.000000 0.200757 0.160709
357.000000 336.000000 0.055332 0.163036
361.000000 336.000000 0.061903 0.163020
367.000000 336.000000 0.071757 0.162992
371.000000 336.000000 0.078322 0.162971
373.000000 336.000000 0.081604 0.162960
345.000000 337.000000 0.035603 0.164706
404.000000 337.000000 0.132359 0.164371
427.000000 337.000000 0.169866 0.164158
458.000000 337.000000 0.220176 0.163826
348.000000 338.000000 0.040532 0.166328
381.000000 338.000000 0.094711 0.166171
407.000000 338.000000 0.137251 0.165973
440.000000 338.000000 0.190988 0.165649
444.000000 338.000000 0.197480 0.165606
473.000000 338.000000 0.244407 0.165278
483.000000 338.000000 0.260534 0.165163
487.000000 338.000000 0.266977 0.165117
504.000000 338.000000 0.294320 0.164926
426.000000 339.000000 0.168218 0.167421
349.000000 340.000000 0.042170 0.169585
354.000000 340.000000 0.050387 0.169568
360.000000 340.000000 0.060243 0.169544
378.000000 340.000000 0.089781 0.169448
380.000000 340.000000 0.093060 0.169436
411.000000 340.000000 0.143763 0.169192
449.000000 340.000000 0.205566 0.168800
373.000000 341.000000 0.081576 0.171107
433.000000 341.000000 0.179584 0.170600
502.000000 341.000000 0.291073 0.169809
412.000000 342.000000 0.145376 0.172436
458.000000 342.000000 0.220119 0.171944
469.000000 342.000000 0.237902 0.171815
253.000000 343.000000 -0.115521 0.174246
262.000000 343.000000 -0.100784 0.174310
298.000000 343.000000 -0.041696 0.174483
345.000000 343.000000 0.035587 0.174485
379.000000 343.000000 0.091401 0.174327
383.000000 343.000000 0.097955 0.174300
408.000000 343.000000 0.138839 0.174099
433.000000 343.000000 0.179563 0.173850
245.000000 344.000000 -0.128598 0.175810
267.000000 344.000000 -0.092583 0.175970
303.000000 344.000000 -0.033474 0.176124
425.000000 344.000000 0.166540 0.175559
439.000000 344.000000 0.189299 0.175408
239.000000 345.000000 -0.138393 0.177385
278.000000 345.000000 -0.074536 0.177660
349.000000 345.000000 0.042154 0.177730
356.000000 345.000000 0.053653 0.177704
360.000000 345.000000 0.060221 0.177687
366.000000 345.000000 0.070070 0.177658
370.000000 345.000000 0.076632 0.177636
427.000000 345.000000 0.169784 0.177163
458.000000 345.000000 0.220084 0.176812
468.000000 345.000000 0.236251 0.176693
233.000000 346.000000 -0.148178 0.178956
292.000000 346.000000 -0.051545 0.179349
309.000000 346.000000 -0.023607 0.179392
373.000000 346.000000 0.081547 0.179246
411.000000 346.000000 0.143707 0.178948
415.000000 346.000000 0.150230 0.178910
472.000000 346.000000 0.242698 0.178266
504.000000 346.000000 0.294231 0.177885
279.000000 347.000000 -0.072885 0.180920
344.000000 347.000000 0.033932 0.181000
379.000000 347.000000 0.091375 0.180835
513.000000 347.000000 0.308676 0.179403
313.000000 348.000000 -0.017029 0.182653
452.000000 348.000000 0.210335 0.181750
604.000000 348.000000 0.455035 0.180537
190.000000 349.000000 -0.218049 0.183366
315.000000 349.000000 -0.013740 0.184282
344.000000 349.000000 0.033927 0.184255
348.000000 349.000000 0.040498 0.184243
353.000000 349.000000 0.048711 0.184225
383.000000 349.000000 0.097913 0.184060
385.000000 349.000000 0.101188 0.184046
387.000000 349.000000 0.104462 0.184031
416.000000 349.000000 0.151830 0.183774
425.000000 349.000000 0.166487 0.183680
427.000000 349.000000 0.169741 0.183659
431.000000 349.000000 0.176246 0.183615
317.000000 350.000000 -0.010452 0.185911
321.000000 350.000000 -0.003877 0.185912
360.000000 350.000000 0.060198 0.185822
366.000000 350.000000 0.070043 0.185792
370.000000 350.000000 0.076604 0.185770
372.000000 350.000000 0.079883 0.185758
398.000000 350.000000 0.122444 0.185567
400.000000 350.000000 0.125712 0.185549
406.000000 350.000000 0.135510 0.185495
410.000000 350.000000 0.142037 0.185457
459.000000 350.000000 0.221642 0.184909
503.000000 350.000000 0.292577 0.184372
194.000000 351.000000 -0.211544 0.186657
329.000000 351.000000 0.009273 0.187536
437.000000 351.000000 0.185972 0.186793
443.000000 351.000000 0.195710 0.186723
464.000000 351.000000 0.229715 0.186469
471.000000 351.000000 0.241023 0.186382
511.000000 351.000000 0.305420 0.185899
189.000000 352.000000 -0.219633 0.188219
320.000000 352.000000 -0.005520 0.189165
331.000000 352.000000 0.012559 0.189160
379.000000 352.000000 0.091341 0.188964
383.000000 352.000000 0.097892 0.188936
451.000000 352.000000 0.208667 0.188249
458.000000 352.000000 0.219999 0.188163
489.000000 352.000000 0.270031 0.187778
491.000000 352.000000 0.273251 0.187754
322.000000 353.000000 -0.002233 0.190791
344.000000 353.000000 0.033916 0.190760
395.000000 353.000000 0.117515 0.190466
513.000000 353.000000 0.308609 0.189112
318.000000 354.000000 -0.008806 0.192416
326.000000 354.000000 0.004340 0.192416
348.000000 354.000000 0.040482 0.192373
352.000000 354.000000 0.047050 0.192359
358.000000 354.000000 0.056898 0.192334
384.000000 354.000000 0.099514 0.192178
400.000000 354.000000 0.125677 0.192046
432.000000 354.000000 0.177816 0.191716
328.000000 355.000000 0.007626 0.194040
343.000000 355.000000 0.032268 0.194014
370.000000 355.000000 0.076575 0.193896
372.000000 355.000000 0.079853 0.193884
405.000000 355.000000 0.133831 0.193623
443.000000 355.000000 0.195663 0.193209
447.000000 355.000000 0.202149 0.193161
609.000000 355.000000 0.463201 0.191907
352.000000 356.000000 0.047042 0.195609
424.000000 356.000000 0.164784 0.195050
518.000000 356.000000 0.316605 0.193910
520.000000 356.000000 0.319816 0.193888
334.000000 357.000000 0.017481 0.197282
378.000000 357.000000 0.089669 0.197093
389.000000 357.000000 0.107672 0.197010
409.000000 357.000000 0.140338 0.196829
432.000000 357.000000 0.177781 0.196581
435.000000 357.000000 0.182655 0.196546
437.000000 357.000000 0.185902 0.196523
442.000000 357.000000 0.194017 0.196463
446.000000 357.000000 0.200504 0.196414
474.000000 357.000000 0.245790 0.196061
480.000000 357.000000 0.255468 0.195985
483.000000 357.000000 0.260304 0.195947
330.000000 358.000000 0.010909 0.198912
347.000000 358.000000 0.038827 0.198875
491.000000 358.000000 0.273177 0.197464
343.000000 359.000000 0.032257 0.200511
358.000000 359.000000 0.056875 0.200456
365.000000 359.000000 0.068355 0.200420
377.000000 359.000000 0.088018 0.200346
405.000000 359.000000 0.133793 0.200113
426.000000 359.000000 0.168004 0.199892
432.000000 359.000000 0.177758 0.199823
458.000000 359.000000 0.219912 0.199504
461.000000 359.000000 0.224764 0.199466
468.000000 359.000000 0.236077 0.199376
476.000000 359.000000 0.248991 0.199273
131.000000 360.000000 -0.313082 0.200482
331.000000 360.000000 0.012549 0.202159
372.000000 360.000000 0.079821 0.202002
437.000000 360.000000 0.185867 0.201384
443.000000 360.000000 0.195603 0.201311
449.000000 360.000000 0.205328 0.201237
631.000000 360.000000 0.499347 0.200256
265.000000 361.000000 -0.095747 0.203582
270.000000 361.000000 -0.087559 0.203616
337.000000 361.000000 0.022401 0.203773
344.000000 361.000000 0.033893 0.203755
347.000000 361.000000 0.038817 0.203746
456.000000 361.000000 0.216651 0.202768
489.000000 361.000000 0.269919 0.202343
510.000000 361.000000 0.303699 0.202086
514.000000 361.000000 0.310125 0.202040
525.000000 361.000000 0.327791 0.201920
534.000000 361.000000 0.342239 0.201831
602.000000 361.000000 0.451839 0.201598
145.000000 362.000000 -0.290534 0.203876
378.000000 362.000000 0.089634 0.205207
437.000000 362.000000 0.185843 0.204624
442.000000 362.000000 0.193956 0.204563
462.000000 362.000000 0.226343 0.204309
465.000000 362.000000 0.231192 0.204270
482.000000 362.000000 0.258628 0.204050
522.000000 362.000000 0.322963 0.203568
539.000000 362.000000 0.350257 0.203402
588.000000 362.000000 0.429137 0.203180
596.000000 362.000000 0.442098 0.203196
624.000000 362.000000 0.487826 0.203410
348.000000 363.000000 0.040452 0.206988
353.000000 363.000000 0.048655 0.206969
449.000000 363.000000 0.205291 0.206094
472.000000 363.000000 0.242484 0.205798
478.000000 363.000000 0.252166 0.205719
500.000000 363.000000 0.287598 0.205440
194.000000 364.000000 -0.211388 0.207721
236.000000 364.000000 -0.143110 0.208198
246.000000 364.000000 -0.126791 0.208294
359.000000 364.000000 0.058491 0.208565
366.000000 364.000000 0.069966 0.208527
371.000000 364.000000 0.078158 0.208497
409.000000 364.000000 0.140267 0.208179
432.000000 364.000000 0.177699 0.207923
436.000000 364.000000 0.184195 0.207875
442.000000 364.000000 0.193931 0.207801
604.000000 364.000000 0.455109 0.206473
136.000000 365.000000 -0.304984 0.208624
243.000000 365.000000 -0.131679 0.209887
343.000000 365.000000 0.032240 0.210248
426.000000 365.000000 0.167936 0.209612
439.000000 365.000000 0.189052 0.209457
444.000000 365.000000 0.197162 0.209395
524.000000 365.000000 0.326143 0.208397
590.000000 365.000000 0.432379 0.208042
594.000000 365.000000 0.438862 0.208051
133.000000 366.000000 -0.309800 0.210207
347.000000 366.000000 0.038801 0.211857
355.000000 366.000000 0.051923 0.211826
458.000000 366.000000 0.219822 0.210834
480.000000 366.000000 0.255352 0.210545
131.000000 367.000000 -0.313006 0.211802
237.000000 367.000000 -0.141449 0.213069
240.000000 367.000000 -0.136556 0.213098
250.000000 367.000000 -0.120230 0.213191
319.000000 367.000000 -0.007158 0.213521
343.000000 367.000000 0.032235 0.213491
378.000000 367.000000 0.089599 0.213313
432.000000 367.000000 0.177663 0.212780
461.000000 367.000000 0.224661 0.212412
472.000000 367.000000 0.242432 0.212267
491.000000 367.000000 0.273063 0.212020
97.000000 368.000000 -0.367686 0.213115
193.000000 368.000000 -0.212958 0.214182
242.000000 368.000000 -0.133283 0.214737
258.000000 368.000000 -0.107147 0.214878
347.000000 368.000000 0.038794 0.215100
354.000000 368.000000 0.050274 0.215073
439.000000 368.000000 0.189015 0.214312
447.000000 368.000000 0.201987 0.214211
451.000000 368.000000 0.208467 0.214160
466.000000 368.000000 0.232729 0.213964
522.000000 368.000000 0.322899 0.213266
110.000000 369.000000 -0.346762 0.214831
314.000000 369.000000 -0.015364 0.216760
337.000000 369.000000 0.022384 0.216748
359.000000 369.000000 0.058467 0.216670
365.000000 369.000000 0.068299 0.216638
369.000000 369.000000 0.074851 0.216614
371.000000 369.000000 0.078126 0.216601
377.000000 369.000000 0.087948 0.216561
457.000000 369.000000 0.218165 0.215699
610.000000 369.000000 0.464936 0.214631
93.000000 370.000000 -0.374115 0.216326
121.000000 370.000000 -0.329060 0.216548
238.000000 370.000000 -0.139789 0.217937
297.000000 370.000000 -0.043254 0.218343
471.000000 370.000000 0.240778 0.217131
521.000000 370.000000 0.321271 0.216509
272.000000 371.000000 -0.084219 0.219839
277.000000 371.000000 -0.076032 0.219870
477.000000 371.000000 0.250448 0.218668
483.000000 371.000000 0.260123 0.218588
194.000000 372.000000 -0.211287 0.220664
246.000000 372.000000 -0.126717 0.221252
261.000000 372.000000 -0.102210 0.221380
299.000000 372.000000 -0.039968 0.221589
346.000000 372.000000 0.037140 0.221584
349.000000 372.000000 0.042060 0.221573
464.000000 372.000000 0.229445 0.220457
499.000000 372.000000 0.285878 0.219998
525.000000 372.000000 0.327677 0.219699
554.000000 372.000000 0.374287 0.219457
119.000000 373.000000 -0.332248 0.221379
306.000000 373.000000 -0.028484 0.223227
312.000000 373.000000 -0.018641 0.223237
357.000000 373.000000 0.055170 0.223158
375.000000 373.000000 0.084647 0.223052
381.000000 373.000000 0.094462 0.223008
630.000000 373.000000 0.497909 0.221405
368.000000 374.000000 0.073183 0.224717
370.000000 374.000000 0.076457 0.224704
385.000000 374.000000 0.100993 0.224594
391.000000 374.000000 0.110797 0.224543
395.000000 374.000000 0.117329 0.224507
464.000000 374.000000 0.229418 0.223689
482.000000 374.000000 0.258472 0.223449
486.000000 374.000000 0.264919 0.223396
587.000000 374.000000 0.427535 0.222618
97.000000 375.000000 -0.367642 0.224438
167.000000 375.000000 -0.254909 0.225166
238.000000 375.000000 -0.139738 0.226028
242.000000 375.000000 -0.133215 0.226068
254.000000 375.000000 -0.113627 0.226178
270.000000 375.000000 -0.087466 0.226302
345.000000 375.000000 0.035491 0.226444
353.000000 375.000000 0.048605 0.226414
468.000000 375.000000 0.235867 0.225251
475.000000 375.000000 0.247168 0.225158
531.000000 375.000000 0.337288 0.224486
597.000000 375.000000 0.443776 0.224277
614.000000 375.000000 0.471550 0.224421
182.000000 376.000000 -0.230661 0.226976
192.000000 376.000000 -0.214476 0.227105
355.000000 376.000000 0.051878 0.228024
377.000000 376.000000 0.087897 0.227892
456.000000 376.000000 0.216455 0.227027
458.000000 376.000000 0.219691 0.227001
473.000000 376.000000 0.243927 0.226800
483.000000 376.000000 0.260057 0.226667
525.000000 376.000000 0.327636 0.226161
587.000000 376.000000 0.427539 0.225859
92.000000 377.000000 -0.375689 0.227645
124.000000 377.000000 -0.324164 0.227892
172.000000 377.000000 -0.246810 0.228463
236.000000 377.000000 -0.142978 0.229242
251.000000 377.000000 -0.118509 0.229387
336.000000 377.000000 0.020728 0.229704
346.000000 377.000000 0.037124 0.229677
381.000000 377.000000 0.094431 0.229480
475.000000 377.000000 0.247141 0.228388
486.000000 377.000000 0.264880 0.228242
191.000000 378.000000 -0.216070 0.230324
193.000000 378.000000 -0.212831 0.230350
261.000000 378.000000 -0.102163 0.231088
351.000000 378.000000 0.045315 0.231277
357.000000 378.000000 0.055146 0.231250
368.000000 378.000000 0.073158 0.231189
491.000000 378.000000 0.272922 0.229792
533.000000 378.000000 0.340475 0.229315
596.000000 378.000000 0.442166 0.229138
183.000000 379.000000 -0.229004 0.231836
246.000000 379.000000 -0.126651 0.232575
364.000000 379.000000 0.066604 0.232830
370.000000 379.000000 0.076425 0.232793
384.000000 379.000000 0.099318 0.232690
425.000000 379.000000 0.166145 0.232270
427.000000 379.000000 0.169396 0.232246
477.000000 379.000000 0.250342 0.231591
535.000000 379.000000 0.343681 0.230913
348.000000 380.000000 0.040391 0.234523
456.000000 380.000000 0.216402 0.233489
463.000000 380.000000 0.227722 0.233395
486.000000 380.000000 0.264840 0.233087
491.000000 380.000000 0.272896 0.233021
540.000000 380.000000 0.351713 0.232486
592.000000 380.000000 0.435670 0.232362
189.000000 381.000000 -0.219270 0.235145
387.000000 381.000000 0.104203 0.235897
461.000000 381.000000 0.224475 0.235036
477.000000 381.000000 0.250315 0.234821
193.000000 382.000000 -0.212780 0.236811
245.000000 382.000000 -0.128254 0.237414
249.000000 382.000000 -0.121728 0.237451
334.000000 382.000000 0.017439 0.237794
427.000000 382.000000 0.169359 0.237092
465.000000 382.000000 0.230927 0.236597
589.000000 382.000000 0.430804 0.235593
191.000000 383.000000 -0.216006 0.238400
378.000000 383.000000 0.089480 0.239202
389.000000 383.000000 0.107451 0.239111
457.000000 383.000000 0.217980 0.238319
470.000000 383.000000 0.238990 0.238143
543.000000 383.000000 0.356516 0.237312
229.000000 384.000000 -0.154304 0.240478
392.000000 384.000000 0.112340 0.240700
396.000000 384.000000 0.118866 0.240662
480.000000 384.000000 0.255114 0.239623
585.000000 384.000000 0.424317 0.238822
599.000000 384.000000 0.447095 0.238898
601.000000 384.000000 0.450360 0.238914
241.000000 385.000000 -0.134747 0.242220
377.000000 385.000000 0.087831 0.242440
484.000000 385.000000 0.261551 0.241184
533.000000 385.000000 0.340413 0.240623
545.000000 385.000000 0.359721 0.240530
130.000000 386.000000 -0.314413 0.242494
257.000000 386.000000 -0.108633 0.243984
375.000000 386.000000 0.084554 0.244070
399.000000 386.000000 0.123740 0.243862
401.000000 386.000000 0.127000 0.243842
471.000000 386.000000 0.240564 0.242972
478.000000 386.000000 0.251861 0.242878
536.000000 386.000000 0.345230 0.242214
405.000000 387.000000 0.133509 0.245415
429.000000 387.000000 0.172547 0.245139
487.000000 387.000000 0.266360 0.244372
132.000000 388.000000 -0.311172 0.245745
375.000000 388.000000 0.084540 0.247299
456.000000 388.000000 0.216295 0.246401
483.000000 388.000000 0.259899 0.246038
541.000000 388.000000 0.353261 0.245407
551.000000 388.000000 0.369366 0.245344
609.000000 388.000000 0.463503 0.245504
160.000000 389.000000 -0.266028 0.247685
381.000000 389.000000 0.094336 0.248867
388.000000 389.000000 0.105766 0.248808
458.000000 389.000000 0.219517 0.247987
465.000000 389.000000 0.230832 0.247893
491.000000 389.000000 0.272780 0.247547
581.000000 389.000000 0.417842 0.246916
602.000000 389.000000 0.452042 0.247049
143.000000 390.000000 -0.293427 0.249094
225.000000 390.000000 -0.160744 0.250118
238.000000 390.000000 -0.139584 0.250260
281.000000 390.000000 -0.069375 0.250611
342.000000 390.000000 0.030529 0.250697
393.000000 390.000000 0.113916 0.250376
400.000000 390.000000 0.125330 0.250308
423.000000 390.000000 0.162763 0.250052
471.000000 390.000000 0.240510 0.249425
476.000000 390.000000 0.248581 0.249358
479.000000 390.000000 0.253421 0.249318
135.000000 391.000000 -0.306307 0.250620
148.000000 391.000000 -0.285356 0.250766
286.000000 391.000000 -0.061189 0.252251
409.000000 391.000000 0.139980 0.251826
489.000000 391.000000 0.269532 0.250800
491.000000 391.000000 0.272755 0.250774
532.000000 391.000000 0.338752 0.250324
579.000000 391.000000 0.414603 0.250154
202.000000 392.000000 -0.198068 0.253066
291.000000 392.000000 -0.053001 0.253888
298.000000 392.000000 -0.041542 0.253914
335.000000 392.000000 0.019059 0.253941
424.000000 392.000000 0.164364 0.253266
426.000000 392.000000 0.167613 0.253242
457.000000 392.000000 0.217859 0.252839
461.000000 392.000000 0.224327 0.252785
565.000000 392.000000 0.391942 0.251768
205.000000 393.000000 -0.193190 0.254716
234.000000 393.000000 -0.146067 0.255057
271.000000 393.000000 -0.085708 0.255388
293.000000 393.000000 -0.049724 0.255509
306.000000 393.000000 -0.028440 0.255550
376.000000 393.000000 0.086137 0.255359
463.000000 393.000000 0.227546 0.254371
576.000000 393.000000 0.409744 0.253389
312.000000 394.000000 -0.018612 0.257173
390.000000 394.000000 0.108985 0.256855
392.000000 394.000000 0.112247 0.256837
562.000000 394.000000 0.387091 0.255010
565.000000 394.000000 0.391939 0.255006
282.000000 395.000000 -0.067711 0.258682
322.000000 395.000000 -0.002235 0.258793
336.000000 395.000000 0.020691 0.258777
398.000000 395.000000 0.122020 0.258391
403.000000 395.000000 0.130167 0.258341
407.000000 395.000000 0.136681 0.258298
518.000000 395.000000 0.316183 0.256914
584.000000 395.000000 0.422736 0.256660
237.000000 396.000000 -0.141151 0.259926
245.000000 396.000000 -0.128118 0.260008
257.000000 396.000000 -0.108548 0.260118
341.000000 396.000000 0.028874 0.260377
414.000000 396.000000 0.148061 0.259832
419.000000 396.000000 0.156191 0.259774
425.000000 396.000000 0.165940 0.259703
521.000000 396.000000 0.321002 0.258498
562.000000 396.000000 0.387087 0.258248
565.000000 396.000000 0.391937 0.258244
229.000000 397.000000 -0.154159 0.261452
346.000000 397.000000 0.037055 0.261974
348.000000 397.000000 0.040328 0.261966
354.000000 397.000000 0.050145 0.261941
381.000000 397.000000 0.094272 0.261769
431.000000 397.000000 0.175669 0.261240
438.000000 397.000000 0.187024 0.261151
463.000000 397.000000 0.227493 0.260819
490.000000 397.000000 0.271067 0.260464
536.000000 397.000000 0.345145 0.259985
569.000000 397.000000 0.398409 0.259863
612.000000 397.000000 0.468574 0.260211
166.000000 398.000000 -0.256231 0.262279
212.000000 398.000000 -0.181771 0.262864
335.000000 398.000000 0.019048 0.263615
368.000000 398.000000 0.073030 0.263475
394.000000 398.000000 0.115471 0.263265
423.000000 398.000000 0.162667 0.262950
440.000000 398.000000 0.190253 0.262736
447.000000 398.000000 0.201594 0.262645
457.000000 398.000000 0.217778 0.262511
467.000000 398.000000 0.233943 0.262377
601.000000 398.000000 0.450506 0.261679
236.000000 399.000000 -0.142747 0.264751
245.000000 399.000000 -0.128089 0.264843
258.000000 399.000000 -0.106891 0.264961
379.000000 399.000000 0.090991 0.265007
406.000000 399.000000 0.135010 0.264755
408.000000 399.000000 0.138265 0.264733
417.000000 399.000000 0.152905 0.264632
451.000000 399.000000 0.208057 0.264203
488.000000 399.000000 0.267818 0.263714
492.000000 399.000000 0.274266 0.263664
537.000000 399.000000 0.346742 0.263209
595.000000 399.000000 0.440696 0.263239
232.000000 400.000000 -0.149246 0.266319
383.000000 400.000000 0.097512 0.266586
422.000000 400.000000 0.161019 0.266184
461.000000 400.000000 0.224220 0.265681
465.000000 400.000000 0.230685 0.265627
608.000000 400.000000 0.462033 0.265037
224.000000 401.000000 -0.162244 0.267840
238.000000 401.000000 -0.139470 0.267994
255.000000 401.000000 -0.111768 0.268157
396.000000 401.000000 0.118702 0.268079
425.000000 401.000000 0.165879 0.267758
432.000000 401.000000 0.177241 0.267672
540.000000 401.000000 0.351564 0.266422
574.000000 401.000000 0.406519 0.266355
163.000000 402.000000 -0.261025 0.268692
243.000000 402.000000 -0.131318 0.269655
266.000000 402.000000 -0.093810 0.269857
406.000000 402.000000 0.134978 0.269587
408.000000 402.000000 0.138233 0.269565
445.000000 402.000000 0.198303 0.269115
448.000000 402.000000 0.203161 0.269076
528.000000 402.000000 0.332220 0.268123
598.000000 402.000000 0.445638 0.268154
211.000000 403.000000 -0.183333 0.270908
421.000000 403.000000 0.159358 0.271027
454.000000 403.000000 0.212859 0.270607
499.000000 403.000000 0.285498 0.270029
533.000000 403.000000 0.340269 0.269700
582.000000 403.000000 0.419526 0.269636
601.000000 403.000000 0.450571 0.269821
603.000000 403.000000 0.453855 0.269850
607.000000 403.000000 0.460435 0.269913
233.000000 404.000000 -0.147576 0.272772
246.000000 404.000000 -0.126411 0.272905
337.000000 404.000000 0.022308 0.273275
472.000000 404.000000 0.241939 0.271979
238.000000 405.000000 -0.139429 0.274435
484.000000 405.000000 0.261292 0.273436
623.000000 405.000000 0.486979 0.273523
461.000000 406.000000 0.224140 0.275346
489.000000 406.000000 0.269343 0.274985
240.000000 407.000000 -0.136153 0.277675
274.000000 407.000000 -0.080713 0.277963
529.000000 407.000000 0.333793 0.276190
626.000000 407.000000 0.492042 0.276885
485.000000 408.000000 0.262868 0.278257
75.000000 409.000000 -0.403177 0.279470
339.000000 409.000000 0.025567 0.281316
493.000000 409.000000 0.275757 0.279772
500.000000 409.000000 0.287041 0.279692
354.000000 410.000000 0.050085 0.282870
358.000000 410.000000 0.056620 0.282851
629.000000 410.000000 0.497160 0.281902
74.000000 411.000000 -0.404814 0.282723
311.000000 411.000000 -0.020225 0.284547
363.000000 411.000000 0.064782 0.284431
368.000000 411.000000 0.072946 0.284400
218.000000 412.000000 -0.171864 0.285479
298.000000 412.000000 -0.041476 0.286124
317.000000 412.000000 -0.010412 0.286161
320.000000 412.000000 -0.005507 0.286163
345.000000 412.000000 0.035368 0.286122
373.000000 412.000000 0.081100 0.285974
378.000000 412.000000 0.089258 0.285937
27.000000 413.000000 -0.482211 0.286734
73.000000 413.000000 -0.406454 0.285978
141.000000 413.000000 -0.296409 0.286187
178.000000 413.000000 -0.236655 0.286601
215.000000 413.000000 -0.176722 0.287053
220.000000 413.000000 -0.168605 0.287111
223.000000 413.000000 -0.163732 0.287145
337.000000 413.000000 0.022288 0.287753
354.000000 413.000000 0.050071 0.287694
383.000000 413.000000 0.097404 0.287505
388.000000 413.000000 0.105554 0.287462
499.000000 413.000000 0.285385 0.286152
573.000000 413.000000 0.404942 0.285825
580.000000 413.000000 0.416338 0.285871
34.000000 414.000000 -0.470572 0.288186
176.000000 414.000000 -0.239876 0.288187
227.000000 414.000000 -0.157222 0.288798
372.000000 414.000000 0.079454 0.289196
393.000000 414.000000 0.113690 0.289024
398.000000 414.000000 0.121832 0.288976
404.000000 414.000000 0.131597 0.288915
178.000000 415.000000 -0.236631 0.289821
298.000000 415.000000 -0.041466 0.290946
363.000000 415.000000 0.064759 0.290861
408.000000 415.000000 0.138092 0.290481
414.000000 415.000000 0.147846 0.290415
500.000000 415.000000 0.286976 0.289365
631.000000 415.000000 0.500696 0.290197
127.000000 416.000000 -0.318981 0.290911
356.000000 416.000000 0.053323 0.292506
371.000000 416.000000 0.077809 0.292418
373.000000 416.000000 0.081072 0.292404
410.000000 416.000000 0.141333 0.292067
419.000000 416.000000 0.155957 0.291966
425.000000 416.000000 0.165699 0.291895
517.000000 416.000000 0.314376 0.290816
577.000000 416.000000 0.411472 0.290725
316.000000 417.000000 -0.012044 0.294196
360.000000 417.000000 0.059850 0.294092
392.000000 417.000000 0.112034 0.293855
429.000000 417.000000 0.172177 0.293455
432.000000 417.000000 0.177043 0.293418
435.000000 417.000000 0.181907 0.293382
496.000000 417.000000 0.280504 0.292632
500.000000 417.000000 0.286955 0.292590
635.000000 417.000000 0.507531 0.293649
129.000000 418.000000 -0.315737 0.294156
344.000000 418.000000 0.033714 0.295767
365.000000 418.000000 0.068005 0.295669
402.000000 418.000000 0.128302 0.295365
404.000000 418.000000 0.131555 0.295345
440.000000 418.000000 0.189998 0.294927
446.000000 418.000000 0.199716 0.294852
451.000000 418.000000 0.207810 0.294789
519.000000 418.000000 0.317586 0.294029
372.000000 419.000000 0.079420 0.297230
375.000000 419.000000 0.084313 0.297209
380.000000 419.000000 0.092465 0.297171
386.000000 419.000000 0.102243 0.297122
413.000000 419.000000 0.146176 0.296855
442.000000 419.000000 0.193226 0.296510
457.000000 419.000000 0.217504 0.296321
165.000000 420.000000 -0.257584 0.297723
339.000000 420.000000 0.025540 0.298994
345.000000 420.000000 0.035341 0.298976
425.000000 420.000000 0.165651 0.298325
435.000000 420.000000 0.181870 0.298205
453.000000 420.000000 0.211021 0.297980
462.000000 420.000000 0.225576 0.297867
468.000000 420.000000 0.235274 0.297792
529.000000 420.000000 0.333709 0.297193
538.000000 420.000000 0.348244 0.297152
560.000000 420.000000 0.383856 0.297137
168.000000 421.000000 -0.252725 0.299367
171.000000 421.000000 -0.247877 0.299401
352.000000 421.000000 0.046768 0.300555
356.000000 421.000000 0.053299 0.300536
363.000000 421.000000 0.064724 0.300499
375.000000 421.000000 0.084298 0.300421
377.000000 421.000000 0.087559 0.300406
396.000000 421.000000 0.118509 0.300244
407.000000 421.000000 0.136403 0.300133
446.000000 421.000000 0.199679 0.299676
464.000000 421.000000 0.228797 0.299451
479.000000 421.000000 0.253028 0.299269
577.000000 421.000000 0.411513 0.298857
347.000000 422.000000 0.038600 0.302180
405.000000 422.000000 0.133140 0.301760
418.000000 422.000000 0.154265 0.301619
428.000000 422.000000 0.170495 0.301504
476.000000 422.000000 0.248172 0.300915
485.000000 422.000000 0.262702 0.300810
522.000000 422.000000 0.322398 0.300467
586.000000 422.000000 0.426234 0.300585
357.000000 423.000000 0.054921 0.303742
373.000000 423.000000 0.081023 0.303646
387.000000 423.000000 0.103838 0.303537
389.000000 423.000000 0.107095 0.303520
398.000000 423.000000 0.121744 0.303436
416.000000 423.000000 0.151006 0.303248
473.000000 423.000000 0.243315 0.302560
562.000000 423.000000 0.387112 0.302012
23.000000 424.000000 -0.489282 0.304964
84.000000 424.000000 -0.388606 0.303790
341.000000 424.000000 0.028796 0.305409
348.000000 424.000000 0.040226 0.305387
384.000000 424.000000 0.098943 0.305168
395.000000 424.000000 0.116853 0.305071
400.000000 424.000000 0.124988 0.305023
428.000000 424.000000 0.170472 0.304717
433.000000 424.000000 0.178580 0.304658
440.000000 424.000000 0.189924 0.304573
555.000000 424.000000 0.375754 0.303615
87.000000 425.000000 -0.383730 0.305400
93.000000 425.000000 -0.373979 0.305380
366.000000 425.000000 0.069594 0.306902
377.000000 425.000000 0.087529 0.306828
406.000000 425.000000 0.134735 0.306568
420.000000 425.000000 0.157478 0.306416
438.000000 425.000000 0.186672 0.306205
451.000000 425.000000 0.207723 0.306046
469.000000 425.000000 0.236829 0.305826
479.000000 425.000000 0.252981 0.305709
550.000000 425.000000 0.367651 0.305230
557.000000 425.000000 0.379001 0.305242
561.000000 425.000000 0.385496 0.305255
17.000000 426.000000 -0.499501 0.308509
22.000000 426.000000 -0.491044 0.308303
25.000000 426.000000 -0.485989 0.308189
162.000000 426.000000 -0.262367 0.307356
183.000000 426.000000 -0.228414 0.307586
343.000000 426.000000 0.032056 0.308613
350.000000 426.000000 0.043483 0.308588
356.000000 426.000000 0.053275 0.308562
381.000000 426.000000 0.094039 0.308402
414.000000 426.000000 0.147724 0.308089
417.000000 426.000000 0.152597 0.308056
422.000000 426.000000 0.160713 0.308000
462.000000 426.000000 0.225503 0.307520
12.000000 427.000000 -0.508050 0.310394
15.000000 427.000000 -0.502941 0.310254
20.000000 427.000000 -0.494463 0.310036
179.000000 427.000000 -0.234874 0.309151
363.000000 427.000000 0.064690 0.310129
387.000000 427.000000 0.103803 0.309958
392.000000 427.000000 0.111943 0.309914
398.000000 427.000000 0.121706 0.309858
429.000000 427.000000 0.172058 0.309525
474.000000 427.000000 0.244883 0.308986
25.000000 428.000000 -0.486064 0.311490
345.000000 428.000000 0.035314 0.311815
352.000000 428.000000 0.046738 0.311788
385.000000 428.000000 0.100538 0.311579
389.000000 428.000000 0.107051 0.311545
403.000000 428.000000 0.129828 0.311415
410.000000 428.000000 0.141205 0.311343
427.000000 428.000000 0.168803 0.311155
440.000000 428.000000 0.189876 0.311001
8.000000 429.000000 -0.514993 0.313918
41.000000 429.000000 -0.459323 0.312613
358.000000 429.000000 0.056523 0.313365
365.000000 429.000000 0.067940 0.313326
398.000000 429.000000 0.121687 0.313068
414.000000 429.000000 0.147692 0.312906
438.000000 429.000000 0.186624 0.312632
36.000000 430.000000 -0.467686 0.314405
43.000000 430.000000 -0.456025 0.314202
76.000000 430.000000 -0.401695 0.313612
106.000000 430.000000 -0.352892 0.313474
421.000000 430.000000 0.159046 0.314435
432.000000 430.000000 0.176888 0.314309
448.000000 430.000000 0.202807 0.314120
451.000000 430.000000 0.207662 0.314084
586.000000 430.000000 0.426351 0.313641
71.000000 431.000000 -0.409885 0.315299
79.000000 431.000000 -0.396805 0.315212
188.000000 431.000000 -0.220267 0.315687
444.000000 431.000000 0.196319 0.315774
463.000000 431.000000 0.227060 0.315550
418.000000 432.000000 0.154154 0.317679
423.000000 432.000000 0.162269 0.317623
455.000000 432.000000 0.214111 0.317252
476.000000 432.000000 0.248058 0.317012
67.000000 433.000000 -0.416470 0.318618
74.000000 433.000000 -0.404999 0.318524
95.000000 433.000000 -0.370755 0.318361
263.000000 433.000000 -0.098470 0.319650
434.000000 433.000000 0.180095 0.319104
442.000000 433.000000 0.193056 0.319012
446.000000 433.000000 0.199534 0.318965
630.000000 433.000000 0.499751 0.319898
633.000000 433.000000 0.504854 0.320043
18.000000 434.000000 -0.498166 0.321720
195.000000 434.000000 -0.208900 0.320589
271.000000 434.000000 -0.085430 0.321309
414.000000 434.000000 0.147639 0.320931
429.000000 434.000000 0.171978 0.320767
451.000000 434.000000 0.207615 0.320514
480.000000 434.000000 0.254498 0.320189
75.000000 435.000000 -0.403386 0.321774
101.000000 435.000000 -0.361011 0.321589
187.000000 435.000000 -0.221842 0.322110
191.000000 435.000000 -0.215367 0.322153
276.000000 435.000000 -0.077276 0.322944
420.000000 435.000000 0.157368 0.322472
445.000000 435.000000 0.197891 0.322190
458.000000 435.000000 0.218929 0.322040
97.000000 436.000000 -0.367515 0.323227
141.000000 436.000000 -0.296222 0.323304
280.000000 436.000000 -0.070751 0.324569
434.000000 436.000000 0.180061 0.323922
438.000000 436.000000 0.186542 0.323877
441.000000 436.000000 0.191402 0.323843
455.000000 436.000000 0.214064 0.323682
480.000000 436.000000 0.254478 0.323410
138.000000 437.000000 -0.301068 0.324901
188.000000 437.000000 -0.220202 0.325337
198.000000 437.000000 -0.204009 0.325444
202.000000 437.000000 -0.197528 0.325487
273.000000 437.000000 -0.082153 0.326132
290.000000 437.000000 -0.054443 0.326219
298.000000 437.000000 -0.041395 0.326248
446.000000 437.000000 0.199487 0.325392
466.000000 437.000000 0.231843 0.325167
469.000000 437.000000 0.236692 0.325135
193.000000 438.000000 -0.212096 0.326998
268.000000 438.000000 -0.090291 0.327703
278.000000 438.000000 -0.074000 0.327764
309.000000 438.000000 -0.023449 0.327876
452.000000 438.000000 0.209188 0.326931
13.000000 439.000000 -0.506963 0.330296
136.000000 439.000000 -0.304292 0.328121
183.000000 439.000000 -0.228274 0.328503
188.000000 439.000000 -0.220181 0.328554
190.000000 439.000000 -0.216943 0.328575
295.000000 439.000000 -0.046282 0.329443
298.000000 439.000000 -0.041389 0.329453
312.000000 439.000000 -0.018553 0.329483
627.000000 439.000000 0.494943 0.329713
186.000000 440.000000 -0.223408 0.330142
193.000000 440.000000 -0.212075 0.330214
205.000000 440.000000 -0.192635 0.330339
268.000000 440.000000 -0.090278 0.330909
290.000000 440.000000 -0.054430 0.331027
293.000000 440.000000 -0.049539 0.331038
310.000000 440.000000 -0.021815 0.331082
324.000000 440.000000 0.001023 0.331089
328.000000 440.000000 0.007548 0.331087
470.000000 440.000000 0.238277 0.329952
276.000000 441.000000 -0.077242 0.332561
302.000000 441.000000 -0.034860 0.332668
307.000000 441.000000 -0.026706 0.332679
321.000000 441.000000 -0.003871 0.332692
346.000000 441.000000 0.036902 0.332650
477.000000 441.000000 0.249581 0.331491
635.000000 441.000000 0.508700 0.333466
198.000000 442.000000 -0.203957 0.333481
273.000000 442.000000 -0.082123 0.334146
280.000000 442.000000 -0.070719 0.334185
290.000000 442.000000 -0.054422 0.334231
314.000000 442.000000 -0.015288 0.334291
316.000000 442.000000 -0.012026 0.334292
318.000000 442.000000 -0.008764 0.334293
333.000000 442.000000 0.015700 0.334284
336.000000 442.000000 0.020593 0.334278
343.000000 442.000000 0.032008 0.334261
357.000000 442.000000 0.054829 0.334207
631.000000 442.000000 0.501909 0.334909
196.000000 443.000000 -0.207186 0.335068
267.000000 443.000000 -0.091887 0.335711
326.000000 443.000000 0.004283 0.335893
330.000000 443.000000 0.010807 0.335890
340.000000 443.000000 0.027113 0.335871
354.000000 443.000000 0.049936 0.335823
363.000000 443.000000 0.064601 0.335779
194.000000 444.000000 -0.210415 0.336656
203.000000 444.000000 -0.195835 0.336746
335.000000 444.000000 0.018958 0.337483
351.000000 444.000000 0.045042 0.337437
366.000000 444.000000 0.069482 0.337364
369.000000 444.000000 0.074368 0.337346
375.000000 444.000000 0.084137 0.337308
184.000000 445.000000 -0.226597 0.338167
186.000000 445.000000 -0.223359 0.338186
264.000000 445.000000 -0.096757 0.338896
348.000000 445.000000 0.040149 0.339049
364.000000 445.000000 0.066219 0.338977
378.000000 445.000000 0.089013 0.338890
382.000000 445.000000 0.095522 0.338861
158.000000 446.000000 -0.268659 0.339558
180.000000 446.000000 -0.233062 0.339739
272.000000 446.000000 -0.083727 0.340550
276.000000 446.000000 -0.077214 0.340573
280.000000 446.000000 -0.070699 0.340594
301.000000 446.000000 -0.036478 0.340674
308.000000 446.000000 -0.025067 0.340689
342.000000 446.000000 0.030366 0.340670
356.000000 446.000000 0.053181 0.340619
358.000000 446.000000 0.056440 0.340609
360.000000 446.000000 0.059698 0.340600
387.000000 446.000000 0.103648 0.340425
260.000000 447.000000 -0.103252 0.342074
282.000000 447.000000 -0.067436 0.342205
284.000000 447.000000 -0.064178 0.342215
287.000000 447.000000 -0.059291 0.342228
313.000000 447.000000 -0.016914 0.342297
320.000000 447.000000 -0.005502 0.342300
367.000000 447.000000 0.071093 0.342164
373.000000 447.000000 0.080861 0.342127
376.000000 447.000000 0.085744 0.342107
391.000000 447.000000 0.110145 0.341996
401.000000 447.000000 0.126397 0.341910
294.000000 448.000000 -0.047881 0.343856
325.000000 448.000000 0.002650 0.343900
330.000000 448.000000 0.010800 0.343896
398.000000 448.000000 0.121514 0.343539
407.000000 448.000000 0.136134 0.343458
414.000000 448.000000 0.147497 0.343392
33.000000 449.000000 -0.473444 0.345928
43.000000 449.000000 -0.456629 0.345515
300.000000 449.000000 -0.038100 0.345475
380.000000 449.000000 0.092239 0.345284
410.000000 449.000000 0.140995 0.345034
420.000000 449.000000 0.157223 0.344937
38.000000 450.000000 -0.465060 0.347370
126.000000 450.000000 -0.320458 0.345893
267.000000 450.000000 -0.091842 0.346928
307.000000 450.000000 -0.026690 0.347091
311.000000 450.000000 -0.020171 0.347097
342.000000 450.000000 0.030355 0.347074
344.000000 450.000000 0.033614 0.347068
391.000000 450.000000 0.110120 0.346803
427.000000 450.000000 0.168565 0.346472
433.000000 450.000000 0.178290 0.346412
35.000000 451.000000 -0.470158 0.349160
118.000000 451.000000 -0.333440 0.347521
150.000000 451.000000 -0.281575 0.347580
161.000000 451.000000 -0.263770 0.347644
279.000000 451.000000 -0.072302 0.348597
318.000000 451.000000 -0.008761 0.348704
322.000000 451.000000 -0.002242 0.348704
331.000000 451.000000 0.012427 0.348697
349.000000 451.000000 0.041757 0.348653
355.000000 451.000000 0.051531 0.348629
357.000000 451.000000 0.054788 0.348621
408.000000 451.000000 0.137730 0.348260
441.000000 451.000000 0.191241 0.347937
28.000000 452.000000 -0.482059 0.351163
31.000000 452.000000 -0.476968 0.351011
121.000000 452.000000 -0.328571 0.349139
262.000000 452.000000 -0.099964 0.350099
266.000000 452.000000 -0.093456 0.350125
272.000000 452.000000 -0.083692 0.350161
326.000000 452.000000 0.004277 0.350303
362.000000 452.000000 0.062925 0.350198
367.000000 452.000000 0.071065 0.350171
399.000000 452.000000 0.123104 0.349942
413.000000 452.000000 0.145836 0.349817
421.000000 452.000000 0.158816 0.349741
437.000000 452.000000 0.184751 0.349583
17.000000 453.000000 -0.500926 0.353470
40.000000 453.000000 -0.461822 0.352263
44.000000 453.000000 -0.455106 0.352100
182.000000 453.000000 -0.229764 0.351025
232.000000 453.000000 -0.148711 0.351470
302.000000 453.000000 -0.034832 0.351884
335.000000 453.000000 0.018942 0.351892
375.000000 453.000000 0.084078 0.351725
425.000000 453.000000 0.165293 0.351307
458.000000 453.000000 0.218741 0.350986
7.000000 454.000000 -0.518324 0.355852
26.000000 454.000000 -0.485570 0.354609
30.000000 454.000000 -0.478765 0.354395
120.000000 454.000000 -0.330199 0.352387
234.000000 454.000000 -0.145455 0.353091
254.000000 454.000000 -0.112960 0.353249
283.000000 454.000000 -0.065775 0.353420
309.000000 454.000000 -0.023425 0.353498
343.000000 454.000000 0.031973 0.353474
348.000000 454.000000 0.040118 0.353459
380.000000 454.000000 0.092205 0.353293
384.000000 454.000000 0.098709 0.353265
390.000000 454.000000 0.108464 0.353220
450.000000 454.000000 0.205784 0.352669
455.000000 454.000000 0.213877 0.352622
465.000000 454.000000 0.230057 0.352531
295.000000 455.000000 -0.046229 0.355067
314.000000 455.000000 -0.015277 0.355104
351.000000 455.000000 0.045000 0.355049
355.000000 455.000000 0.051514 0.355033
361.000000 455.000000 0.061282 0.355006
367.000000 455.000000 0.071048 0.354975
440.000000 455.000000 0.189582 0.354372
469.000000 455.000000 0.236519 0.354107
478.000000 455.000000 0.251076 0.354035
4.000000 456.000000 -0.523733 0.359473
31.000000 456.000000 -0.477171 0.357679
119.000000 456.000000 -0.331829 0.355638
231.000000 456.000000 -0.150309 0.356274
233.000000 456.000000 -0.147062 0.356291
300.000000 456.000000 -0.038083 0.356681
308.000000 456.000000 -0.025051 0.356697
322.000000 456.000000 -0.002243 0.356706
327.000000 456.000000 0.005903 0.356704
450.000000 456.000000 0.205765 0.355885
482.000000 456.000000 0.257538 0.355619
486.000000 456.000000 0.264008 0.355593
493.000000 456.000000 0.275331 0.355552
23.000000 457.000000 -0.490872 0.359804
127.000000 457.000000 -0.318838 0.357244
310.000000 457.000000 -0.021792 0.358300
334.000000 457.000000 0.017306 0.358296
374.000000 457.000000 0.082426 0.358137
379.000000 457.000000 0.090558 0.358105
410.000000 457.000000 0.140922 0.357863
466.000000 457.000000 0.231649 0.357352
36.000000 458.000000 -0.468797 0.360761
320.000000 458.000000 -0.005501 0.359907
339.000000 458.000000 0.025448 0.359886
392.000000 458.000000 0.111683 0.359614
405.000000 458.000000 0.132798 0.359509
414.000000 458.000000 0.147405 0.359431
419.000000 458.000000 0.155516 0.359386
423.000000 458.000000 0.162003 0.359350
432.000000 458.000000 0.176592 0.359266
456.000000 458.000000 0.215459 0.359047
469.000000 458.000000 0.236495 0.358939
471.000000 458.000000 0.239731 0.358923
496.000000 458.000000 0.280175 0.358768
3.000000 459.000000 -0.525746 0.364648
14.000000 459.000000 -0.506518 0.363769
17.000000 459.000000 -0.501325 0.363555
19.000000 459.000000 -0.497873 0.363419
96.000000 459.000000 -0.369329 0.360698
118.000000 459.000000 -0.333466 0.360518
120.000000 459.000000 -0.330214 0.360509
247.000000 459.000000 -0.124301 0.361212
269.000000 459.000000 -0.088534 0.361356
284.000000 459.000000 -0.064126 0.361430
312.000000 459.000000 -0.018531 0.361503
324.000000 459.000000 0.001015 0.361507
352.000000 459.000000 0.046613 0.361448
482.000000 459.000000 0.257519 0.360458
29.000000 460.000000 -0.480793 0.364475
242.000000 460.000000 -0.132416 0.362778
281.000000 460.000000 -0.069004 0.363018
333.000000 460.000000 0.015672 0.363098
336.000000 460.000000 0.020558 0.363093
442.000000 460.000000 0.192775 0.362388
486.000000 460.000000 0.263985 0.362049
488.000000 460.000000 0.267221 0.362038
500.000000 460.000000 0.286642 0.361987
67.000000 461.000000 -0.417062 0.364553
71.000000 461.000000 -0.410444 0.364445
118.000000 461.000000 -0.333475 0.363770
152.000000 461.000000 -0.278295 0.363751
297.000000 461.000000 -0.042955 0.364676
300.000000 461.000000 -0.038071 0.364684
307.000000 461.000000 -0.026672 0.364698
348.000000 461.000000 0.040095 0.364663
365.000000 461.000000 0.067762 0.364592
372.000000 461.000000 0.079149 0.364554
419.000000 461.000000 0.155489 0.364200
446.000000 461.000000 0.199244 0.363960
449.000000 461.000000 0.204102 0.363934
126.000000 462.000000 -0.320473 0.365364
147.000000 462.000000 -0.286396 0.365356
171.000000 462.000000 -0.247512 0.365452
288.000000 462.000000 -0.057603 0.366249
293.000000 462.000000 -0.049464 0.366265
310.000000 462.000000 -0.021785 0.366302
3.000000 463.000000 -0.526104 0.371456
28.000000 463.000000 -0.482678 0.369564
129.000000 463.000000 -0.315602 0.366980
133.000000 463.000000 -0.309106 0.366972
156.000000 463.000000 -0.271807 0.366998
264.000000 463.000000 -0.096643 0.367735
305.000000 463.000000 -0.029925 0.367895
361.000000 463.000000 0.061244 0.367813
363.000000 463.000000 0.064498 0.367803
378.000000 463.000000 0.088894 0.367721
386.000000 463.000000 0.101897 0.367668
447.000000 463.000000 0.200846 0.367167
465.000000 463.000000 0.229985 0.367024
469.000000 463.000000 0.236458 0.366996
117.000000 464.000000 -0.335120 0.368659
131.000000 464.000000 -0.312356 0.368599
146.000000 464.000000 -0.288014 0.368593
242.000000 464.000000 -0.132386 0.369193
276.000000 464.000000 -0.077121 0.369400
323.000000 464.000000 -0.000616 0.369508
371.000000 464.000000 0.077506 0.369363
400.000000 464.000000 0.124631 0.369169
441.000000 464.000000 0.191120 0.368826
475.000000 464.000000 0.246161 0.368569
5.000000 465.000000 -0.522754 0.374682
7.000000 465.000000 -0.519229 0.374502
12.000000 465.000000 -0.510463 0.374076
269.000000 465.000000 -0.088501 0.370967
318.000000 465.000000 -0.008757 0.371109
337.000000 465.000000 0.022177 0.371092
374.000000 465.000000 0.082379 0.370948
377.000000 465.000000 0.087256 0.370930
391.000000 465.000000 0.110007 0.370838
484.000000 465.000000 0.260722 0.370134
62.000000 466.000000 -0.425520 0.372971
284.000000 466.000000 -0.064098 0.372637
288.000000 466.000000 -0.057589 0.372652
384.000000 466.000000 0.098627 0.372488
404.000000 466.000000 0.131110 0.372345
413.000000 466.000000 0.145714 0.372273
447.000000 466.000000 0.200821 0.371993
466.000000 466.000000 0.231582 0.371852
496.000000 466.000000 0.280148 0.371706
154.000000 467.000000 -0.275038 0.373463
161.000000 467.000000 -0.263691 0.373482
165.000000 467.000000 -0.257208 0.373496
171.000000 467.000000 -0.247486 0.373522
276.000000 467.000000 -0.077107 0.374205
281.000000 467.000000 -0.068974 0.374226
301.000000 467.000000 -0.036429 0.374289
332.000000 467.000000 0.014034 0.374301
351.000000 467.000000 0.044957 0.374256
453.000000 467.000000 0.210530 0.373555
460.000000 467.000000 0.221863 0.373504
5.000000 468.000000 -0.523033 0.379805
20.000000 468.000000 -0.496783 0.378533
137.000000 468.000000 -0.302619 0.375082
293.000000 468.000000 -0.049446 0.375870
297.000000 468.000000 -0.042937 0.375881
347.000000 468.000000 0.038445 0.375869
364.000000 468.000000 0.066101 0.375804
403.000000 468.000000 0.129471 0.375560
474.000000 468.000000 0.244520 0.375029
480.000000 468.000000 0.254233 0.374998
487.000000 468.000000 0.265567 0.374969
139.000000 469.000000 -0.299373 0.376702
156.000000 469.000000 -0.271791 0.376705
165.000000 469.000000 -0.257201 0.376729
240.000000 469.000000 -0.135599 0.377199
253.000000 469.000000 -0.114485 0.377284
290.000000 469.000000 -0.054325 0.377462
311.000000 469.000000 -0.020150 0.377506
313.000000 469.000000 -0.016895 0.377507
349.000000 469.000000 0.041696 0.377463
411.000000 469.000000 0.142446 0.377103
453.000000 469.000000 0.210515 0.376776
483.000000 469.000000 0.259086 0.376601
495.000000 469.000000 0.278521 0.376565
142.000000 470.000000 -0.294504 0.378320
170.000000 470.000000 -0.249094 0.378363
235.000000 470.000000 -0.143709 0.378770
251.000000 470.000000 -0.117728 0.378875
306.000000 470.000000 -0.028286 0.379100
326.000000 470.000000 0.004265 0.379108
360.000000 470.000000 0.059587 0.379024
378.000000 470.000000 0.088852 0.378933
426.000000 470.000000 0.166764 0.378591
486.000000 470.000000 0.263940 0.378207
144.000000 471.000000 -0.291258 0.379941
146.000000 471.000000 -0.288012 0.379939
260.000000 471.000000 -0.103099 0.380531
277.000000 471.000000 -0.075463 0.380616
291.000000 471.000000 -0.052692 0.380667
319.000000 471.000000 -0.007128 0.380711
459.000000 471.000000 0.220217 0.379957
495.000000 471.000000 0.278518 0.379804
139.000000 472.000000 -0.299380 0.381574
163.000000 472.000000 -0.260435 0.381575
266.000000 472.000000 -0.093342 0.382166
283.000000 472.000000 -0.065701 0.382241
298.000000 472.000000 -0.041300 0.382286
339.000000 472.000000 0.025418 0.382291
376.000000 472.000000 0.085590 0.382148
398.000000 472.000000 0.121326 0.382010
439.000000 472.000000 0.187817 0.381706
467.000000 472.000000 0.233165 0.381522
109.000000 473.000000 -0.348254 0.383425
116.000000 473.000000 -0.336823 0.383345
145.000000 473.000000 -0.289637 0.383185
161.000000 473.000000 -0.263676 0.383189
168.000000 473.000000 -0.252326 0.383205
333.000000 473.000000 0.015653 0.383902
384.000000 473.000000 0.098583 0.383704
459.000000 473.000000 0.220204 0.383181
174.000000 474.000000 -0.242596 0.384841
188.000000 474.000000 -0.219903 0.384901
209.000000 474.000000 -0.185860 0.385023
282.000000 474.000000 -0.067320 0.385441
353.000000 474.000000 0.048187 0.385455
404.000000 474.000000 0.131051 0.385177
113.000000 475.000000 -0.341743 0.386647
119.000000 475.000000 -0.331949 0.386581
139.000000 475.000000 -0.299389 0.386450
143.000000 475.000000 -0.292890 0.386438
177.000000 475.000000 -0.237729 0.386468
195.000000 475.000000 -0.208552 0.386550
200.000000 475.000000 -0.200446 0.386578
233.000000 475.000000 -0.146922 0.386784
347.000000 475.000000 0.038425 0.387074
397.000000 475.000000 0.119682 0.386829
450.000000 475.000000 0.205616 0.386460
466.000000 475.000000 0.231530 0.386369
474.000000 475.000000 0.244487 0.386334
141.000000 476.000000 -0.296142 0.388069
170.000000 476.000000 -0.249075 0.388063
331.000000 476.000000 0.012395 0.388707
359.000000 476.000000 0.057937 0.388635
366.000000 476.000000 0.069317 0.388606
412.000000 476.000000 0.144017 0.388331
