572.000000 9.000000 0.402904 -0.367559
553.000000 17.000000 0.371748 -0.354329
82.000000 30.000000 -0.391086 -0.333520
571.000000 58.000000 0.400876 -0.288125
574.000000 58.000000 0.405744 -0.288126
565.000000 59.000000 0.391155 -0.286518
554.000000 60.000000 0.373375 -0.284948
232.000000 61.000000 -0.148817 -0.285218
534.000000 63.000000 0.341162 -0.280280
236.000000 64.000000 -0.142360 -0.280469
228.000000 66.000000 -0.155370 -0.277170
228.000000 68.000000 -0.155396 -0.273969
617.000000 68.000000 0.476046 -0.272280
616.000000 70.000000 0.474361 -0.269015
614.000000 71.000000 0.471045 -0.267362
576.000000 76.000000 0.408999 -0.259085
227.000000 78.000000 -0.157148 -0.257935
552.000000 79.000000 0.370286 -0.254391
568.000000 79.000000 0.396077 -0.254280
607.000000 88.000000 0.459390 -0.239751
602.000000 89.000000 0.451220 -0.238112
611.000000 89.000000 0.465931 -0.238158
595.000000 90.000000 0.439823 -0.236481
245.000000 91.000000 -0.128038 -0.237280
239.000000 92.000000 -0.137816 -0.235604
575.000000 92.000000 0.407443 -0.233301
549.000000 93.000000 0.365596 -0.231900
548.000000 95.000000 0.364011 -0.228693
191.000000 96.000000 -0.215735 -0.228513
535.000000 96.000000 0.343152 -0.227239
559.000000 96.000000 0.381699 -0.226974
562.000000 96.000000 0.386524 -0.226948
557.000000 97.000000 0.378493 -0.225383
564.000000 97.000000 0.389751 -0.225322
532.000000 98.000000 0.338364 -0.224062
594.000000 99.000000 0.438200 -0.221953
586.000000 100.000000 0.425247 -0.220358
592.000000 100.000000 0.434959 -0.220343
579.000000 102.000000 0.413951 -0.217165
569.000000 103.000000 0.397845 -0.215620
581.000000 103.000000 0.417183 -0.215543
586.000000 103.000000 0.425258 -0.215521
612.000000 104.000000 0.467487 -0.213902
585.000000 105.000000 0.423651 -0.212300
602.000000 105.000000 0.451191 -0.212266
636.000000 105.000000 0.506984 -0.212484
542.000000 107.000000 0.354521 -0.209455
580.000000 107.000000 0.415591 -0.209101
582.000000 107.000000 0.418817 -0.209090
598.000000 107.000000 0.444696 -0.209039
528.000000 108.000000 0.332083 -0.208029
590.000000 108.000000 0.431743 -0.207443
602.000000 108.000000 0.451190 -0.207422
161.000000 109.000000 -0.264344 -0.207126
243.000000 109.000000 -0.131493 -0.208267
513.000000 109.000000 0.308038 -0.206636
517.000000 109.000000 0.314456 -0.206577
524.000000 109.000000 0.325683 -0.206476
609.000000 109.000000 0.462578 -0.205813
612.000000 109.000000 0.467470 -0.205821
491.000000 111.000000 0.272737 -0.203755
189.000000 112.000000 -0.219209 -0.202718
478.000000 112.000000 0.251833 -0.202348
485.000000 112.000000 0.263102 -0.202238
559.000000 112.000000 0.381853 -0.201215
466.000000 113.000000 0.232504 -0.200924
472.000000 113.000000 0.242180 -0.200831
567.000000 113.000000 0.394711 -0.199529
453.000000 115.000000 0.211536 -0.197897
505.000000 115.000000 0.295290 -0.197096
508.000000 115.000000 0.300105 -0.197050
554.000000 115.000000 0.373861 -0.196436
494.000000 116.000000 0.277637 -0.195654
499.000000 116.000000 0.285670 -0.195577
483.000000 117.000000 0.259961 -0.194212
551.000000 117.000000 0.369072 -0.193248
469.000000 118.000000 0.237420 -0.192816
473.000000 118.000000 0.243870 -0.192755
191.000000 119.000000 -0.216076 -0.191454
246.000000 120.000000 -0.126715 -0.190527
387.000000 120.000000 0.104289 -0.190629
224.000000 121.000000 -0.162571 -0.188665
240.000000 121.000000 -0.136512 -0.188847
256.000000 121.000000 -0.110394 -0.189004
383.000000 121.000000 0.097759 -0.189046
229.000000 122.000000 -0.154446 -0.187107
243.000000 122.000000 -0.131630 -0.187261
366.000000 122.000000 0.069943 -0.187550
629.000000 122.000000 0.495256 -0.184877
634.000000 122.000000 0.503494 -0.184913
39.000000 123.000000 -0.460886 -0.183311
49.000000 123.000000 -0.444647 -0.183325
52.000000 123.000000 -0.439788 -0.183334
55.000000 123.000000 -0.434934 -0.183345
87.000000 123.000000 -0.383390 -0.183576
356.000000 123.000000 0.053560 -0.185985
37.000000 124.000000 -0.464142 -0.181695
345.000000 124.000000 0.035522 -0.184409
614.000000 124.000000 0.470702 -0.181590
618.000000 124.000000 0.477226 -0.181597
625.000000 124.000000 0.488678 -0.181620
90.000000 125.000000 -0.378593 -0.180382
559.000000 125.000000 0.381986 -0.180273
610.000000 125.000000 0.464192 -0.179974
227.000000 126.000000 -0.157748 -0.180612
230.000000 126.000000 -0.152864 -0.180647
320.000000 126.000000 -0.005514 -0.181204
599.000000 126.000000 0.446357 -0.178378
603.000000 126.000000 0.452834 -0.178368
300.000000 127.000000 -0.038351 -0.179549
308.000000 127.000000 -0.025218 -0.179569
296.000000 128.000000 -0.044919 -0.177914
563.000000 128.000000 0.388430 -0.175398
584.000000 128.000000 0.422164 -0.175225
588.000000 128.000000 0.428607 -0.175201
277.000000 129.000000 -0.076085 -0.176201
579.000000 129.000000 0.414127 -0.173647
223.000000 130.000000 -0.164305 -0.174089
616.000000 130.000000 0.473955 -0.171901
249.000000 131.000000 -0.121922 -0.172742
605.000000 131.000000 0.456085 -0.170294
611.000000 131.000000 0.465820 -0.170285
290.000000 132.000000 -0.054781 -0.171400
294.000000 132.000000 -0.048216 -0.171416
298.000000 132.000000 -0.041649 -0.171430
599.000000 132.000000 0.446378 -0.168697
277.000000 133.000000 -0.076109 -0.169710
313.000000 133.000000 -0.017016 -0.169840
460.000000 133.000000 0.223111 -0.168720
591.000000 133.000000 0.433469 -0.167120
636.000000 133.000000 0.506714 -0.167122
230.000000 134.000000 -0.152952 -0.167687
233.000000 134.000000 -0.148063 -0.167719
274.000000 134.000000 -0.081032 -0.168069
301.000000 134.000000 -0.036729 -0.168192
306.000000 134.000000 -0.028517 -0.168204
587.000000 134.000000 0.427031 -0.165530
628.000000 134.000000 0.493555 -0.165464
248.000000 135.000000 -0.123592 -0.166245
287.000000 135.000000 -0.059717 -0.166515
291.000000 135.000000 -0.053152 -0.166533
618.000000 135.000000 0.477210 -0.163826
624.000000 135.000000 0.487003 -0.163835
230.000000 136.000000 -0.152974 -0.164444
241.000000 136.000000 -0.135034 -0.164557
565.000000 136.000000 0.391715 -0.162481
610.000000 136.000000 0.464202 -0.162214
604.000000 137.000000 0.454481 -0.160613
282.000000 138.000000 -0.067936 -0.161617
589.000000 138.000000 0.430275 -0.159067
220.000000 139.000000 -0.169290 -0.159467
241.000000 139.000000 -0.135063 -0.159688
298.000000 139.000000 -0.041671 -0.160057
304.000000 139.000000 -0.031814 -0.160074
306.000000 139.000000 -0.028527 -0.160078
583.000000 139.000000 0.420629 -0.157493
288.000000 140.000000 -0.058098 -0.158394
293.000000 140.000000 -0.049888 -0.158414
565.000000 141.000000 0.391763 -0.154418
569.000000 141.000000 0.398174 -0.154380
632.000000 141.000000 0.500092 -0.154161
627.000000 142.000000 0.491894 -0.152529
306.000000 144.000000 -0.028538 -0.151943
308.000000 144.000000 -0.025250 -0.151947
563.000000 144.000000 0.388588 -0.149598
241.000000 145.000000 -0.135119 -0.149941
293.000000 145.000000 -0.049906 -0.150279
593.000000 145.000000 0.436757 -0.147751
283.000000 146.000000 -0.066334 -0.148610
583.000000 146.000000 0.420679 -0.146201
253.000000 147.000000 -0.115519 -0.146791
577.000000 147.000000 0.411054 -0.144634
568.000000 148.000000 0.396635 -0.143097
276.000000 149.000000 -0.077839 -0.143689
311.000000 149.000000 -0.020324 -0.143808
624.000000 149.000000 0.486983 -0.141214
293.000000 150.000000 -0.049923 -0.142136
298.000000 150.000000 -0.041704 -0.142151
632.000000 150.000000 0.500063 -0.139611
636.000000 150.000000 0.506630 -0.139623
283.000000 151.000000 -0.066357 -0.140466
615.000000 151.000000 0.472339 -0.137989
609.000000 152.000000 0.462616 -0.136388
624.000000 152.000000 0.486981 -0.136368
283.000000 153.000000 -0.066366 -0.137206
287.000000 153.000000 -0.059795 -0.137223
232.000000 154.000000 -0.149893 -0.135219
268.000000 155.000000 -0.090999 -0.133867
567.000000 155.000000 0.395096 -0.131809
582.000000 155.000000 0.419138 -0.131687
263.000000 156.000000 -0.099205 -0.132206
276.000000 156.000000 -0.077876 -0.132281
578.000000 156.000000 0.412729 -0.130103
242.000000 157.000000 -0.133589 -0.130422
567.000000 158.000000 0.395123 -0.126966
269.000000 159.000000 -0.089382 -0.127350
618.000000 159.000000 0.477222 -0.125066
260.000000 160.000000 -0.104148 -0.125664
234.000000 161.000000 -0.146691 -0.123838
636.000000 162.000000 0.506597 -0.120222
630.000000 163.000000 0.496771 -0.118599
568.000000 164.000000 0.396776 -0.117270
578.000000 164.000000 0.412790 -0.117189
581.000000 164.000000 0.417599 -0.117167
612.000000 166.000000 0.467512 -0.113777
627.000000 166.000000 0.491873 -0.113751
636.000000 166.000000 0.506590 -0.113757
565.000000 167.000000 0.392001 -0.112450
569.000000 167.000000 0.398401 -0.112416
599.000000 167.000000 0.446534 -0.112214
268.000000 168.000000 -0.091072 -0.112651
588.000000 168.000000 0.428856 -0.110662
577.000000 170.000000 0.411232 -0.107508
585.000000 171.000000 0.424061 -0.105837
588.000000 171.000000 0.428875 -0.105818
595.000000 171.000000 0.440119 -0.105777
260.000000 172.000000 -0.104220 -0.106070
579.000000 172.000000 0.414451 -0.104263
246.000000 173.000000 -0.127166 -0.104349
568.000000 173.000000 0.396850 -0.102731
609.000000 174.000000 0.462689 -0.100869
614.000000 174.000000 0.470772 -0.100853
243.000000 175.000000 -0.132089 -0.101061
604.000000 175.000000 0.454626 -0.099274
630.000000 175.000000 0.496770 -0.099210
636.000000 175.000000 0.506580 -0.099210
566.000000 176.000000 0.393675 -0.097899
569.000000 176.000000 0.398473 -0.097876
584.000000 176.000000 0.422491 -0.097769
626.000000 176.000000 0.490252 -0.097598
605.000000 177.000000 0.456247 -0.096041
247.000000 178.000000 -0.125561 -0.096184
257.000000 178.000000 -0.109174 -0.096242
578.000000 178.000000 0.412891 -0.094578
591.000000 178.000000 0.433732 -0.094496
636.000000 179.000000 0.506579 -0.092746
563.000000 181.000000 0.388918 -0.089840
636.000000 181.000000 0.506578 -0.089513
615.000000 182.000000 0.472414 -0.087930
596.000000 183.000000 0.441790 -0.086393
260.000000 184.000000 -0.104283 -0.086438
585.000000 184.000000 0.424143 -0.084839
587.000000 184.000000 0.427349 -0.084827
593.000000 184.000000 0.436976 -0.084793
563.000000 185.000000 0.388949 -0.083372
568.000000 185.000000 0.396941 -0.083336
636.000000 185.000000 0.506578 -0.083049
577.000000 186.000000 0.411344 -0.081657
261.000000 187.000000 -0.102656 -0.081529
587.000000 187.000000 0.427367 -0.079980
243.000000 188.000000 -0.132168 -0.079800
568.000000 190.000000 0.396976 -0.075251
614.000000 190.000000 0.470822 -0.075012
616.000000 190.000000 0.474056 -0.075006
593.000000 191.000000 0.437012 -0.073485
599.000000 191.000000 0.446650 -0.073456
585.000000 192.000000 0.424190 -0.071912
569.000000 193.000000 0.398595 -0.070392
577.000000 193.000000 0.411388 -0.070342
585.000000 194.000000 0.424201 -0.068679
589.000000 194.000000 0.430611 -0.068658
580.000000 195.000000 0.416200 -0.067091
240.000000 197.000000 -0.137126 -0.065046
243.000000 197.000000 -0.132215 -0.065060
246.000000 197.000000 -0.127301 -0.065074
615.000000 198.000000 0.472464 -0.062085
567.000000 199.000000 0.395436 -0.060699
585.000000 199.000000 0.424228 -0.060597
587.000000 199.000000 0.427432 -0.060587
594.000000 199.000000 0.438656 -0.060553
569.000000 200.000000 0.398638 -0.059069
636.000000 200.000000 0.506590 -0.058807
631.000000 201.000000 0.498431 -0.057199
569.000000 202.000000 0.398649 -0.055833
579.000000 202.000000 0.414639 -0.055778
585.000000 202.000000 0.424243 -0.055747
626.000000 202.000000 0.490298 -0.055593
244.000000 203.000000 -0.130604 -0.055230
248.000000 203.000000 -0.124049 -0.055246
256.000000 203.000000 -0.110928 -0.055276
617.000000 203.000000 0.475713 -0.054001
104.000000 204.000000 -0.356898 -0.052775
87.000000 205.000000 -0.384092 -0.051054
110.000000 205.000000 -0.347306 -0.051190
112.000000 206.000000 -0.344112 -0.049579
616.000000 206.000000 0.474105 -0.049157
103.000000 207.000000 -0.358515 -0.047904
244.000000 207.000000 -0.130619 -0.048669
568.000000 207.000000 0.397079 -0.047747
579.000000 207.000000 0.414664 -0.047691
585.000000 207.000000 0.424267 -0.047663
587.000000 207.000000 0.427470 -0.047654
594.000000 207.000000 0.438692 -0.047623
619.000000 207.000000 0.478961 -0.047532
636.000000 207.000000 0.506600 -0.047494
92.000000 208.000000 -0.376112 -0.046221
108.000000 208.000000 -0.350523 -0.046310
116.000000 208.000000 -0.337722 -0.046357
254.000000 209.000000 -0.114230 -0.045422
577.000000 209.000000 0.411475 -0.044466
599.000000 209.000000 0.446727 -0.044369
607.000000 209.000000 0.459595 -0.044339
612.000000 209.000000 0.467655 -0.044322
92.000000 210.000000 -0.376123 -0.042980
97.000000 210.000000 -0.368127 -0.043006
112.000000 210.000000 -0.344135 -0.043087
116.000000 210.000000 -0.337734 -0.043109
585.000000 210.000000 0.424281 -0.042811
101.000000 212.000000 -0.361741 -0.039784
116.000000 212.000000 -0.337744 -0.039862
103.000000 213.000000 -0.358548 -0.038172
112.000000 213.000000 -0.344151 -0.038217
116.000000 214.000000 -0.337755 -0.036614
599.000000 214.000000 0.446746 -0.036287
607.000000 214.000000 0.459612 -0.036259
614.000000 214.000000 0.470899 -0.036236
616.000000 214.000000 0.474129 -0.036230
252.000000 215.000000 -0.117529 -0.035565
258.000000 215.000000 -0.107681 -0.035581
589.000000 215.000000 0.430709 -0.034709
629.000000 215.000000 0.495205 -0.034579
113.000000 216.000000 -0.342566 -0.033352
569.000000 216.000000 0.398720 -0.033175
579.000000 216.000000 0.414705 -0.033132
627.000000 216.000000 0.491957 -0.032968
105.000000 217.000000 -0.355368 -0.031691
593.000000 217.000000 0.437128 -0.031460
596.000000 217.000000 0.441941 -0.031448
631.000000 217.000000 0.498465 -0.031342
260.000000 218.000000 -0.104403 -0.030657
266.000000 218.000000 -0.094542 -0.030669
579.000000 218.000000 0.414713 -0.029896
627.000000 218.000000 0.491962 -0.029735
97.000000 219.000000 -0.368170 -0.028411
567.000000 220.000000 0.395541 -0.026707
570.000000 220.000000 0.400334 -0.026695
636.000000 220.000000 0.506625 -0.026481
109.000000 221.000000 -0.348987 -0.025216
117.000000 221.000000 -0.336186 -0.025248
585.000000 222.000000 0.424329 -0.023402
594.000000 222.000000 0.438749 -0.023371
599.000000 222.000000 0.446774 -0.023354
616.000000 222.000000 0.474153 -0.023301
66.000000 223.000000 -0.417784 -0.021810
117.000000 223.000000 -0.336194 -0.021999
113.000000 224.000000 -0.342599 -0.020360
93.000000 225.000000 -0.374589 -0.018665
103.000000 225.000000 -0.358599 -0.018700
106.000000 225.000000 -0.353801 -0.018711
117.000000 225.000000 -0.336201 -0.018749
568.000000 225.000000 0.397157 -0.018607
578.000000 225.000000 0.413139 -0.018572
585.000000 225.000000 0.424339 -0.018549
590.000000 225.000000 0.432347 -0.018532
596.000000 225.000000 0.441968 -0.018513
602.000000 225.000000 0.451604 -0.018494
611.000000 225.000000 0.466092 -0.018467
96.000000 226.000000 -0.369796 -0.017053
112.000000 227.000000 -0.344210 -0.015483
117.000000 227.000000 -0.336208 -0.015500
258.000000 227.000000 -0.107704 -0.015862
66.000000 228.000000 -0.417800 -0.013715
107.000000 228.000000 -0.352212 -0.013844
568.000000 228.000000 0.397167 -0.013748
628.000000 228.000000 0.493613 -0.013570
101.000000 229.000000 -0.361810 -0.012202
636.000000 229.000000 0.506647 -0.011932
88.000000 230.000000 -0.382600 -0.010541
104.000000 230.000000 -0.357016 -0.010588
112.000000 230.000000 -0.344219 -0.010611
255.000000 230.000000 -0.112635 -0.010927
585.000000 230.000000 0.424355 -0.010459
587.000000 230.000000 0.427557 -0.010454
593.000000 230.000000 0.437171 -0.010436
596.000000 230.000000 0.441983 -0.010427
616.000000 230.000000 0.474176 -0.010370
631.000000 230.000000 0.498498 -0.010329
95.000000 231.000000 -0.371410 -0.008939
250.000000 231.000000 -0.120842 -0.009278
627.000000 231.000000 0.491996 -0.008723
97.000000 232.000000 -0.368215 -0.007322
105.000000 232.000000 -0.355422 -0.007344
109.000000 232.000000 -0.349024 -0.007354
113.000000 232.000000 -0.342624 -0.007364
578.000000 232.000000 0.413161 -0.007243
94.000000 233.000000 -0.373014 -0.005692
118.000000 233.000000 -0.334624 -0.005752
585.000000 233.000000 0.424363 -0.005605
590.000000 233.000000 0.432371 -0.005592
610.000000 233.000000 0.464503 -0.005537
636.000000 233.000000 0.506658 -0.005465
108.000000 234.000000 -0.350628 -0.004103
110.000000 234.000000 -0.347429 -0.004108
244.000000 234.000000 -0.130684 -0.004342
113.000000 235.000000 -0.342631 -0.002490
85.000000 236.000000 -0.387413 -0.000806
95.000000 236.000000 -0.371422 -0.000828
97.000000 236.000000 -0.368225 -0.000832
100.000000 236.000000 -0.363427 -0.000839
117.000000 236.000000 -0.336231 -0.000874
568.000000 236.000000 0.397189 -0.000791
77.000000 237.000000 -0.400213 0.000833
109.000000 237.000000 -0.349035 0.000767
120.000000 237.000000 -0.331430 0.000746
583.000000 237.000000 0.421172 0.000863
96.000000 238.000000 -0.369828 0.002415
114.000000 238.000000 -0.341037 0.002382
579.000000 238.000000 0.414775 0.002472
586.000000 238.000000 0.425976 0.002488
595.000000 238.000000 0.440400 0.002509
601.000000 238.000000 0.450033 0.002524
607.000000 238.000000 0.459684 0.002539
616.000000 238.000000 0.474198 0.002563
118.000000 239.000000 -0.334636 0.004001
98.000000 240.000000 -0.366633 0.005657
101.000000 240.000000 -0.361836 0.005652
262.000000 240.000000 -0.101143 0.005508
585.000000 240.000000 0.424380 0.005722
605.000000 240.000000 0.456470 0.005768
609.000000 240.000000 0.462910 0.005778
81.000000 241.000000 -0.393821 0.007308
589.000000 241.000000 0.430788 0.007349
596.000000 241.000000 0.442011 0.007364
115.000000 242.000000 -0.339442 0.008881
73.000000 243.000000 -0.406626 0.010563
78.000000 243.000000 -0.398624 0.010554
88.000000 243.000000 -0.382628 0.010539
103.000000 243.000000 -0.358641 0.010519
105.000000 243.000000 -0.355443 0.010517
110.000000 243.000000 -0.347444 0.010511
629.000000 244.000000 0.495284 0.012300
636.000000 244.000000 0.506691 0.012322
95.000000 245.000000 -0.371437 0.013775
100.000000 245.000000 -0.363441 0.013769
601.000000 245.000000 0.450049 0.013845
617.000000 245.000000 0.475833 0.013883
77.000000 246.000000 -0.400229 0.015418
83.000000 246.000000 -0.390629 0.015410
257.000000 246.000000 -0.109359 0.015375
569.000000 246.000000 0.398804 0.015409
578.000000 246.000000 0.413190 0.015421
592.000000 246.000000 0.435606 0.015444
615.000000 246.000000 0.472604 0.015495
90.000000 247.000000 -0.379435 0.017024
105.000000 247.000000 -0.355446 0.017012
108.000000 247.000000 -0.350647 0.017010
76.000000 248.000000 -0.401831 0.018660
98.000000 248.000000 -0.366642 0.018640
246.000000 248.000000 -0.127410 0.018660
586.000000 248.000000 0.425995 0.018671
606.000000 248.000000 0.458097 0.018707
610.000000 248.000000 0.464541 0.018716
105.000000 249.000000 -0.355447 0.020260
257.000000 249.000000 -0.109358 0.020308
81.000000 250.000000 -0.393833 0.021897
83.000000 250.000000 -0.390633 0.021895
104.000000 251.000000 -0.357048 0.023508
107.000000 251.000000 -0.352249 0.023507
70.000000 252.000000 -0.411442 0.025148
81.000000 252.000000 -0.393834 0.025139
248.000000 252.000000 -0.124128 0.025234
254.000000 252.000000 -0.114283 0.025238
579.000000 253.000000 0.414798 0.026755
586.000000 253.000000 0.426002 0.026763
592.000000 253.000000 0.435617 0.026770
629.000000 253.000000 0.495312 0.026853
73.000000 254.000000 -0.406639 0.028385
605.000000 254.000000 0.456500 0.028409
609.000000 254.000000 0.462942 0.028417
616.000000 254.000000 0.474239 0.028433
630.000000 255.000000 0.496945 0.030091
587.000000 256.000000 0.427607 0.031619
248.000000 257.000000 -0.124123 0.033449
253.000000 258.000000 -0.115919 0.035099
257.000000 258.000000 -0.109351 0.035104
70.000000 259.000000 -0.411447 0.036488
64.000000 260.000000 -0.421063 0.038111
580.000000 260.000000 0.416402 0.038089
583.000000 260.000000 0.421204 0.038090
248.000000 261.000000 -0.124117 0.040021
67.000000 262.000000 -0.416255 0.041349
24.000000 263.000000 -0.485565 0.043034
630.000000 263.000000 0.496973 0.043030
635.000000 263.000000 0.505127 0.043049
260.000000 264.000000 -0.104415 0.044970
583.000000 264.000000 0.421206 0.044565
580.000000 265.000000 0.416403 0.046184
586.000000 265.000000 0.426011 0.046185
591.000000 265.000000 0.434025 0.046187
597.000000 265.000000 0.443655 0.046192
605.000000 265.000000 0.456519 0.046202
608.000000 265.000000 0.461352 0.046207
578.000000 266.000000 0.413203 0.047803
611.000000 266.000000 0.466192 0.047830
617.000000 266.000000 0.475886 0.047843
552.000000 268.000000 0.371645 0.051070
586.000000 268.000000 0.426011 0.051041
594.000000 268.000000 0.438840 0.051043
600.000000 268.000000 0.448479 0.051048
606.000000 268.000000 0.458134 0.051056
613.000000 268.000000 0.469425 0.051069
610.000000 269.000000 0.464584 0.052680
261.000000 270.000000 -0.102760 0.054833
580.000000 272.000000 0.416401 0.057517
223.000000 273.000000 -0.164993 0.059652
263.000000 273.000000 -0.099467 0.059766
266.000000 273.000000 -0.094536 0.059773
586.000000 273.000000 0.426011 0.059133
593.000000 273.000000 0.437238 0.059134
603.000000 273.000000 0.453310 0.059141
610.000000 273.000000 0.464591 0.059151
617.000000 274.000000 0.475905 0.060783
579.000000 275.000000 0.414798 0.062375
263.000000 276.000000 -0.099460 0.064695
586.000000 276.000000 0.426010 0.063989
588.000000 276.000000 0.429216 0.063988
594.000000 276.000000 0.438844 0.063988
597.000000 276.000000 0.443663 0.063989
603.000000 276.000000 0.453313 0.063994
609.000000 276.000000 0.462983 0.064002
576.000000 277.000000 0.409994 0.065616
237.000000 279.000000 -0.142091 0.069539
586.000000 280.000000 0.426008 0.070463
569.000000 281.000000 0.398789 0.072106
590.000000 281.000000 0.432423 0.072080
592.000000 281.000000 0.435633 0.072079
598.000000 281.000000 0.445273 0.072080
609.000000 281.000000 0.462991 0.072091
636.000000 281.000000 0.506844 0.072180
248.000000 282.000000 -0.124063 0.074500
261.000000 282.000000 -0.102730 0.074543
617.000000 282.000000 0.475925 0.073726
580.000000 283.000000 0.416390 0.075325
587.000000 283.000000 0.427609 0.075318
594.000000 283.000000 0.438844 0.075316
237.000000 284.000000 -0.142072 0.077737
605.000000 284.000000 0.456544 0.076939
612.000000 284.000000 0.467841 0.076950
569.000000 285.000000 0.398780 0.078584
245.000000 287.000000 -0.128961 0.082689
564.000000 287.000000 0.390778 0.081837
574.000000 287.000000 0.406776 0.081812
583.000000 287.000000 0.421192 0.081797
636.000000 287.000000 0.506876 0.081893
247.000000 288.000000 -0.125679 0.084337
591.000000 288.000000 0.434025 0.083408
231.000000 289.000000 -0.151861 0.085904
235.000000 289.000000 -0.145321 0.085923
562.000000 289.000000 0.387573 0.085083
609.000000 289.000000 0.463004 0.085034
611.000000 289.000000 0.466235 0.085038
617.000000 289.000000 0.475944 0.085051
226.000000 290.000000 -0.160023 0.087516
259.000000 290.000000 -0.105987 0.087664
265.000000 290.000000 -0.096133 0.087685
272.000000 290.000000 -0.084626 0.087708
278.000000 290.000000 -0.074755 0.087725
552.000000 290.000000 0.371581 0.086740
584.000000 290.000000 0.422791 0.086651
620.000000 290.000000 0.480812 0.086678
496.000000 293.000000 0.281870 0.091922
504.000000 293.000000 0.294720 0.091870
510.000000 293.000000 0.304347 0.091831
513.000000 293.000000 0.309158 0.091813
522.000000 293.000000 0.323578 0.091758
525.000000 293.000000 0.328381 0.091741
544.000000 293.000000 0.358778 0.091639
516.000000 294.000000 0.313960 0.093419
531.000000 294.000000 0.337979 0.093330
537.000000 294.000000 0.347578 0.093297
231.000000 295.000000 -0.151830 0.095729
234.000000 295.000000 -0.146926 0.095745
229.000000 297.000000 -0.155086 0.098991
553.000000 298.000000 0.373146 0.099702
556.000000 298.000000 0.377944 0.099688
321.000000 299.000000 -0.003881 0.102561
198.000000 300.000000 -0.205547 0.103694
400.000000 300.000000 0.126073 0.103982
550.000000 300.000000 0.368338 0.102957
182.000000 301.000000 -0.231473 0.105209
383.000000 301.000000 0.098195 0.105703
541.000000 301.000000 0.353937 0.104627
580.000000 301.000000 0.416357 0.104463
586.000000 301.000000 0.425984 0.104452
594.000000 302.000000 0.438838 0.106061
163.000000 303.000000 -0.262148 0.108322
306.000000 304.000000 -0.028606 0.110753
308.000000 304.000000 -0.025310 0.110755
622.000000 304.000000 0.484112 0.109345
116.000000 305.000000 -0.337657 0.111225
163.000000 305.000000 -0.262132 0.111578
460.000000 305.000000 0.223725 0.111736
584.000000 305.000000 0.422766 0.110929
588.000000 305.000000 0.429190 0.110922
628.000000 305.000000 0.493896 0.110994
176.000000 306.000000 -0.241138 0.113311
179.000000 306.000000 -0.236287 0.113335
455.000000 306.000000 0.215622 0.113407
512.000000 306.000000 0.307463 0.112938
517.000000 306.000000 0.315480 0.112900
181.000000 307.000000 -0.233044 0.114981
457.000000 307.000000 0.218852 0.115020
515.000000 308.000000 0.312258 0.116162
120.000000 310.000000 -0.331210 0.119367
459.000000 310.000000 0.222065 0.119892
302.000000 311.000000 -0.035186 0.122219
307.000000 311.000000 -0.026949 0.122226
315.000000 311.000000 -0.013768 0.122234
388.000000 311.000000 0.106350 0.122049
130.000000 312.000000 -0.315153 0.122689
184.000000 312.000000 -0.228147 0.123153
322.000000 312.000000 -0.002232 0.123874
455.000000 313.000000 0.215562 0.124815
309.000000 314.000000 -0.023651 0.127142
450.000000 314.000000 0.207450 0.126489
312.000000 315.000000 -0.018708 0.128782
331.000000 315.000000 0.012596 0.128783
339.000000 315.000000 0.025774 0.128773
344.000000 315.000000 0.034008 0.128764
346.000000 315.000000 0.037301 0.128760
350.000000 315.000000 0.043887 0.128750
352.000000 315.000000 0.047178 0.128745
359.000000 315.000000 0.058696 0.128723
362.000000 315.000000 0.063631 0.128713
367.000000 315.000000 0.071851 0.128694
371.000000 315.000000 0.078425 0.128677
373.000000 315.000000 0.081711 0.128668
386.000000 315.000000 0.103048 0.128602
447.000000 315.000000 0.202576 0.128146
325.000000 316.000000 0.002710 0.130423
375.000000 316.000000 0.084991 0.130294
378.000000 316.000000 0.089916 0.130279
383.000000 316.000000 0.098122 0.130253
394.000000 316.000000 0.116154 0.130189
401.000000 316.000000 0.127613 0.130144
404.000000 316.000000 0.132520 0.130123
412.000000 316.000000 0.145594 0.130066
311.000000 317.000000 -0.020353 0.132055
317.000000 317.000000 -0.010469 0.132059
329.000000 317.000000 0.009300 0.132058
416.000000 317.000000 0.152117 0.131668
424.000000 317.000000 0.165162 0.131605
437.000000 317.000000 0.186319 0.131494
450.000000 317.000000 0.207423 0.131377
307.000000 318.000000 -0.026940 0.133686
336.000000 318.000000 0.020829 0.133687
345.000000 318.000000 0.035648 0.133671
351.000000 318.000000 0.045524 0.133656
359.000000 318.000000 0.058686 0.133631
374.000000 318.000000 0.083339 0.133569
376.000000 318.000000 0.086623 0.133559
378.000000 318.000000 0.089906 0.133549
383.000000 318.000000 0.098111 0.133523
445.000000 318.000000 0.199304 0.133052
455.000000 318.000000 0.215516 0.132959
318.000000 319.000000 -0.008821 0.135332
416.000000 319.000000 0.152101 0.134932
421.000000 320.000000 0.160248 0.136523
426.000000 320.000000 0.168395 0.136481
429.000000 320.000000 0.173280 0.136455
461.000000 320.000000 0.225209 0.136157
166.000000 321.000000 -0.257152 0.137632
381.000000 321.000000 0.094813 0.138436
389.000000 321.000000 0.107931 0.138389
398.000000 321.000000 0.122670 0.138330
416.000000 321.000000 0.152085 0.138195
162.000000 322.000000 -0.263593 0.139218
307.000000 322.000000 -0.026934 0.140229
314.000000 322.000000 -0.015407 0.140237
322.000000 322.000000 -0.002232 0.140240
341.000000 322.000000 0.029055 0.140222
346.000000 322.000000 0.037285 0.140211
361.000000 322.000000 0.061960 0.140164
428.000000 322.000000 0.171635 0.139724
463.000000 322.000000 0.228424 0.139391
603.000000 322.000000 0.453355 0.138431
328.000000 323.000000 0.007649 0.141873
335.000000 323.000000 0.019175 0.141866
365.000000 323.000000 0.068531 0.141782
434.000000 323.000000 0.181388 0.141300
444.000000 323.000000 0.197634 0.141206
453.000000 323.000000 0.212228 0.141118
306.000000 324.000000 -0.028577 0.143497
348.000000 324.000000 0.040572 0.143475
397.000000 324.000000 0.121013 0.143234
415.000000 324.000000 0.150429 0.143096
156.000000 325.000000 -0.273233 0.144033
358.000000 325.000000 0.057017 0.145078
362.000000 325.000000 0.063592 0.145063
420.000000 325.000000 0.158576 0.144684
429.000000 325.000000 0.173236 0.144604
434.000000 325.000000 0.181370 0.144558
389.000000 326.000000 0.107899 0.146552
447.000000 326.000000 0.202472 0.146060
454.000000 326.000000 0.213818 0.145989
464.000000 326.000000 0.230000 0.145886
616.000000 326.000000 0.474447 0.144945
311.000000 327.000000 -0.020342 0.148407
316.000000 327.000000 -0.012111 0.148411
322.000000 327.000000 -0.002232 0.148413
329.000000 327.000000 0.009292 0.148410
333.000000 327.000000 0.015877 0.148406
335.000000 327.000000 0.019170 0.148404
395.000000 327.000000 0.117718 0.148143
408.000000 327.000000 0.138976 0.148045
411.000000 329.000000 0.143859 0.151281
420.000000 329.000000 0.158540 0.151203
426.000000 329.000000 0.168315 0.151148
465.000000 329.000000 0.231585 0.150752
626.000000 329.000000 0.490782 0.149867
341.000000 330.000000 0.029039 0.153293
346.000000 330.000000 0.037265 0.153282
353.000000 330.000000 0.048778 0.153261
360.000000 330.000000 0.060285 0.153235
413.000000 330.000000 0.147115 0.152893
310.000000 331.000000 -0.021983 0.154938
358.000000 331.000000 0.056994 0.154876
454.000000 331.000000 0.213766 0.154121
322.000000 332.000000 -0.002232 0.156578
328.000000 332.000000 0.007643 0.156576
332.000000 332.000000 0.014226 0.156573
334.000000 332.000000 0.017517 0.156570
363.000000 332.000000 0.065206 0.156487
388.000000 332.000000 0.106221 0.156346
628.000000 332.000000 0.494082 0.154747
313.000000 333.000000 -0.017044 0.158206
341.000000 333.000000 0.029033 0.158190
348.000000 333.000000 0.040547 0.158173
356.000000 333.000000 0.053700 0.158147
358.000000 333.000000 0.056987 0.158139
415.000000 333.000000 0.150352 0.157762
432.000000 333.000000 0.178040 0.157601
441.000000 333.000000 0.192664 0.157510
308.000000 334.000000 -0.025270 0.159832
353.000000 334.000000 0.048765 0.159789
390.000000 334.000000 0.109483 0.159593
341.000000 335.000000 0.029029 0.161454
365.000000 335.000000 0.068478 0.161371
405.000000 335.000000 0.134010 0.161106
409.000000 335.000000 0.140543 0.161072
310.000000 336.000000 -0.021977 0.163098
345.000000 336.000000 0.035605 0.163075
347.000000 336.000000 0.038894 0.163070
361.000000 336.000000 0.061903 0.163020
414.000000 336.000000 0.148693 0.162656
421.000000 336.000000 0.160105 0.162590
306.000000 337.000000 -0.028555 0.164722
314.000000 337.000000 -0.015395 0.164733
327.000000 337.000000 0.005994 0.164735
332.000000 337.000000 0.014220 0.164731
334.000000 337.000000 0.017510 0.164728
389.000000 337.000000 0.107824 0.164488
409.000000 337.000000 0.140525 0.164328
428.000000 337.000000 0.171493 0.164148
341.000000 338.000000 0.029022 0.166346
362.000000 338.000000 0.063537 0.166276
371.000000 338.000000 0.078312 0.166231
453.000000 338.000000 0.212070 0.165507
154.000000 339.000000 -0.276307 0.166731
387.000000 339.000000 0.104535 0.167760
390.000000 339.000000 0.109447 0.167738
427.000000 339.000000 0.169846 0.167411
362.000000 340.000000 0.063528 0.169535
364.000000 340.000000 0.066812 0.169526
406.000000 340.000000 0.135600 0.169237
305.000000 341.000000 -0.030192 0.171241
310.000000 341.000000 -0.021970 0.171250
316.000000 341.000000 -0.012102 0.171256
321.000000 341.000000 -0.003877 0.171258
327.000000 341.000000 0.005992 0.171256
334.000000 342.000000 0.017503 0.172879
366.000000 342.000000 0.070085 0.172774
369.000000 342.000000 0.075008 0.172758
389.000000 342.000000 0.107788 0.172629
419.000000 342.000000 0.156789 0.172369
305.000000 343.000000 -0.030188 0.174500
340.000000 343.000000 0.027367 0.174497
342.000000 343.000000 0.030655 0.174492
372.000000 343.000000 0.079924 0.174369
402.000000 343.000000 0.129041 0.174152
435.000000 343.000000 0.182813 0.173828
438.000000 343.000000 0.187686 0.173795
465.000000 343.000000 0.231428 0.173484
369.000000 344.000000 0.074997 0.176014
448.000000 344.000000 0.203900 0.175306
314.000000 345.000000 -0.015388 0.177770
372.000000 345.000000 0.079913 0.177625
388.000000 345.000000 0.106129 0.177518
309.000000 346.000000 -0.023607 0.179392
321.000000 346.000000 -0.003877 0.179402
327.000000 346.000000 0.005989 0.179401
331.000000 346.000000 0.012565 0.179397
333.000000 346.000000 0.015854 0.179395
412.000000 346.000000 0.145338 0.178939
464.000000 346.000000 0.229776 0.178362
166.000000 347.000000 -0.256870 0.179839
219.000000 347.000000 -0.170983 0.180442
419.000000 347.000000 0.156739 0.180495
431.000000 347.000000 0.176268 0.180368
433.000000 347.000000 0.179519 0.180346
442.000000 347.000000 0.194134 0.180245
339.000000 348.000000 0.025713 0.182640
387.000000 348.000000 0.104469 0.182405
394.000000 348.000000 0.115922 0.182350
397.000000 348.000000 0.120827 0.182325
189.000000 349.000000 -0.219668 0.183354
195.000000 349.000000 -0.209947 0.183424
206.000000 349.000000 -0.192098 0.183549
223.000000 349.000000 -0.164449 0.183732
228.000000 349.000000 -0.156303 0.183782
260.000000 349.000000 -0.104018 0.184057
305.000000 349.000000 -0.030176 0.184268
336.000000 349.000000 0.020780 0.184273
343.000000 349.000000 0.032284 0.184257
369.000000 349.000000 0.074970 0.184150
373.000000 349.000000 0.081529 0.184126
399.000000 349.000000 0.124087 0.183933
467.000000 349.000000 0.234587 0.183190
469.000000 349.000000 0.237818 0.183165
198.000000 350.000000 -0.205071 0.185081
234.000000 350.000000 -0.146508 0.185465
309.000000 350.000000 -0.023601 0.185902
313.000000 350.000000 -0.017026 0.185907
316.000000 350.000000 -0.012095 0.185910
385.000000 350.000000 0.101181 0.185671
389.000000 350.000000 0.107727 0.185641
321.000000 351.000000 -0.003876 0.187539
327.000000 351.000000 0.005985 0.187537
331.000000 351.000000 0.012560 0.187534
333.000000 351.000000 0.015847 0.187531
376.000000 351.000000 0.086433 0.187359
396.000000 351.000000 0.119167 0.187209
420.000000 351.000000 0.158326 0.186980
432.000000 351.000000 0.177849 0.186850
188.000000 352.000000 -0.221252 0.188207
236.000000 352.000000 -0.143226 0.188732
372.000000 352.000000 0.079871 0.189010
465.000000 352.000000 0.231319 0.188077
474.000000 352.000000 0.245853 0.187964
304.000000 353.000000 -0.031811 0.190771
308.000000 353.000000 -0.025239 0.190779
340.000000 353.000000 0.027345 0.190770
344.000000 353.000000 0.033916 0.190760
393.000000 354.000000 0.114237 0.192107
414.000000 354.000000 0.148520 0.191911
565.000000 354.000000 0.392075 0.190285
141.000000 355.000000 -0.297053 0.192503
143.000000 355.000000 -0.293835 0.192526
275.000000 355.000000 -0.079402 0.193905
280.000000 355.000000 -0.071203 0.193933
303.000000 355.000000 -0.033449 0.194020
308.000000 355.000000 -0.025236 0.194030
313.000000 355.000000 -0.017021 0.194037
343.000000 355.000000 0.032268 0.194014
346.000000 355.000000 0.037195 0.194005
378.000000 355.000000 0.089683 0.193845
387.000000 355.000000 0.104416 0.193779
423.000000 355.000000 0.163168 0.193439
319.000000 356.000000 -0.007162 0.195667
326.000000 356.000000 0.004339 0.195666
333.000000 356.000000 0.015840 0.195659
338.000000 356.000000 0.024053 0.195651
359.000000 356.000000 0.058530 0.195579
361.000000 356.000000 0.061811 0.195570
367.000000 356.000000 0.071651 0.195538
371.000000 356.000000 0.078208 0.195514
420.000000 356.000000 0.158273 0.195093
426.000000 356.000000 0.168038 0.195028
465.000000 356.000000 0.231269 0.194557
472.000000 356.000000 0.242574 0.194468
146.000000 357.000000 -0.288983 0.195798
399.000000 357.000000 0.124016 0.196924
405.000000 357.000000 0.133812 0.196868
433.000000 357.000000 0.179406 0.196569
140.000000 358.000000 -0.298628 0.197346
283.000000 358.000000 -0.066268 0.198821
340.000000 358.000000 0.027333 0.198895
413.000000 358.000000 0.146849 0.198411
420.000000 358.000000 0.158252 0.198337
453.000000 358.000000 0.211832 0.197947
624.000000 358.000000 0.487777 0.196909
628.000000 358.000000 0.494364 0.196960
304.000000 359.000000 -0.031797 0.200520
351.000000 359.000000 0.045389 0.200485
357.000000 359.000000 0.055235 0.200460
423.000000 359.000000 0.163124 0.199925
427.000000 359.000000 0.169631 0.199880
277.000000 360.000000 -0.076095 0.202036
286.000000 360.000000 -0.061337 0.202082
308.000000 360.000000 -0.025227 0.202152
312.000000 360.000000 -0.018658 0.202158
318.000000 360.000000 -0.008803 0.202164
320.000000 360.000000 -0.005518 0.202164
339.000000 360.000000 0.025687 0.202145
345.000000 360.000000 0.035538 0.202129
361.000000 360.000000 0.061791 0.202065
364.000000 360.000000 0.066710 0.202049
388.000000 360.000000 0.106012 0.201886
394.000000 360.000000 0.115821 0.201836
570.000000 360.000000 0.400094 0.199970
610.000000 360.000000 0.464864 0.200024
326.000000 361.000000 0.004336 0.203787
330.000000 361.000000 0.010906 0.203783
332.000000 361.000000 0.014190 0.203781
366.000000 361.000000 0.069983 0.203661
404.000000 361.000000 0.132142 0.203366
408.000000 361.000000 0.138667 0.203326
478.000000 361.000000 0.252192 0.202484
312.000000 362.000000 -0.018655 0.205405
368.000000 362.000000 0.073255 0.205272
481.000000 362.000000 0.257016 0.204063
628.000000 362.000000 0.494420 0.203464
293.000000 363.000000 -0.049841 0.206979
339.000000 363.000000 0.025680 0.207014
353.000000 363.000000 0.048655 0.206969
370.000000 363.000000 0.076526 0.206882
394.000000 363.000000 0.115795 0.206701
397.000000 363.000000 0.120695 0.206674
408.000000 363.000000 0.138647 0.206568
436.000000 363.000000 0.184207 0.206255
439.000000 363.000000 0.189077 0.206219
442.000000 363.000000 0.193944 0.206182
445.000000 363.000000 0.198808 0.206145
449.000000 363.000000 0.205291 0.206094
618.000000 363.000000 0.477979 0.204965
426.000000 364.000000 0.167947 0.207993
453.000000 364.000000 0.211756 0.207662
621.000000 364.000000 0.482916 0.206623
307.000000 365.000000 -0.026859 0.210264
318.000000 365.000000 -0.008801 0.210277
366.000000 365.000000 0.069960 0.210149
387.000000 365.000000 0.104336 0.210002
393.000000 365.000000 0.114143 0.209952
408.000000 365.000000 0.138626 0.209809
423.000000 365.000000 0.163057 0.209647
438.000000 365.000000 0.187429 0.209469
483.000000 365.000000 0.260201 0.208889
290.000000 366.000000 -0.054750 0.211833
325.000000 366.000000 0.002692 0.211899
330.000000 366.000000 0.010900 0.211896
332.000000 366.000000 0.014183 0.211893
399.000000 366.000000 0.123933 0.211517
405.000000 366.000000 0.133724 0.211459
411.000000 366.000000 0.143506 0.211398
442.000000 366.000000 0.193907 0.211038
447.000000 366.000000 0.202012 0.210975
485.000000 366.000000 0.263412 0.210480
553.000000 366.000000 0.372716 0.209761
562.000000 366.000000 0.387191 0.209710
591.000000 366.000000 0.434001 0.209664
594.000000 366.000000 0.438865 0.209672
596.000000 366.000000 0.442111 0.209678
79.000000 367.000000 -0.396695 0.211409
225.000000 367.000000 -0.161002 0.212943
303.000000 367.000000 -0.033420 0.213498
306.000000 367.000000 -0.028496 0.213505
419.000000 367.000000 0.156525 0.212931
451.000000 367.000000 0.208479 0.212542
462.000000 367.000000 0.226278 0.212399
497.000000 367.000000 0.282722 0.211943
499.000000 367.000000 0.285940 0.211918
548.000000 367.000000 0.364673 0.211413
556.000000 367.000000 0.377533 0.211360
627.000000 367.000000 0.492843 0.211584
221.000000 368.000000 -0.167501 0.214518
294.000000 368.000000 -0.048182 0.215091
297.000000 368.000000 -0.043261 0.215102
339.000000 368.000000 0.025668 0.215123
396.000000 368.000000 0.119017 0.214785
399.000000 368.000000 0.123914 0.214757
403.000000 368.000000 0.130442 0.214718
422.000000 368.000000 0.161396 0.214516
427.000000 368.000000 0.169527 0.214458
443.000000 368.000000 0.195503 0.214262
476.000000 368.000000 0.248874 0.213832
483.000000 368.000000 0.260162 0.213740
599.000000 368.000000 0.446994 0.212934
94.000000 369.000000 -0.372510 0.214714
212.000000 369.000000 -0.182121 0.216033
307.000000 369.000000 -0.026851 0.216749
364.000000 369.000000 0.066661 0.216644
411.000000 369.000000 0.143475 0.216256
433.000000 369.000000 0.179263 0.216004
440.000000 369.000000 0.190625 0.215918
460.000000 369.000000 0.223018 0.215660
500.000000 369.000000 0.287524 0.215138
145.000000 370.000000 -0.290440 0.216812
191.000000 370.000000 -0.216172 0.217392
207.000000 370.000000 -0.190230 0.217591
295.000000 370.000000 -0.046535 0.218336
313.000000 370.000000 -0.017004 0.218379
319.000000 370.000000 -0.007157 0.218384
394.000000 370.000000 0.115732 0.218042
396.000000 370.000000 0.118998 0.218024
403.000000 370.000000 0.130422 0.217957
408.000000 370.000000 0.138575 0.217906
551.000000 370.000000 0.369474 0.216242
564.000000 370.000000 0.390393 0.216171
211.000000 371.000000 -0.183722 0.219257
332.000000 371.000000 0.014176 0.219997
371.000000 371.000000 0.078113 0.219841
388.000000 371.000000 0.105921 0.219714
406.000000 371.000000 0.135304 0.219545
485.000000 371.000000 0.263347 0.218562
554.000000 371.000000 0.374293 0.217840
85.000000 372.000000 -0.386998 0.219523
418.000000 372.000000 0.154842 0.221034
420.000000 372.000000 0.158096 0.221011
617.000000 372.000000 0.476440 0.219579
628.000000 372.000000 0.494577 0.219741
277.000000 373.000000 -0.076020 0.223109
433.000000 373.000000 0.179215 0.222474
443.000000 373.000000 0.195440 0.222349
205.000000 374.000000 -0.193427 0.224036
302.000000 374.000000 -0.035042 0.224836
306.000000 374.000000 -0.028482 0.224846
338.000000 374.000000 0.024014 0.224844
394.000000 374.000000 0.115696 0.224516
400.000000 374.000000 0.125489 0.224459
402.000000 374.000000 0.128751 0.224440
453.000000 374.000000 0.211627 0.223835
630.000000 374.000000 0.497927 0.223035
42.000000 375.000000 -0.456765 0.224461
77.000000 375.000000 -0.399904 0.224355
145.000000 375.000000 -0.290380 0.224893
214.000000 375.000000 -0.178801 0.225762
313.000000 375.000000 -0.016998 0.226477
412.000000 375.000000 0.145040 0.225953
570.000000 375.000000 0.400048 0.224241
57.000000 376.000000 -0.432313 0.225992
196.000000 376.000000 -0.207996 0.227156
237.000000 376.000000 -0.141358 0.227635
255.000000 376.000000 -0.111984 0.227804
325.000000 376.000000 0.002687 0.228100
329.000000 376.000000 0.009249 0.228097
331.000000 376.000000 0.012529 0.228094
338.000000 376.000000 0.024010 0.228082
418.000000 376.000000 0.154796 0.227503
424.000000 376.000000 0.164555 0.227433
430.000000 376.000000 0.174306 0.227361
432.000000 376.000000 0.177554 0.227337
479.000000 376.000000 0.253608 0.226720
482.000000 376.000000 0.258445 0.226680
513.000000 376.000000 0.308347 0.226292
227.000000 377.000000 -0.157636 0.229145
304.000000 377.000000 -0.031755 0.229697
438.000000 377.000000 0.187280 0.228878
445.000000 377.000000 0.198630 0.228788
572.000000 377.000000 0.403273 0.227474
234.000000 378.000000 -0.146226 0.230838
371.000000 378.000000 0.078067 0.231169
425.000000 378.000000 0.166157 0.230654
575.000000 378.000000 0.408118 0.229090
142.000000 379.000000 -0.295165 0.231320
201.000000 379.000000 -0.199853 0.232068
258.000000 379.000000 -0.107058 0.232681
264.000000 379.000000 -0.097251 0.232729
305.000000 379.000000 -0.030110 0.232935
387.000000 379.000000 0.104220 0.232665
591.000000 379.000000 0.434041 0.230736
67.000000 380.000000 -0.416088 0.232452
145.000000 380.000000 -0.290321 0.232970
208.000000 380.000000 -0.188484 0.233770
217.000000 380.000000 -0.173867 0.233879
317.000000 380.000000 -0.010433 0.234570
324.000000 380.000000 0.001046 0.234571
335.000000 380.000000 0.019082 0.234559
341.000000 380.000000 0.028918 0.234545
345.000000 380.000000 0.035475 0.234533
548.000000 380.000000 0.364583 0.232428
557.000000 380.000000 0.379073 0.232377
205.000000 381.000000 -0.193340 0.235349
214.000000 381.000000 -0.178729 0.235459
331.000000 381.000000 0.012522 0.236182
352.000000 381.000000 0.046941 0.236124
356.000000 381.000000 0.053493 0.236106
426.000000 381.000000 0.167747 0.235489
429.000000 381.000000 0.172620 0.235452
493.000000 381.000000 0.276105 0.234610
575.000000 381.000000 0.408116 0.233947
590.000000 381.000000 0.432424 0.233975
43.000000 382.000000 -0.455193 0.235829
118.000000 382.000000 -0.333774 0.235915
193.000000 382.000000 -0.212780 0.236811
196.000000 382.000000 -0.207920 0.236850
305.000000 382.000000 -0.030103 0.237785
312.000000 382.000000 -0.018629 0.237798
418.000000 382.000000 0.154728 0.237199
420.000000 382.000000 0.157981 0.237175
435.000000 382.000000 0.182349 0.236993
295.000000 383.000000 -0.046487 0.239371
338.000000 383.000000 0.023994 0.239402
344.000000 383.000000 0.033826 0.239386
445.000000 383.000000 0.198552 0.238478
547.000000 383.000000 0.362954 0.237284
133.000000 384.000000 -0.309603 0.239295
189.000000 384.000000 -0.219231 0.239989
203.000000 384.000000 -0.196547 0.240168
205.000000 384.000000 -0.193303 0.240194
305.000000 384.000000 -0.030099 0.241018
342.000000 384.000000 0.030546 0.241008
422.000000 384.000000 0.161209 0.240381
431.000000 384.000000 0.175831 0.240272
435.000000 384.000000 0.182324 0.240222
448.000000 384.000000 0.203399 0.240053
452.000000 384.000000 0.209876 0.240000
494.000000 384.000000 0.277677 0.239440
557.000000 384.000000 0.379055 0.238846
37.000000 385.000000 -0.465074 0.240778
71.000000 385.000000 -0.409609 0.240551
123.000000 385.000000 -0.325696 0.240809
126.000000 385.000000 -0.320865 0.240838
163.000000 385.000000 -0.261237 0.241266
295.000000 385.000000 -0.046480 0.242603
310.000000 385.000000 -0.021902 0.242643
316.000000 385.000000 -0.012069 0.242651
328.000000 385.000000 0.007600 0.242650
135.000000 386.000000 -0.306361 0.242547
144.000000 386.000000 -0.291862 0.242648
217.000000 386.000000 -0.173796 0.243569
344.000000 386.000000 0.033817 0.244233
387.000000 386.000000 0.104160 0.243974
389.000000 386.000000 0.107425 0.243957
448.000000 386.000000 0.203372 0.243281
501.000000 386.000000 0.288923 0.242581
549.000000 386.000000 0.366155 0.242122
306.000000 387.000000 -0.028453 0.245866
421.000000 387.000000 0.159548 0.245236
452.000000 387.000000 0.209836 0.244841
547.000000 387.000000 0.362928 0.243750
552.000000 387.000000 0.370982 0.243722
336.000000 388.000000 0.020705 0.247483
347.000000 388.000000 0.038724 0.247452
419.000000 388.000000 0.156285 0.246873
425.000000 388.000000 0.166037 0.246802
438.000000 388.000000 0.187140 0.246639
549.000000 388.000000 0.366144 0.245355
555.000000 388.000000 0.375813 0.245325
338.000000 389.000000 0.023980 0.249093
504.000000 389.000000 0.293716 0.247386
166.000000 390.000000 -0.256332 0.249375
204.000000 390.000000 -0.194850 0.249865
350.000000 390.000000 0.043629 0.250669
428.000000 390.000000 0.170886 0.249992
547.000000 390.000000 0.362910 0.248600
560.000000 390.000000 0.383871 0.248542
562.000000 390.000000 0.387100 0.248536
388.000000 391.000000 0.105748 0.252035
442.000000 391.000000 0.193586 0.251426
444.000000 391.000000 0.196827 0.251400
493.000000 391.000000 0.275977 0.250748
505.000000 391.000000 0.295302 0.250602
183.000000 392.000000 -0.228835 0.252821
335.000000 392.000000 0.019059 0.253941
356.000000 392.000000 0.053440 0.253869
426.000000 392.000000 0.167613 0.253242
490.000000 392.000000 0.271131 0.252400
359.000000 393.000000 0.058344 0.255467
448.000000 393.000000 0.203280 0.254572
462.000000 393.000000 0.225930 0.254384
500.000000 393.000000 0.287228 0.253888
509.000000 393.000000 0.301718 0.253783
569.000000 393.000000 0.398408 0.253384
77.000000 394.000000 -0.399891 0.255133
197.000000 394.000000 -0.206146 0.256228
212.000000 394.000000 -0.181820 0.256416
226.000000 394.000000 -0.159072 0.256581
435.000000 394.000000 0.182197 0.256354
496.000000 394.000000 0.280773 0.255550
335.000000 395.000000 0.019054 0.258779
361.000000 395.000000 0.061604 0.258681
389.000000 395.000000 0.107345 0.258477
418.000000 395.000000 0.154577 0.258174
447.000000 395.000000 0.201634 0.257810
452.000000 395.000000 0.209729 0.257743
504.000000 395.000000 0.293645 0.257067
512.000000 395.000000 0.306525 0.256977
562.000000 395.000000 0.387089 0.256629
341.000000 396.000000 0.028874 0.260377
426.000000 396.000000 0.167564 0.259690
432.000000 396.000000 0.177304 0.259616
543.000000 396.000000 0.356430 0.258323
235.000000 397.000000 -0.144396 0.261517
302.000000 397.000000 -0.034979 0.261990
354.000000 397.000000 0.050145 0.261941
361.000000 397.000000 0.061593 0.261905
384.000000 397.000000 0.099169 0.261744
389.000000 397.000000 0.107327 0.261700
435.000000 397.000000 0.182159 0.261189
438.000000 397.000000 0.187024 0.261151
493.000000 397.000000 0.275902 0.260426
523.000000 397.000000 0.324212 0.260093
540.000000 397.000000 0.351589 0.259958
633.000000 397.000000 0.503470 0.260691
180.000000 398.000000 -0.233609 0.262458
192.000000 398.000000 -0.214193 0.262612
240.000000 398.000000 -0.136244 0.263181
370.000000 398.000000 0.076298 0.263462
451.000000 398.000000 0.208070 0.262592
525.000000 398.000000 0.327423 0.261690
527.000000 398.000000 0.330643 0.261672
93.000000 399.000000 -0.373987 0.263248
244.000000 399.000000 -0.129718 0.264833
254.000000 399.000000 -0.113417 0.264926
387.000000 399.000000 0.104046 0.264941
419.000000 399.000000 0.156156 0.264609
423.000000 399.000000 0.162655 0.264561
84.000000 400.000000 -0.388550 0.264855
152.000000 400.000000 -0.278801 0.265335
258.000000 400.000000 -0.106883 0.266572
294.000000 400.000000 -0.048060 0.266797
336.000000 400.000000 0.020680 0.266836
479.000000 400.000000 0.253290 0.265442
108.000000 401.000000 -0.349750 0.266547
154.000000 401.000000 -0.275562 0.266971
157.000000 401.000000 -0.270722 0.267007
190.000000 401.000000 -0.217393 0.267422
228.000000 401.000000 -0.155741 0.267886
266.000000 401.000000 -0.093818 0.268247
268.000000 401.000000 -0.090552 0.268262
344.000000 401.000000 0.033769 0.268425
350.000000 401.000000 0.043584 0.268403
353.000000 401.000000 0.048491 0.268390
497.000000 401.000000 0.282299 0.266828
523.000000 401.000000 0.324175 0.266551
527.000000 401.000000 0.330618 0.266516
187.000000 402.000000 -0.222235 0.268995
212.000000 402.000000 -0.181722 0.269309
274.000000 402.000000 -0.080745 0.269914
358.000000 402.000000 0.056662 0.269977
363.000000 402.000000 0.064834 0.269949
481.000000 402.000000 0.256491 0.268639
525.000000 402.000000 0.327388 0.268148
294.000000 403.000000 -0.048048 0.271629
368.000000 403.000000 0.072998 0.271528
375.000000 403.000000 0.084430 0.271480
380.000000 403.000000 0.092591 0.271442
497.000000 403.000000 0.282275 0.270052
572.000000 403.000000 0.403280 0.269593
191.000000 404.000000 -0.215736 0.272268
240.000000 404.000000 -0.136183 0.272846
300.000000 404.000000 -0.038231 0.273260
329.000000 404.000000 0.009219 0.273289
333.000000 404.000000 0.015764 0.273283
341.000000 404.000000 0.028852 0.273265
386.000000 404.000000 0.102372 0.273001
392.000000 404.000000 0.112154 0.272947
418.000000 404.000000 0.154472 0.272673
425.000000 404.000000 0.165843 0.272589
562.000000 404.000000 0.387079 0.271203
182.000000 405.000000 -0.230286 0.273765
200.000000 405.000000 -0.201146 0.273992
212.000000 405.000000 -0.181686 0.274141
305.000000 405.000000 -0.030049 0.274883
307.000000 405.000000 -0.026777 0.274887
313.000000 405.000000 -0.016961 0.274897
354.000000 405.000000 0.050108 0.274826
401.000000 405.000000 0.126807 0.274469
409.000000 405.000000 0.139827 0.274384
428.000000 405.000000 0.170701 0.274162
498.000000 405.000000 0.283863 0.273265
532.000000 405.000000 0.338643 0.272938
294.000000 406.000000 -0.048036 0.276458
328.000000 406.000000 0.007581 0.276509
366.000000 406.000000 0.069712 0.276370
413.000000 406.000000 0.146321 0.275949
449.000000 406.000000 0.204727 0.275504
453.000000 406.000000 0.211201 0.275451
568.000000 406.000000 0.396800 0.274449
116.000000 407.000000 -0.336801 0.276295
179.000000 407.000000 -0.235112 0.276949
339.000000 407.000000 0.025573 0.278099
342.000000 407.000000 0.030479 0.278090
376.000000 407.000000 0.086033 0.277911
378.000000 407.000000 0.089296 0.277895
383.000000 407.000000 0.097453 0.277855
422.000000 407.000000 0.160935 0.277454
426.000000 407.000000 0.167430 0.277406
462.000000 407.000000 0.225743 0.276943
521.000000 407.000000 0.320901 0.276255
165.000000 408.000000 -0.257723 0.278388
200.000000 408.000000 -0.201108 0.278823
355.000000 408.000000 0.051728 0.279649
357.000000 408.000000 0.054996 0.279639
386.000000 408.000000 0.102337 0.279439
393.000000 408.000000 0.113747 0.279375
395.000000 408.000000 0.117005 0.279356
490.000000 408.000000 0.270931 0.278196
554.000000 408.000000 0.374135 0.277689
558.000000 408.000000 0.380605 0.277684
177.000000 409.000000 -0.238321 0.280146
186.000000 409.000000 -0.223765 0.280258
367.000000 409.000000 0.071326 0.281190
407.000000 409.000000 0.136530 0.280843
409.000000 409.000000 0.139783 0.280821
562.000000 409.000000 0.387080 0.279304
564.000000 409.000000 0.390321 0.279306
568.000000 409.000000 0.396806 0.279314
192.000000 410.000000 -0.214041 0.281944
210.000000 410.000000 -0.184870 0.282166
214.000000 410.000000 -0.178380 0.282214
219.000000 410.000000 -0.170263 0.282273
223.000000 410.000000 -0.163766 0.282319
197.000000 411.000000 -0.205932 0.283616
201.000000 411.000000 -0.199451 0.283665
419.000000 411.000000 0.156015 0.283925
163.000000 412.000000 -0.260906 0.284810
233.000000 412.000000 -0.147490 0.285647
296.000000 412.000000 -0.044744 0.286117
434.000000 412.000000 0.180348 0.285352
584.000000 412.000000 0.422853 0.284278
187.000000 413.000000 -0.222097 0.286711
418.000000 413.000000 0.154368 0.287154
421.000000 413.000000 0.159240 0.287119
449.000000 413.000000 0.204637 0.286771
587.000000 413.000000 0.427763 0.285935
191.000000 414.000000 -0.215611 0.288371
437.000000 415.000000 0.185174 0.290140
447.000000 415.000000 0.201373 0.290014
461.000000 415.000000 0.224023 0.289834
169.000000 416.000000 -0.251166 0.291325
229.000000 416.000000 -0.153950 0.292037
455.000000 416.000000 0.214307 0.291520
590.000000 416.000000 0.432708 0.290857
122.000000 417.000000 -0.327049 0.292493
124.000000 417.000000 -0.323819 0.292506
223.000000 417.000000 -0.163687 0.293578
299.000000 417.000000 -0.039825 0.294163
610.000000 417.000000 0.465672 0.292853
212.000000 418.000000 -0.181531 0.295060
307.000000 418.000000 -0.026751 0.295790
313.000000 418.000000 -0.016946 0.295799
318.000000 418.000000 -0.008774 0.295804
321.000000 418.000000 -0.003871 0.295804
590.000000 418.000000 0.432735 0.294117
603.000000 418.000000 0.454115 0.294336
606.000000 418.000000 0.459072 0.294399
309.000000 419.000000 -0.023481 0.297400
323.000000 419.000000 -0.000603 0.297410
327.000000 419.000000 0.005934 0.297408
331.000000 419.000000 0.012470 0.297404
541.000000 419.000000 0.353095 0.295524
168.000000 420.000000 -0.252737 0.297756
263.000000 420.000000 -0.098567 0.298784
303.000000 420.000000 -0.033282 0.298993
319.000000 420.000000 -0.007139 0.299016
333.000000 420.000000 0.015737 0.299006
338.000000 420.000000 0.023906 0.298996
460.000000 420.000000 0.222343 0.297892
533.000000 420.000000 0.340167 0.297173
593.000000 420.000000 0.437686 0.297424
170.000000 421.000000 -0.249493 0.299389
172.000000 421.000000 -0.246260 0.299412
266.000000 421.000000 -0.093669 0.300413
274.000000 421.000000 -0.080623 0.300467
312.000000 421.000000 -0.018576 0.300616
329.000000 421.000000 0.009200 0.300617
340.000000 421.000000 0.027171 0.300597
343.000000 421.000000 0.032071 0.300588
348.000000 421.000000 0.040237 0.300571
354.000000 421.000000 0.050034 0.300546
279.000000 422.000000 -0.072459 0.302103
296.000000 422.000000 -0.044709 0.302182
300.000000 422.000000 -0.038176 0.302195
323.000000 422.000000 -0.000604 0.302227
350.000000 422.000000 0.043499 0.302169
358.000000 422.000000 0.056559 0.302132
364.000000 422.000000 0.066350 0.302099
592.000000 422.000000 0.436075 0.300673
16.000000 423.000000 -0.501069 0.303591
128.000000 423.000000 -0.317318 0.302225
167.000000 423.000000 -0.254319 0.302577
177.000000 423.000000 -0.238154 0.302689
261.000000 423.000000 -0.101804 0.303587
303.000000 423.000000 -0.033274 0.303809
361.000000 423.000000 0.061449 0.303721
368.000000 423.000000 0.072869 0.303680
375.000000 423.000000 0.084284 0.303632
596.000000 423.000000 0.442671 0.302375
611.000000 423.000000 0.467484 0.302715
126.000000 424.000000 -0.320544 0.303828
192.000000 424.000000 -0.213872 0.304473
253.000000 424.000000 -0.114827 0.305126
305.000000 424.000000 -0.030005 0.305419
332.000000 424.000000 0.014097 0.305429
343.000000 424.000000 0.032062 0.305404
371.000000 424.000000 0.077755 0.305265
380.000000 424.000000 0.092426 0.305200
385.000000 424.000000 0.100572 0.305159
390.000000 424.000000 0.108714 0.305116
460.000000 424.000000 0.222293 0.304327
539.000000 424.000000 0.349848 0.303621
256.000000 425.000000 -0.109933 0.306757
308.000000 425.000000 -0.025104 0.307030
315.000000 425.000000 -0.013671 0.307039
325.000000 425.000000 0.002662 0.307041
382.000000 425.000000 0.095676 0.306789
393.000000 425.000000 0.113589 0.306695
396.000000 425.000000 0.118471 0.306667
401.000000 425.000000 0.126605 0.306618
457.000000 425.000000 0.217430 0.305972
480.000000 425.000000 0.254596 0.305698
613.000000 425.000000 0.470869 0.306055
74.000000 426.000000 -0.404924 0.307117
274.000000 426.000000 -0.080591 0.308494
300.000000 426.000000 -0.038165 0.308615
353.000000 426.000000 0.048379 0.308575
364.000000 426.000000 0.066326 0.308519
404.000000 426.000000 0.131474 0.308194
407.000000 426.000000 0.136350 0.308163
412.000000 426.000000 0.144476 0.308110
542.000000 426.000000 0.354697 0.306853
618.000000 426.000000 0.479249 0.307856
302.000000 427.000000 -0.034897 0.310225
323.000000 427.000000 -0.000605 0.310251
335.000000 427.000000 0.018991 0.310237
340.000000 427.000000 0.027155 0.310226
375.000000 427.000000 0.084255 0.310052
415.000000 427.000000 0.149338 0.309684
418.000000 427.000000 0.154209 0.309651
423.000000 427.000000 0.162325 0.309594
498.000000 427.000000 0.283629 0.308731
524.000000 427.000000 0.325597 0.308533
77.000000 428.000000 -0.400043 0.310345
357.000000 428.000000 0.054897 0.311765
385.000000 428.000000 0.100538 0.311579
426.000000 428.000000 0.167181 0.311166
429.000000 428.000000 0.172047 0.311131
435.000000 428.000000 0.181774 0.311061
539.000000 428.000000 0.349839 0.310096
591.000000 428.000000 0.434533 0.310458
307.000000 429.000000 -0.026729 0.313445
344.000000 429.000000 0.033679 0.313422
361.000000 429.000000 0.061416 0.313349
397.000000 429.000000 0.120060 0.313078
438.000000 429.000000 0.186624 0.312632
477.000000 429.000000 0.249706 0.312172
547.000000 429.000000 0.362792 0.311712
312.000000 430.000000 -0.018565 0.315057
329.000000 430.000000 0.009190 0.315058
335.000000 430.000000 0.018985 0.315049
354.000000 430.000000 0.049993 0.314988
372.000000 430.000000 0.079345 0.314886
379.000000 430.000000 0.090750 0.314836
408.000000 430.000000 0.137934 0.314574
447.000000 430.000000 0.201188 0.314132
484.000000 430.000000 0.261000 0.313706
535.000000 430.000000 0.343364 0.313342
632.000000 430.000000 0.503008 0.315018
114.000000 431.000000 -0.339928 0.315102
119.000000 431.000000 -0.331833 0.315115
305.000000 431.000000 -0.029990 0.316648
322.000000 431.000000 -0.002238 0.316666
339.000000 431.000000 0.025512 0.316644
365.000000 431.000000 0.067928 0.316534
377.000000 431.000000 0.087485 0.316455
419.000000 431.000000 0.155788 0.316062
517.000000 431.000000 0.314269 0.315036
526.000000 431.000000 0.328809 0.314990
117.000000 432.000000 -0.335068 0.316728
333.000000 432.000000 0.015717 0.318260
350.000000 432.000000 0.043459 0.318212
388.000000 432.000000 0.105389 0.317972
394.000000 432.000000 0.115152 0.317919
505.000000 432.000000 0.294885 0.316734
508.000000 432.000000 0.299728 0.316711
519.000000 432.000000 0.317493 0.316640
634.000000 432.000000 0.506508 0.318432
298.000000 433.000000 -0.041408 0.319836
315.000000 433.000000 -0.013664 0.319870
344.000000 433.000000 0.033666 0.319836
355.000000 433.000000 0.051611 0.319793
361.000000 433.000000 0.061395 0.319764
367.000000 433.000000 0.071176 0.319729
400.000000 433.000000 0.124901 0.319468
405.000000 433.000000 0.133029 0.319419
412.000000 433.000000 0.144401 0.319348
430.000000 433.000000 0.173611 0.319150
440.000000 433.000000 0.189817 0.319035
626.000000 433.000000 0.492973 0.319717
628.000000 433.000000 0.496359 0.319806
305.000000 434.000000 -0.029983 0.321458
325.000000 434.000000 0.002657 0.321474
330.000000 434.000000 0.010818 0.321470
337.000000 434.000000 0.022241 0.321458
372.000000 434.000000 0.079318 0.321301
26.000000 435.000000 -0.484656 0.323020
29.000000 435.000000 -0.479599 0.322899
116.000000 435.000000 -0.336682 0.321583
316.000000 435.000000 -0.012031 0.323077
321.000000 435.000000 -0.003871 0.323078
341.000000 435.000000 0.028765 0.323051
347.000000 435.000000 0.038554 0.323032
375.000000 435.000000 0.084198 0.322883
378.000000 435.000000 0.089084 0.322862
383.000000 435.000000 0.097226 0.322824
635.000000 435.000000 0.508369 0.323470
33.000000 436.000000 -0.472913 0.324399
309.000000 436.000000 -0.023452 0.324671
319.000000 436.000000 -0.007135 0.324681
323.000000 436.000000 -0.000607 0.324681
335.000000 436.000000 0.018974 0.324668
352.000000 436.000000 0.046705 0.324616
358.000000 436.000000 0.056488 0.324588
389.000000 436.000000 0.106983 0.324379
108.000000 437.000000 -0.349651 0.324822
133.000000 437.000000 -0.309156 0.324874
306.000000 437.000000 -0.028345 0.326268
364.000000 437.000000 0.066263 0.326159
370.000000 437.000000 0.076040 0.326123
401.000000 437.000000 0.126489 0.325875
413.000000 437.000000 0.145984 0.325756
434.000000 437.000000 0.180050 0.325528
614.000000 437.000000 0.472933 0.325851
622.000000 437.000000 0.486387 0.326168
129.000000 438.000000 -0.315624 0.326474
310.000000 438.000000 -0.021818 0.327878
357.000000 438.000000 0.054848 0.327798
375.000000 438.000000 0.084178 0.327693
549.000000 438.000000 0.366056 0.326320
625.000000 438.000000 0.491504 0.327958
317.000000 439.000000 -0.010397 0.329487
324.000000 439.000000 0.001023 0.329487
369.000000 439.000000 0.074398 0.329335
381.000000 439.000000 0.093939 0.329252
393.000000 439.000000 0.113464 0.329155
412.000000 439.000000 0.144340 0.328975
592.000000 439.000000 0.436405 0.328491
405.000000 440.000000 0.132961 0.330648
424.000000 440.000000 0.163804 0.330454
594.000000 440.000000 0.439735 0.330180
605.000000 440.000000 0.457996 0.330491
49.000000 441.000000 -0.446358 0.332119
379.000000 441.000000 0.090669 0.332473
383.000000 441.000000 0.097179 0.332443
417.000000 441.000000 0.152436 0.332133
438.000000 441.000000 0.186487 0.331907
591.000000 441.000000 0.434800 0.331749
603.000000 441.000000 0.454697 0.332075
17.000000 442.000000 -0.500279 0.335077
134.000000 442.000000 -0.307515 0.332962
137.000000 442.000000 -0.302660 0.332975
396.000000 442.000000 0.118316 0.333939
403.000000 442.000000 0.129692 0.333875
407.000000 442.000000 0.136190 0.333837
20.000000 443.000000 -0.495209 0.336582
218.000000 443.000000 -0.171525 0.335291
381.000000 443.000000 0.093910 0.335663
386.000000 443.000000 0.102045 0.335625
394.000000 443.000000 0.115056 0.335559
413.000000 443.000000 0.145923 0.335382
47.000000 444.000000 -0.449776 0.337120
375.000000 444.000000 0.084137 0.337308
407.000000 444.000000 0.136171 0.337044
7.000000 445.000000 -0.517678 0.340703
15.000000 445.000000 -0.503875 0.340197
149.000000 445.000000 -0.283226 0.337885
215.000000 445.000000 -0.176371 0.338472
390.000000 445.000000 0.108535 0.338798
393.000000 445.000000 0.113413 0.338773
399.000000 445.000000 0.123165 0.338721
416.000000 445.000000 0.150773 0.338560
418.000000 445.000000 0.154018 0.338540
421.000000 445.000000 0.158885 0.338510
442.000000 445.000000 0.192922 0.338289
601.000000 445.000000 0.451493 0.338604
18.000000 446.000000 -0.498790 0.341694
145.000000 446.000000 -0.289693 0.339478
225.000000 446.000000 -0.160137 0.340175
231.000000 446.000000 -0.150397 0.340231
396.000000 446.000000 0.118281 0.340351
402.000000 446.000000 0.128031 0.340298
426.000000 446.000000 0.166984 0.340063
431.000000 446.000000 0.175090 0.340011
16.000000 447.000000 -0.502276 0.343482
44.000000 447.000000 -0.454883 0.342172
137.000000 447.000000 -0.302639 0.341059
141.000000 447.000000 -0.296163 0.341074
408.000000 447.000000 0.137767 0.341846
414.000000 447.000000 0.147507 0.341788
589.000000 447.000000 0.431641 0.341554
41.000000 448.000000 -0.459943 0.343936
86.000000 448.000000 -0.385547 0.342855
235.000000 448.000000 -0.143883 0.343476
420.000000 448.000000 0.157233 0.343333
600.000000 448.000000 0.449924 0.343520
605.000000 448.000000 0.458269 0.343694
137.000000 449.000000 -0.302633 0.344294
148.000000 449.000000 -0.284822 0.344339
153.000000 449.000000 -0.276730 0.344367
228.000000 449.000000 -0.155240 0.345017
245.000000 449.000000 -0.127628 0.345165
254.000000 449.000000 -0.112997 0.345235
426.000000 449.000000 0.166954 0.344877
432.000000 449.000000 0.176680 0.344817
597.000000 449.000000 0.444963 0.345073
142.000000 450.000000 -0.294532 0.345928
222.000000 450.000000 -0.164968 0.346566
234.000000 450.000000 -0.145490 0.346675
257.000000 450.000000 -0.108111 0.346860
266.000000 450.000000 -0.093469 0.346921
272.000000 450.000000 -0.083704 0.346958
439.000000 450.000000 0.188011 0.346351
593.000000 450.000000 0.438349 0.346600
132.000000 451.000000 -0.310729 0.347519
251.000000 451.000000 -0.117860 0.348418
254.000000 451.000000 -0.112982 0.348441
269.000000 451.000000 -0.088581 0.348542
278.000000 451.000000 -0.073930 0.348592
285.000000 451.000000 -0.062531 0.348625
135.000000 452.000000 -0.305865 0.349144
139.000000 452.000000 -0.299384 0.349153
221.000000 452.000000 -0.166572 0.349768
259.000000 452.000000 -0.104844 0.350079
266.000000 452.000000 -0.093456 0.350125
281.000000 452.000000 -0.069041 0.350208
290.000000 452.000000 -0.054384 0.350247
142.000000 453.000000 -0.294521 0.350780
156.000000 453.000000 -0.271851 0.350842
219.000000 453.000000 -0.169808 0.351355
245.000000 453.000000 -0.127596 0.351578
262.000000 453.000000 -0.099957 0.351702
278.000000 453.000000 -0.073920 0.351795
293.000000 453.000000 -0.049494 0.351858
303.000000 453.000000 -0.033202 0.351886
309.000000 453.000000 -0.023426 0.351897
231.000000 454.000000 -0.150326 0.353066
235.000000 454.000000 -0.143832 0.353100
270.000000 454.000000 -0.086936 0.353353
275.000000 454.000000 -0.078799 0.353381
291.000000 454.000000 -0.052748 0.353452
300.000000 454.000000 -0.038088 0.353480
312.000000 454.000000 -0.018537 0.353501
316.000000 454.000000 -0.012019 0.353504
322.000000 454.000000 -0.002242 0.353506
221.000000 455.000000 -0.166546 0.354583
228.000000 455.000000 -0.155187 0.354644
244.000000 455.000000 -0.129205 0.354776
283.000000 455.000000 -0.065771 0.355021
287.000000 455.000000 -0.059258 0.355038
325.000000 455.000000 0.002646 0.355105
328.000000 455.000000 0.007534 0.355103
334.000000 455.000000 0.017309 0.355095
219.000000 456.000000 -0.169781 0.356171
293.000000 456.000000 -0.049484 0.356661
309.000000 456.000000 -0.023422 0.356699
341.000000 456.000000 0.028710 0.356681
136.000000 457.000000 -0.304237 0.357243
144.000000 457.000000 -0.291269 0.357257
151.000000 457.000000 -0.279929 0.357280
153.000000 457.000000 -0.276689 0.357288
245.000000 457.000000 -0.127565 0.357991
252.000000 457.000000 -0.116190 0.358043
304.000000 457.000000 -0.031565 0.358291
306.000000 457.000000 -0.028307 0.358294
322.000000 457.000000 -0.002243 0.358307
338.000000 457.000000 0.023821 0.358288
347.000000 457.000000 0.038479 0.358264
216.000000 458.000000 -0.174630 0.359357
219.000000 458.000000 -0.169764 0.359382
235.000000 458.000000 -0.143799 0.359516
257.000000 458.000000 -0.108055 0.359680
265.000000 458.000000 -0.095046 0.359731
300.000000 458.000000 -0.038078 0.359882
314.000000 458.000000 -0.015275 0.359905
319.000000 458.000000 -0.007130 0.359907
335.000000 458.000000 0.018933 0.359894
350.000000 458.000000 0.043361 0.359854
361.000000 458.000000 0.061268 0.359809
105.000000 459.000000 -0.354634 0.360603
128.000000 459.000000 -0.317218 0.360488
134.000000 459.000000 -0.307480 0.360483
213.000000 459.000000 -0.179486 0.360938
226.000000 459.000000 -0.158399 0.361047
229.000000 459.000000 -0.153530 0.361071
231.000000 459.000000 -0.150284 0.361088
277.000000 459.000000 -0.075518 0.361398
292.000000 459.000000 -0.051102 0.361460
327.000000 459.000000 0.005901 0.361505
332.000000 459.000000 0.014045 0.361499
358.000000 459.000000 0.056380 0.361423
367.000000 459.000000 0.071027 0.361379
374.000000 459.000000 0.082414 0.361339
237.000000 460.000000 -0.140535 0.362740
243.000000 460.000000 -0.130791 0.362786
282.000000 460.000000 -0.067377 0.363023
287.000000 460.000000 -0.059238 0.363043
348.000000 460.000000 0.040098 0.363062
371.000000 460.000000 0.077528 0.362958
381.000000 460.000000 0.093790 0.362897
250.000000 461.000000 -0.119412 0.364440
343.000000 461.000000 0.031954 0.364677
351.000000 461.000000 0.044978 0.364652
384.000000 461.000000 0.098660 0.364478
388.000000 461.000000 0.105161 0.364450
394.000000 461.000000 0.114910 0.364406
262.000000 462.000000 -0.099901 0.366121
300.000000 462.000000 -0.038068 0.366284
368.000000 462.000000 0.072637 0.366177
402.000000 462.000000 0.127894 0.365947
221.000000 463.000000 -0.166479 0.367428
229.000000 463.000000 -0.153499 0.367491
267.000000 463.000000 -0.091765 0.367752
308.000000 463.000000 -0.025041 0.367900
313.000000 463.000000 -0.016899 0.367905
316.000000 463.000000 -0.012014 0.367907
398.000000 463.000000 0.121391 0.367581
408.000000 463.000000 0.137626 0.367502
62.000000 464.000000 -0.425453 0.369661
69.000000 464.000000 -0.413835 0.369445
96.000000 464.000000 -0.369396 0.368874
233.000000 464.000000 -0.146999 0.369126
275.000000 464.000000 -0.078748 0.369395
280.000000 464.000000 -0.070614 0.369419
321.000000 464.000000 -0.003872 0.369509
326.000000 464.000000 0.004269 0.369507
329.000000 464.000000 0.009153 0.369504
382.000000 464.000000 0.095390 0.369297
420.000000 464.000000 0.157085 0.369006
219.000000 465.000000 -0.169707 0.370624
240.000000 465.000000 -0.135627 0.370782
246.000000 465.000000 -0.125882 0.370825
289.000000 465.000000 -0.055965 0.371055
293.000000 465.000000 -0.049455 0.371068
334.000000 465.000000 0.017293 0.371098
387.000000 465.000000 0.103509 0.370866
412.000000 465.000000 0.144100 0.370677
417.000000 465.000000 0.152211 0.370636
427.000000 465.000000 0.168426 0.370552
434.000000 465.000000 0.179771 0.370492
64.000000 466.000000 -0.422193 0.372903
188.000000 466.000000 -0.219950 0.372005
226.000000 466.000000 -0.158344 0.372284
252.000000 466.000000 -0.116129 0.372468
300.000000 466.000000 -0.038059 0.372687
305.000000 466.000000 -0.029920 0.372696
339.000000 466.000000 0.025430 0.372689
350.000000 466.000000 0.043333 0.372658
401.000000 466.000000 0.126240 0.372368
431.000000 466.000000 0.174901 0.372124
441.000000 466.000000 0.191104 0.372041
448.000000 466.000000 0.202441 0.371985
452.000000 466.000000 0.208918 0.371953
131.000000 467.000000 -0.312364 0.373473
185.000000 467.000000 -0.224804 0.373598
206.000000 467.000000 -0.190772 0.373741
231.000000 467.000000 -0.150223 0.373926
238.000000 467.000000 -0.138860 0.373976
259.000000 467.000000 -0.104747 0.374115
265.000000 467.000000 -0.094994 0.374149
312.000000 467.000000 -0.018524 0.374306
326.000000 467.000000 0.004267 0.374307
412.000000 467.000000 0.144084 0.373886
445.000000 467.000000 0.197574 0.373617
456.000000 467.000000 0.215387 0.373533
64.000000 468.000000 -0.422260 0.376214
243.000000 468.000000 -0.130734 0.375615
251.000000 468.000000 -0.117740 0.375668
271.000000 468.000000 -0.085234 0.375782
319.000000 468.000000 -0.007129 0.375910
370.000000 468.000000 0.075858 0.375774
429.000000 468.000000 0.171643 0.375354
183.000000 469.000000 -0.228033 0.376811
279.000000 469.000000 -0.072219 0.377421
284.000000 469.000000 -0.064086 0.377441
327.000000 469.000000 0.005893 0.377507
333.000000 469.000000 0.015659 0.377500
339.000000 469.000000 0.025424 0.377490
353.000000 469.000000 0.048204 0.377450
417.000000 469.000000 0.152179 0.377056
434.000000 469.000000 0.179738 0.376920
458.000000 469.000000 0.218611 0.376740
62.000000 470.000000 -0.425663 0.379601
256.000000 470.000000 -0.109605 0.378905
263.000000 470.000000 -0.098229 0.378945
266.000000 470.000000 -0.093353 0.378961
294.000000 470.000000 -0.047814 0.379074
297.000000 470.000000 -0.042932 0.379082
366.000000 470.000000 0.069344 0.378997
375.000000 470.000000 0.083976 0.378950
445.000000 470.000000 0.197551 0.378444
451.000000 470.000000 0.207269 0.378400
224.000000 471.000000 -0.161552 0.380299
268.000000 471.000000 -0.090096 0.380574
277.000000 471.000000 -0.075463 0.380616
305.000000 471.000000 -0.029912 0.380699
346.000000 471.000000 0.036809 0.380674
449.000000 471.000000 0.204023 0.380024
460.000000 471.000000 0.221836 0.379950
463.000000 471.000000 0.226694 0.379932
71.000000 472.000000 -0.410761 0.382604
230.000000 472.000000 -0.151810 0.381947
237.000000 472.000000 -0.140449 0.381993
281.000000 472.000000 -0.068954 0.382234
311.000000 472.000000 -0.020147 0.382307
366.000000 472.000000 0.069335 0.382199
411.000000 472.000000 0.142423 0.381917
417.000000 472.000000 0.152156 0.381872
62.000000 473.000000 -0.425776 0.384582
191.000000 473.000000 -0.215046 0.383305
223.000000 473.000000 -0.163161 0.383506
243.000000 473.000000 -0.130702 0.383637
290.000000 473.000000 -0.054312 0.383866
294.000000 473.000000 -0.047806 0.383877
380.000000 473.000000 0.092085 0.383728
408.000000 473.000000 0.137549 0.383544
460.000000 473.000000 0.221824 0.383175
464.000000 473.000000 0.228301 0.383152
194.000000 474.000000 -0.210178 0.384933
200.000000 474.000000 -0.200452 0.384967
235.000000 474.000000 -0.143682 0.385191
252.000000 474.000000 -0.116079 0.385296
324.000000 474.000000 0.001008 0.385511
332.000000 474.000000 0.014025 0.385504
372.000000 474.000000 0.079079 0.385374
423.000000 474.000000 0.161870 0.385040
62.000000 475.000000 -0.425856 0.387908
96.000000 475.000000 -0.369582 0.386913
99.000000 475.000000 -0.364658 0.386857
256.000000 475.000000 -0.109576 0.386922
263.000000 475.000000 -0.098203 0.386959
305.000000 475.000000 -0.029906 0.387102
308.000000 475.000000 -0.025025 0.387106
345.000000 475.000000 0.035172 0.387080
409.000000 475.000000 0.139157 0.386747
427.000000 475.000000 0.168348 0.386618
431.000000 475.000000 0.174831 0.386589
6.000000 476.000000 -0.522056 0.393429
9.000000 476.000000 -0.516731 0.393123
69.000000 476.000000 -0.414221 0.389302
92.000000 476.000000 -0.376177 0.388641
102.000000 476.000000 -0.359756 0.388446
119.000000 476.000000 -0.331959 0.388215
248.000000 476.000000 -0.122564 0.388481
261.000000 476.000000 -0.101447 0.388552
269.000000 476.000000 -0.088447 0.388591
276.000000 476.000000 -0.077068 0.388621
278.000000 476.000000 -0.073817 0.388629
284.000000 476.000000 -0.064061 0.388651
320.000000 476.000000 -0.005501 0.388714
322.000000 476.000000 -0.002247 0.388713
329.000000 476.000000 0.009141 0.388709
338.000000 476.000000 0.023783 0.388696
352.000000 476.000000 0.046554 0.388660
359.000000 476.000000 0.057937 0.388635
403.000000 476.000000 0.129414 0.388393
442.000000 476.000000 0.192649 0.388122
447.000000 476.000000 0.200750 0.388090
460.000000 476.000000 0.221807 0.388014
