523.000000 25.000000 0.323128 -0.341420
202.000000 64.000000 -0.197466 -0.280013
205.000000 64.000000 -0.192612 -0.280056
541.000000 64.000000 0.352442 -0.278607
544.000000 64.000000 0.357275 -0.278581
525.000000 65.000000 0.326702 -0.277166
197.000000 67.000000 -0.205596 -0.275137
197.000000 69.000000 -0.205626 -0.271934
504.000000 69.000000 0.292986 -0.271026
43.000000 71.000000 -0.454559 -0.267403
197.000000 71.000000 -0.205655 -0.268730
501.000000 71.000000 0.288191 -0.267862
589.000000 73.000000 0.430094 -0.263927
587.000000 76.000000 0.426837 -0.259078
547.000000 81.000000 0.362259 -0.251221
538.000000 84.000000 0.347823 -0.246494
211.000000 85.000000 -0.183197 -0.246484
522.000000 85.000000 0.322137 -0.245091
208.000000 93.000000 -0.188173 -0.233589
214.000000 93.000000 -0.178446 -0.233674
231.000000 94.000000 -0.150853 -0.232291
579.000000 94.000000 0.413911 -0.230058
569.000000 95.000000 0.397786 -0.228504
574.000000 95.000000 0.405846 -0.228473
584.000000 95.000000 0.421996 -0.228427
565.000000 96.000000 0.391352 -0.226924
158.000000 97.000000 -0.268989 -0.226392
559.000000 97.000000 0.381708 -0.225365
567.000000 97.000000 0.394580 -0.225298
553.000000 98.000000 0.372075 -0.223814
542.000000 99.000000 0.354424 -0.222328
545.000000 99.000000 0.359239 -0.222292
517.000000 100.000000 0.314324 -0.221056
520.000000 101.000000 0.319152 -0.219404
538.000000 101.000000 0.348030 -0.219159
531.000000 102.000000 0.336813 -0.217642
534.000000 102.000000 0.341625 -0.217602
529.000000 103.000000 0.333618 -0.216060
502.000000 104.000000 0.290304 -0.214849
528.000000 105.000000 0.332042 -0.212857
566.000000 105.000000 0.393034 -0.212423
564.000000 106.000000 0.389827 -0.210830
500.000000 108.000000 0.287153 -0.208444
542.000000 109.000000 0.354545 -0.206236
553.000000 109.000000 0.372191 -0.206108
558.000000 109.000000 0.380217 -0.206056
585.000000 110.000000 0.423673 -0.204239
126.000000 111.000000 -0.320643 -0.203384
557.000000 111.000000 0.378632 -0.202846
609.000000 111.000000 0.462574 -0.202583
615.000000 111.000000 0.472363 -0.202598
603.000000 112.000000 0.452815 -0.200964
128.000000 113.000000 -0.317460 -0.200191
156.000000 113.000000 -0.272455 -0.200606
514.000000 113.000000 0.309702 -0.200182
553.000000 113.000000 0.372235 -0.199668
569.000000 113.000000 0.397925 -0.199512
500.000000 114.000000 0.287246 -0.198783
563.000000 114.000000 0.388294 -0.197955
573.000000 114.000000 0.404365 -0.197868
485.000000 115.000000 0.263148 -0.197405
489.000000 115.000000 0.269583 -0.197343
495.000000 115.000000 0.279229 -0.197249
584.000000 115.000000 0.422086 -0.196184
580.000000 116.000000 0.415646 -0.194596
458.000000 117.000000 0.219647 -0.194596
463.000000 117.000000 0.227723 -0.194520
444.000000 118.000000 0.197015 -0.193187
451.000000 118.000000 0.208345 -0.193086
531.000000 118.000000 0.337029 -0.191888
425.000000 119.000000 0.166206 -0.191829
438.000000 119.000000 0.187306 -0.191656
540.000000 119.000000 0.351464 -0.190159
582.000000 119.000000 0.418886 -0.189747
535.000000 120.000000 0.343465 -0.188613
472.000000 121.000000 0.242303 -0.187930
478.000000 121.000000 0.251972 -0.187839
480.000000 121.000000 0.255193 -0.187808
524.000000 121.000000 0.325852 -0.187151
158.000000 122.000000 -0.269371 -0.186124
461.000000 122.000000 0.224568 -0.186481
466.000000 122.000000 0.232640 -0.186407
532.000000 122.000000 0.338685 -0.185431
216.000000 123.000000 -0.175601 -0.185332
450.000000 123.000000 0.206799 -0.185027
11.000000 124.000000 -0.506810 -0.181808
192.000000 124.000000 -0.214530 -0.183392
226.000000 124.000000 -0.159353 -0.183837
438.000000 124.000000 0.187374 -0.183577
539.000000 124.000000 0.349925 -0.182117
541.000000 124.000000 0.353129 -0.182091
634.000000 124.000000 0.503478 -0.181675
14.000000 125.000000 -0.501842 -0.180164
27.000000 125.000000 -0.480469 -0.180096
30.000000 125.000000 -0.475561 -0.180088
36.000000 125.000000 -0.465771 -0.180080
43.000000 125.000000 -0.454385 -0.180083
47.000000 125.000000 -0.447894 -0.180091
196.000000 125.000000 -0.208068 -0.181832
355.000000 125.000000 0.051930 -0.182749
357.000000 125.000000 0.055210 -0.182740
629.000000 125.000000 0.495239 -0.180023
51.000000 126.000000 -0.441417 -0.178488
340.000000 126.000000 0.027323 -0.181182
542.000000 126.000000 0.354756 -0.178856
622.000000 126.000000 0.483757 -0.178376
195.000000 127.000000 -0.209715 -0.178585
328.000000 127.000000 0.007623 -0.179580
617.000000 127.000000 0.475588 -0.176748
311.000000 128.000000 -0.020294 -0.177953
318.000000 128.000000 -0.008799 -0.177960
602.000000 128.000000 0.451218 -0.175142
606.000000 128.000000 0.457700 -0.175134
612.000000 128.000000 0.467445 -0.175129
198.000000 129.000000 -0.204883 -0.175391
299.000000 129.000000 -0.039998 -0.176302
291.000000 130.000000 -0.053131 -0.174650
591.000000 130.000000 0.433454 -0.171959
597.000000 130.000000 0.443138 -0.171932
272.000000 131.000000 -0.084291 -0.172925
531.000000 131.000000 0.337202 -0.170936
581.000000 131.000000 0.417357 -0.170408
586.000000 131.000000 0.425403 -0.170375
258.000000 132.000000 -0.107218 -0.171199
267.000000 132.000000 -0.092487 -0.171268
571.000000 132.000000 0.401301 -0.168875
575.000000 132.000000 0.407723 -0.168841
626.000000 132.000000 0.490285 -0.168690
191.000000 133.000000 -0.216272 -0.168825
246.000000 133.000000 -0.126841 -0.169471
566.000000 133.000000 0.393289 -0.167309
614.000000 133.000000 0.470698 -0.167055
534.000000 134.000000 0.342045 -0.166059
556.000000 134.000000 0.377273 -0.165798
561.000000 134.000000 0.385284 -0.165745
202.000000 135.000000 -0.198479 -0.165732
208.000000 135.000000 -0.188744 -0.165808
551.000000 135.000000 0.369276 -0.164240
636.000000 136.000000 0.506696 -0.162268
202.000000 137.000000 -0.198504 -0.162493
244.000000 137.000000 -0.130145 -0.162963
247.000000 137.000000 -0.125244 -0.162990
583.000000 137.000000 0.420615 -0.160718
625.000000 137.000000 0.488634 -0.160605
630.000000 137.000000 0.496824 -0.160621
200.000000 138.000000 -0.201760 -0.160847
271.000000 138.000000 -0.085975 -0.161553
277.000000 138.000000 -0.076138 -0.161590
432.000000 138.000000 0.177815 -0.160992
572.000000 138.000000 0.402958 -0.159192
577.000000 138.000000 0.410983 -0.159150
614.000000 138.000000 0.470700 -0.158981
620.000000 138.000000 0.480467 -0.158981
210.000000 139.000000 -0.185545 -0.159350
214.000000 139.000000 -0.179047 -0.159398
216.000000 139.000000 -0.175795 -0.159421
258.000000 139.000000 -0.107274 -0.159836
261.000000 139.000000 -0.102363 -0.159859
564.000000 139.000000 0.390141 -0.157653
566.000000 139.000000 0.393346 -0.157634
608.000000 139.000000 0.460964 -0.157375
552.000000 140.000000 0.370933 -0.156165
559.000000 140.000000 0.382141 -0.156090
601.000000 140.000000 0.449639 -0.155782
591.000000 141.000000 0.433513 -0.154216
596.000000 141.000000 0.441572 -0.154190
252.000000 142.000000 -0.117114 -0.154913
537.000000 142.000000 0.346948 -0.153113
542.000000 142.000000 0.354950 -0.153053
210.000000 143.000000 -0.185593 -0.152862
269.000000 143.000000 -0.089285 -0.153413
572.000000 143.000000 0.403001 -0.151128
576.000000 143.000000 0.409418 -0.151094
582.000000 143.000000 0.419051 -0.151048
188.000000 144.000000 -0.221271 -0.150970
263.000000 144.000000 -0.099124 -0.151746
566.000000 144.000000 0.393393 -0.149569
561.000000 145.000000 0.385394 -0.148004
550.000000 146.000000 0.367798 -0.146506
537.000000 147.000000 0.347008 -0.145042
542.000000 147.000000 0.355009 -0.144983
604.000000 147.000000 0.454513 -0.144474
277.000000 148.000000 -0.076193 -0.145323
279.000000 148.000000 -0.072910 -0.145334
593.000000 148.000000 0.436773 -0.142911
599.000000 148.000000 0.446443 -0.142881
210.000000 149.000000 -0.185662 -0.143122
263.000000 149.000000 -0.099158 -0.143610
253.000000 150.000000 -0.115542 -0.141909
535.000000 150.000000 0.343844 -0.140221
222.000000 151.000000 -0.166164 -0.140001
565.000000 151.000000 0.391857 -0.138284
556.000000 152.000000 0.377462 -0.136758
562.000000 152.000000 0.387064 -0.136698
246.000000 153.000000 -0.127017 -0.136970
283.000000 153.000000 -0.066366 -0.137206
285.000000 153.000000 -0.063081 -0.137215
550.000000 153.000000 0.367873 -0.135206
227.000000 154.000000 -0.158047 -0.135172
263.000000 154.000000 -0.099192 -0.135466
268.000000 154.000000 -0.090993 -0.135497
274.000000 154.000000 -0.081149 -0.135532
624.000000 154.000000 0.486981 -0.133137
626.000000 154.000000 0.490243 -0.133138
634.000000 154.000000 0.503333 -0.133150
255.000000 155.000000 -0.112305 -0.133782
257.000000 155.000000 -0.109030 -0.133796
539.000000 155.000000 0.350301 -0.132097
598.000000 155.000000 0.444864 -0.131589
618.000000 155.000000 0.477217 -0.131525
596.000000 156.000000 0.441647 -0.129985
604.000000 156.000000 0.454547 -0.129948
610.000000 156.000000 0.464246 -0.129928
225.000000 157.000000 -0.161336 -0.130271
587.000000 157.000000 0.427179 -0.128425
201.000000 158.000000 -0.200374 -0.128397
246.000000 158.000000 -0.127057 -0.128825
253.000000 158.000000 -0.115602 -0.128878
257.000000 158.000000 -0.109051 -0.128906
581.000000 158.000000 0.417555 -0.126853
596.000000 158.000000 0.441658 -0.126757
586.000000 159.000000 0.425587 -0.125203
232.000000 160.000000 -0.149947 -0.125450
238.000000 160.000000 -0.140150 -0.125501
557.000000 160.000000 0.379141 -0.123830
211.000000 161.000000 -0.184164 -0.123622
246.000000 161.000000 -0.127080 -0.123935
540.000000 161.000000 0.351966 -0.122389
549.000000 161.000000 0.366358 -0.122294
554.000000 161.000000 0.374353 -0.122244
238.000000 163.000000 -0.140175 -0.120611
229.000000 164.000000 -0.154877 -0.118905
539.000000 164.000000 0.350399 -0.117550
590.000000 164.000000 0.432043 -0.117107
202.000000 165.000000 -0.198825 -0.117021
620.000000 167.000000 0.480483 -0.112143
623.000000 167.000000 0.485359 -0.112139
215.000000 168.000000 -0.177725 -0.112261
601.000000 168.000000 0.449760 -0.110590
609.000000 168.000000 0.462668 -0.110557
614.000000 168.000000 0.470755 -0.110542
540.000000 170.000000 0.352060 -0.107836
551.000000 170.000000 0.369643 -0.107729
554.000000 170.000000 0.374439 -0.107701
626.000000 170.000000 0.490246 -0.107290
629.000000 170.000000 0.495137 -0.107289
617.000000 171.000000 0.475624 -0.105689
619.000000 171.000000 0.478867 -0.105685
599.000000 172.000000 0.446559 -0.104142
609.000000 172.000000 0.462682 -0.104099
229.000000 173.000000 -0.154951 -0.104226
238.000000 173.000000 -0.140252 -0.104293
536.000000 173.000000 0.345695 -0.103021
538.000000 173.000000 0.348892 -0.103002
541.000000 173.000000 0.353688 -0.102972
560.000000 174.000000 0.384066 -0.101181
570.000000 174.000000 0.400058 -0.101100
556.000000 175.000000 0.377680 -0.099599
230.000000 176.000000 -0.153342 -0.099335
551.000000 176.000000 0.369698 -0.098026
221.000000 177.000000 -0.168030 -0.097633
557.000000 177.000000 0.379296 -0.096357
561.000000 177.000000 0.385689 -0.096324
567.000000 177.000000 0.395282 -0.096275
539.000000 178.000000 0.350538 -0.094900
212.000000 179.000000 -0.182702 -0.094296
636.000000 179.000000 0.506579 -0.092746
540.000000 180.000000 0.352155 -0.091653
621.000000 180.000000 0.482132 -0.091145
623.000000 180.000000 0.485379 -0.091141
212.000000 181.000000 -0.182718 -0.091032
575.000000 181.000000 0.408110 -0.089752
581.000000 181.000000 0.417716 -0.089711
586.000000 181.000000 0.425728 -0.089680
600.000000 181.000000 0.448212 -0.089603
609.000000 181.000000 0.462715 -0.089565
539.000000 182.000000 0.350575 -0.088424
541.000000 182.000000 0.353771 -0.088406
561.000000 182.000000 0.385729 -0.088239
567.000000 182.000000 0.395321 -0.088193
569.000000 182.000000 0.398519 -0.088178
603.000000 182.000000 0.453045 -0.087975
216.000000 183.000000 -0.176223 -0.087798
225.000000 183.000000 -0.161553 -0.087864
556.000000 183.000000 0.377747 -0.086661
582.000000 183.000000 0.419330 -0.086473
630.000000 183.000000 0.496776 -0.086284
636.000000 183.000000 0.506578 -0.086281
550.000000 184.000000 0.368169 -0.085092
572.000000 184.000000 0.403331 -0.084924
576.000000 184.000000 0.409730 -0.084896
614.000000 184.000000 0.470803 -0.084703
617.000000 184.000000 0.475657 -0.084694
623.000000 184.000000 0.485387 -0.084680
625.000000 184.000000 0.488637 -0.084676
226.000000 185.000000 -0.159935 -0.084602
557.000000 185.000000 0.379361 -0.083418
563.000000 185.000000 0.388949 -0.083372
602.000000 185.000000 0.451449 -0.083134
609.000000 185.000000 0.462730 -0.083105
552.000000 186.000000 0.371380 -0.081840
635.000000 186.000000 0.504943 -0.081433
540.000000 187.000000 0.352216 -0.080318
608.000000 187.000000 0.461124 -0.079879
619.000000 187.000000 0.478905 -0.079843
625.000000 187.000000 0.488642 -0.079829
629.000000 187.000000 0.495151 -0.079823
535.000000 188.000000 0.344233 -0.078740
614.000000 188.000000 0.470816 -0.078242
229.000000 189.000000 -0.155064 -0.078081
217.000000 190.000000 -0.174643 -0.076368
557.000000 190.000000 0.379399 -0.075328
566.000000 190.000000 0.393779 -0.075264
541.000000 191.000000 0.353846 -0.073831
550.000000 191.000000 0.368224 -0.073762
616.000000 191.000000 0.474059 -0.073390
216.000000 192.000000 -0.176286 -0.073092
230.000000 192.000000 -0.153449 -0.073179
535.000000 192.000000 0.344265 -0.072257
610.000000 192.000000 0.464369 -0.071795
550.000000 193.000000 0.368239 -0.070524
559.000000 193.000000 0.382615 -0.070459
226.000000 195.000000 -0.159998 -0.068246
540.000000 196.000000 0.352285 -0.065737
587.000000 196.000000 0.427416 -0.065436
633.000000 196.000000 0.501685 -0.065275
571.000000 197.000000 0.401817 -0.063910
610.000000 197.000000 0.464387 -0.063718
618.000000 197.000000 0.477313 -0.063692
620.000000 197.000000 0.480552 -0.063686
625.000000 197.000000 0.488663 -0.063674
551.000000 198.000000 0.369871 -0.062420
557.000000 198.000000 0.379454 -0.062380
217.000000 199.000000 -0.174699 -0.061649
221.000000 199.000000 -0.168178 -0.061671
224.000000 199.000000 -0.163284 -0.061688
539.000000 200.000000 0.350716 -0.059260
557.000000 201.000000 0.379473 -0.057523
561.000000 201.000000 0.385862 -0.057498
211.000000 202.000000 -0.184488 -0.056707
215.000000 202.000000 -0.177974 -0.056729
587.000000 204.000000 0.427456 -0.052504
557.000000 205.000000 0.379497 -0.051046
567.000000 205.000000 0.395470 -0.050990
619.000000 205.000000 0.478955 -0.050764
540.000000 206.000000 0.352352 -0.049526
559.000000 206.000000 0.382697 -0.049415
600.000000 206.000000 0.448322 -0.049214
602.000000 206.000000 0.451537 -0.049206
610.000000 206.000000 0.464419 -0.049177
615.000000 206.000000 0.472489 -0.049160
621.000000 206.000000 0.482197 -0.049143
624.000000 206.000000 0.487061 -0.049135
212.000000 208.000000 -0.182890 -0.046894
217.000000 208.000000 -0.174745 -0.046917
223.000000 208.000000 -0.164960 -0.046944
541.000000 208.000000 0.353961 -0.046277
599.000000 208.000000 0.446723 -0.045986
603.000000 208.000000 0.453153 -0.045970
551.000000 209.000000 0.369938 -0.044600
556.000000 209.000000 0.377922 -0.044573
609.000000 209.000000 0.462817 -0.044332
619.000000 209.000000 0.478966 -0.044301
629.000000 209.000000 0.495191 -0.044275
634.000000 209.000000 0.503338 -0.044265
47.000000 210.000000 -0.448241 -0.042774
600.000000 210.000000 0.448338 -0.042749
611.000000 210.000000 0.466045 -0.042710
613.000000 210.000000 0.469272 -0.042703
617.000000 210.000000 0.475734 -0.042691
72.000000 211.000000 -0.408125 -0.041262
217.000000 211.000000 -0.174758 -0.042004
53.000000 212.000000 -0.438600 -0.039562
66.000000 212.000000 -0.417741 -0.039616
68.000000 212.000000 -0.414536 -0.039625
213.000000 212.000000 -0.181280 -0.040350
587.000000 212.000000 0.427492 -0.039569
70.000000 213.000000 -0.411337 -0.038015
557.000000 213.000000 0.379540 -0.038088
559.000000 213.000000 0.382733 -0.038079
565.000000 213.000000 0.392316 -0.038050
567.000000 213.000000 0.395511 -0.038040
610.000000 213.000000 0.464442 -0.037865
628.000000 213.000000 0.493574 -0.037813
634.000000 213.000000 0.503346 -0.037800
78.000000 214.000000 -0.398535 -0.036431
550.000000 214.000000 0.368367 -0.036502
591.000000 214.000000 0.433910 -0.036318
53.000000 215.000000 -0.438611 -0.034709
74.000000 215.000000 -0.404941 -0.034794
223.000000 215.000000 -0.164988 -0.035474
539.000000 215.000000 0.350803 -0.034935
577.000000 215.000000 0.411502 -0.034759
579.000000 215.000000 0.414701 -0.034750
584.000000 215.000000 0.422701 -0.034729
550.000000 216.000000 0.368376 -0.033261
557.000000 216.000000 0.379554 -0.033228
561.000000 216.000000 0.385941 -0.033210
563.000000 216.000000 0.389135 -0.033201
569.000000 216.000000 0.398720 -0.033175
65.000000 217.000000 -0.419364 -0.031519
67.000000 217.000000 -0.416159 -0.031527
78.000000 217.000000 -0.398548 -0.031572
213.000000 217.000000 -0.181299 -0.032161
540.000000 217.000000 0.352410 -0.031685
63.000000 218.000000 -0.422574 -0.029893
74.000000 218.000000 -0.404954 -0.029936
78.000000 219.000000 -0.398556 -0.028333
74.000000 220.000000 -0.404962 -0.026697
227.000000 220.000000 -0.158473 -0.027289
588.000000 220.000000 0.429125 -0.026626
221.000000 221.000000 -0.168271 -0.025632
554.000000 221.000000 0.374785 -0.025139
557.000000 221.000000 0.379575 -0.025127
561.000000 221.000000 0.385962 -0.025111
571.000000 221.000000 0.401936 -0.025072
580.000000 221.000000 0.416324 -0.025038
627.000000 221.000000 0.491969 -0.024887
79.000000 222.000000 -0.396968 -0.023477
541.000000 222.000000 0.354029 -0.023569
551.000000 222.000000 0.369999 -0.023530
602.000000 222.000000 0.451594 -0.023344
610.000000 222.000000 0.464471 -0.023319
619.000000 222.000000 0.479004 -0.023292
622.000000 222.000000 0.483861 -0.023284
630.000000 222.000000 0.496849 -0.023263
636.000000 222.000000 0.506630 -0.023248
58.000000 224.000000 -0.430615 -0.020165
75.000000 224.000000 -0.403376 -0.020223
78.000000 224.000000 -0.398575 -0.020233
229.000000 224.000000 -0.155216 -0.020734
235.000000 224.000000 -0.145405 -0.020747
556.000000 224.000000 0.377990 -0.020269
558.000000 224.000000 0.381183 -0.020262
560.000000 224.000000 0.384377 -0.020255
562.000000 224.000000 0.387571 -0.020247
568.000000 224.000000 0.397154 -0.020226
603.000000 224.000000 0.453208 -0.020108
54.000000 226.000000 -0.437043 -0.016915
70.000000 226.000000 -0.411387 -0.016966
76.000000 226.000000 -0.401782 -0.016986
78.000000 226.000000 -0.398582 -0.016993
539.000000 226.000000 0.350849 -0.017086
542.000000 226.000000 0.355641 -0.017076
603.000000 226.000000 0.453215 -0.016874
609.000000 226.000000 0.462871 -0.016856
611.000000 226.000000 0.466095 -0.016850
614.000000 226.000000 0.470935 -0.016842
621.000000 226.000000 0.482252 -0.016822
626.000000 226.000000 0.490359 -0.016808
633.000000 226.000000 0.501745 -0.016789
75.000000 228.000000 -0.403389 -0.013743
78.000000 228.000000 -0.398589 -0.013753
213.000000 228.000000 -0.181331 -0.014138
572.000000 228.000000 0.403558 -0.013736
589.000000 228.000000 0.430754 -0.013683
25.000000 229.000000 -0.483844 -0.011977
55.000000 229.000000 -0.435446 -0.012063
557.000000 229.000000 0.379603 -0.012162
562.000000 229.000000 0.387587 -0.012147
566.000000 229.000000 0.393976 -0.012135
570.000000 229.000000 0.400365 -0.012123
550.000000 230.000000 0.368429 -0.010562
53.000000 231.000000 -0.438664 -0.008821
68.000000 231.000000 -0.414605 -0.008863
541.000000 231.000000 0.354059 -0.008965
568.000000 231.000000 0.397176 -0.008890
575.000000 231.000000 0.408362 -0.008870
582.000000 231.000000 0.419556 -0.008850
584.000000 231.000000 0.422757 -0.008844
56.000000 232.000000 -0.433849 -0.007211
558.000000 232.000000 0.381208 -0.007297
562.000000 232.000000 0.387596 -0.007286
63.000000 233.000000 -0.422623 -0.005611
68.000000 233.000000 -0.414611 -0.005625
74.000000 233.000000 -0.405004 -0.005640
79.000000 233.000000 -0.397003 -0.005654
220.000000 233.000000 -0.169929 -0.005953
227.000000 233.000000 -0.158501 -0.005963
540.000000 233.000000 0.352467 -0.005722
542.000000 233.000000 0.355662 -0.005717
619.000000 234.000000 0.479037 -0.003896
629.000000 234.000000 0.495255 -0.003868
62.000000 235.000000 -0.424231 -0.002371
68.000000 235.000000 -0.414616 -0.002386
74.000000 235.000000 -0.405009 -0.002400
78.000000 235.000000 -0.398608 -0.002410
541.000000 235.000000 0.354069 -0.002474
610.000000 235.000000 0.464508 -0.002304
615.000000 235.000000 0.472575 -0.002290
621.000000 235.000000 0.482277 -0.002274
624.000000 235.000000 0.487138 -0.002265
48.000000 236.000000 -0.446715 -0.000716
65.000000 236.000000 -0.419425 -0.000759
224.000000 236.000000 -0.163404 -0.001037
568.000000 236.000000 0.397189 -0.000791
585.000000 236.000000 0.424371 -0.000751
589.000000 236.000000 0.430776 -0.000741
214.000000 237.000000 -0.179716 0.000613
558.000000 237.000000 0.381220 0.000807
599.000000 237.000000 0.446818 0.000902
603.000000 237.000000 0.453245 0.000912
60.000000 238.000000 -0.427446 0.002491
70.000000 238.000000 -0.411420 0.002469
75.000000 238.000000 -0.403415 0.002458
81.000000 238.000000 -0.393815 0.002445
550.000000 238.000000 0.368448 0.002412
55.000000 239.000000 -0.435472 0.004122
58.000000 239.000000 -0.430657 0.004115
213.000000 239.000000 -0.181347 0.003892
230.000000 239.000000 -0.153604 0.003881
240.000000 239.000000 -0.137241 0.003875
558.000000 239.000000 0.381224 0.004049
562.000000 239.000000 0.387612 0.004056
578.000000 239.000000 0.413178 0.004089
583.000000 239.000000 0.421176 0.004099
611.000000 239.000000 0.466131 0.004166
613.000000 239.000000 0.469357 0.004171
69.000000 240.000000 -0.413026 0.005710
71.000000 240.000000 -0.409823 0.005706
62.000000 241.000000 -0.424245 0.007344
55.000000 242.000000 -0.435479 0.008978
58.000000 242.000000 -0.430663 0.008971
78.000000 242.000000 -0.398622 0.008934
541.000000 242.000000 0.354081 0.008888
37.000000 243.000000 -0.464459 0.010637
45.000000 243.000000 -0.451560 0.010618
69.000000 243.000000 -0.413031 0.010570
82.000000 243.000000 -0.392225 0.010548
219.000000 243.000000 -0.171568 0.010448
227.000000 243.000000 -0.158508 0.010447
76.000000 244.000000 -0.401826 0.012178
552.000000 244.000000 0.371651 0.012146
558.000000 244.000000 0.381232 0.012154
567.000000 244.000000 0.395606 0.012166
569.000000 244.000000 0.398802 0.012169
573.000000 244.000000 0.405194 0.012175
575.000000 244.000000 0.408391 0.012178
580.000000 244.000000 0.416386 0.012187
589.000000 244.000000 0.430794 0.012203
51.000000 245.000000 -0.441912 0.013842
71.000000 245.000000 -0.409832 0.013806
79.000000 245.000000 -0.397027 0.013794
64.000000 246.000000 -0.421048 0.015437
231.000000 246.000000 -0.151971 0.015371
41.000000 247.000000 -0.458014 0.017100
60.000000 247.000000 -0.427464 0.017063
62.000000 247.000000 -0.424256 0.017060
558.000000 247.000000 0.381236 0.017017
562.000000 247.000000 0.387624 0.017021
568.000000 247.000000 0.397208 0.017027
581.000000 247.000000 0.417991 0.017045
64.000000 248.000000 -0.421051 0.018676
68.000000 248.000000 -0.414641 0.018670
82.000000 248.000000 -0.392231 0.018654
48.000000 249.000000 -0.446744 0.020322
56.000000 249.000000 -0.433886 0.020308
71.000000 249.000000 -0.409837 0.020286
76.000000 249.000000 -0.401833 0.020281
540.000000 249.000000 0.352489 0.020250
542.000000 249.000000 0.355684 0.020251
32.000000 250.000000 -0.472558 0.021976
38.000000 250.000000 -0.462861 0.021961
82.000000 250.000000 -0.392233 0.021896
215.000000 250.000000 -0.178089 0.021926
542.000000 251.000000 0.355685 0.023497
602.000000 251.000000 0.451669 0.023551
608.000000 251.000000 0.461325 0.023563
613.000000 251.000000 0.469387 0.023575
619.000000 251.000000 0.479083 0.023590
623.000000 251.000000 0.485562 0.023601
629.000000 251.000000 0.495305 0.023619
632.000000 251.000000 0.500189 0.023629
41.000000 252.000000 -0.458025 0.025191
44.000000 252.000000 -0.453190 0.025185
54.000000 252.000000 -0.437103 0.025168
59.000000 252.000000 -0.429076 0.025160
65.000000 252.000000 -0.419453 0.025153
70.000000 252.000000 -0.411442 0.025148
219.000000 252.000000 -0.171565 0.025209
226.000000 252.000000 -0.160139 0.025215
558.000000 252.000000 0.381239 0.025123
565.000000 252.000000 0.392419 0.025126
571.000000 252.000000 0.402006 0.025130
573.000000 252.000000 0.405203 0.025131
587.000000 252.000000 0.427603 0.025145
589.000000 252.000000 0.430807 0.025148
541.000000 253.000000 0.354087 0.026743
35.000000 254.000000 -0.467716 0.028441
49.000000 254.000000 -0.445144 0.028413
54.000000 254.000000 -0.437106 0.028405
69.000000 254.000000 -0.413046 0.028389
551.000000 254.000000 0.370060 0.028365
579.000000 254.000000 0.414799 0.028374
59.000000 255.000000 -0.429079 0.030018
212.000000 255.000000 -0.182972 0.030120
214.000000 255.000000 -0.179713 0.030123
225.000000 255.000000 -0.161769 0.030137
558.000000 255.000000 0.381239 0.029986
583.000000 255.000000 0.421201 0.029997
56.000000 256.000000 -0.433897 0.031641
66.000000 256.000000 -0.417854 0.031631
69.000000 256.000000 -0.413047 0.031628
37.000000 257.000000 -0.464491 0.033291
41.000000 257.000000 -0.458035 0.033283
44.000000 257.000000 -0.453199 0.033277
61.000000 258.000000 -0.425873 0.034874
68.000000 258.000000 -0.414650 0.034869
619.000000 258.000000 0.479102 0.034910
29.000000 259.000000 -0.477439 0.036546
40.000000 259.000000 -0.459652 0.036521
216.000000 259.000000 -0.176448 0.036683
602.000000 259.000000 0.451683 0.036492
611.000000 259.000000 0.466177 0.036508
615.000000 259.000000 0.472635 0.036517
625.000000 259.000000 0.488830 0.036544
629.000000 259.000000 0.495331 0.036557
635.000000 259.000000 0.505111 0.036578
69.000000 260.000000 -0.413049 0.038108
558.000000 260.000000 0.381238 0.038092
564.000000 260.000000 0.390823 0.038089
570.000000 260.000000 0.400411 0.038088
577.000000 260.000000 0.411603 0.038088
582.000000 260.000000 0.419603 0.038090
589.000000 260.000000 0.430815 0.038094
32.000000 261.000000 -0.472585 0.039775
551.000000 261.000000 0.370056 0.039718
219.000000 262.000000 -0.171550 0.041608
558.000000 262.000000 0.381237 0.041334
602.000000 262.000000 0.451687 0.041344
610.000000 262.000000 0.464571 0.041358
612.000000 262.000000 0.467797 0.041362
614.000000 262.000000 0.471027 0.041366
618.000000 262.000000 0.477493 0.041376
624.000000 262.000000 0.487216 0.041393
217.000000 264.000000 -0.174807 0.044882
222.000000 265.000000 -0.166648 0.046533
226.000000 265.000000 -0.160118 0.046543
553.000000 267.000000 0.373244 0.049447
215.000000 268.000000 -0.178056 0.051432
217.000000 268.000000 -0.174796 0.051438
27.000000 269.000000 -0.480711 0.052735
25.000000 270.000000 -0.483962 0.054360
603.000000 270.000000 0.453306 0.054287
608.000000 270.000000 0.461360 0.054295
613.000000 270.000000 0.469429 0.054304
619.000000 270.000000 0.479133 0.054318
622.000000 270.000000 0.483995 0.054327
630.000000 270.000000 0.496999 0.054354
636.000000 270.000000 0.506791 0.054379
229.000000 271.000000 -0.155200 0.056392
552.000000 271.000000 0.371639 0.055935
566.000000 271.000000 0.394009 0.055911
559.000000 272.000000 0.382821 0.057543
562.000000 272.000000 0.387615 0.057538
564.000000 272.000000 0.390811 0.057534
570.000000 272.000000 0.400403 0.057526
578.000000 272.000000 0.413200 0.057518
584.000000 272.000000 0.422807 0.057515
551.000000 273.000000 0.370037 0.059180
589.000000 273.000000 0.430820 0.059133
558.000000 274.000000 0.381220 0.060786
524.000000 275.000000 0.326865 0.062507
572.000000 275.000000 0.403597 0.062383
582.000000 275.000000 0.419602 0.062373
230.000000 277.000000 -0.153546 0.066234
221.000000 278.000000 -0.168238 0.067839
552.000000 279.000000 0.371619 0.068907
558.000000 279.000000 0.381208 0.068891
560.000000 279.000000 0.384405 0.068886
233.000000 280.000000 -0.148630 0.071164
236.000000 280.000000 -0.143724 0.071175
566.000000 280.000000 0.393994 0.070492
571.000000 280.000000 0.401990 0.070482
576.000000 280.000000 0.409990 0.070474
579.000000 280.000000 0.414793 0.070470
583.000000 280.000000 0.421200 0.070466
191.000000 281.000000 -0.217019 0.072614
551.000000 281.000000 0.370015 0.072153
589.000000 281.000000 0.430818 0.072080
559.000000 282.000000 0.382798 0.073750
561.000000 282.000000 0.385995 0.073745
221.000000 283.000000 -0.168217 0.076029
570.000000 283.000000 0.400384 0.075343
576.000000 283.000000 0.409985 0.075331
578.000000 283.000000 0.413187 0.075328
582.000000 283.000000 0.419594 0.075323
232.000000 284.000000 -0.150249 0.077716
584.000000 284.000000 0.422798 0.076939
205.000000 285.000000 -0.194266 0.079225
204.000000 287.000000 -0.195882 0.082490
206.000000 287.000000 -0.192630 0.082501
559.000000 287.000000 0.382783 0.081853
565.000000 287.000000 0.392377 0.081834
610.000000 287.000000 0.464615 0.081800
542.000000 288.000000 0.355603 0.083539
571.000000 288.000000 0.401973 0.083438
578.000000 288.000000 0.413179 0.083423
582.000000 288.000000 0.419588 0.083417
552.000000 289.000000 0.371585 0.085119
590.000000 289.000000 0.432419 0.085027
217.000000 290.000000 -0.174704 0.087469
230.000000 290.000000 -0.153490 0.087537
560.000000 290.000000 0.384372 0.086710
562.000000 290.000000 0.387570 0.086704
566.000000 290.000000 0.393968 0.086691
579.000000 291.000000 0.414775 0.088278
206.000000 292.000000 -0.192601 0.090677
204.000000 293.000000 -0.195847 0.092299
609.000000 293.000000 0.463010 0.091506
537.000000 294.000000 0.347578 0.093297
553.000000 294.000000 0.373164 0.093219
556.000000 294.000000 0.377961 0.093207
559.000000 294.000000 0.382758 0.093195
615.000000 294.000000 0.472717 0.093137
628.000000 294.000000 0.493840 0.093184
228.000000 295.000000 -0.156730 0.095712
565.000000 295.000000 0.392352 0.094793
569.000000 295.000000 0.398753 0.094779
581.000000 295.000000 0.417973 0.094749
621.000000 295.000000 0.482452 0.094773
626.000000 295.000000 0.490585 0.094793
213.000000 296.000000 -0.181186 0.097259
216.000000 296.000000 -0.176299 0.097278
525.000000 296.000000 0.328364 0.096611
584.000000 296.000000 0.422782 0.096363
590.000000 296.000000 0.432413 0.096355
633.000000 296.000000 0.502017 0.096448
194.000000 297.000000 -0.212059 0.098768
593.000000 297.000000 0.437233 0.097971
199.000000 298.000000 -0.203938 0.100435
204.000000 298.000000 -0.195815 0.100469
214.000000 298.000000 -0.179545 0.100535
218.000000 298.000000 -0.173028 0.100561
220.000000 298.000000 -0.169767 0.100573
224.000000 298.000000 -0.163243 0.100598
228.000000 298.000000 -0.156713 0.100621
234.000000 298.000000 -0.146910 0.100656
242.000000 298.000000 -0.133823 0.100699
247.000000 298.000000 -0.125634 0.100725
527.000000 299.000000 0.331547 0.101468
469.000000 300.000000 0.238316 0.103515
477.000000 300.000000 0.251230 0.103454
483.000000 300.000000 0.260902 0.103408
486.000000 300.000000 0.265734 0.103385
490.000000 300.000000 0.272172 0.103355
495.000000 300.000000 0.280214 0.103317
498.000000 300.000000 0.285036 0.103295
504.000000 300.000000 0.294672 0.103251
516.000000 300.000000 0.313921 0.103165
201.000000 302.000000 -0.200662 0.106981
199.000000 303.000000 -0.203902 0.108599
523.000000 304.000000 0.325108 0.109610
525.000000 304.000000 0.328311 0.109596
197.000000 305.000000 -0.207134 0.111847
529.000000 305.000000 0.334709 0.111190
633.000000 305.000000 0.502073 0.111024
636.000000 305.000000 0.506992 0.111045
355.000000 307.000000 0.052138 0.115636
523.000000 307.000000 0.325086 0.114478
175.000000 308.000000 -0.242737 0.116561
372.000000 308.000000 0.080098 0.117216
491.000000 308.000000 0.273717 0.116360
514.000000 308.000000 0.310655 0.116170
551.000000 308.000000 0.369895 0.115914
558.000000 308.000000 0.381096 0.115877
565.000000 308.000000 0.392301 0.115845
165.000000 309.000000 -0.258874 0.118104
149.000000 310.000000 -0.284640 0.119596
571.000000 310.000000 0.401904 0.119059
636.000000 310.000000 0.507030 0.119147
128.000000 311.000000 -0.318370 0.121050
552.000000 311.000000 0.371478 0.120769
594.000000 311.000000 0.438833 0.120626
598.000000 311.000000 0.445277 0.120625
278.000000 312.000000 -0.074683 0.123789
483.000000 312.000000 0.260802 0.122935
559.000000 312.000000 0.382677 0.122350
601.000000 312.000000 0.450115 0.122244
276.000000 313.000000 -0.077967 0.125418
430.000000 313.000000 0.174967 0.125029
489.000000 313.000000 0.270455 0.124506
614.000000 313.000000 0.471149 0.123886
128.000000 314.000000 -0.318347 0.125919
619.000000 314.000000 0.479274 0.125524
79.000000 315.000000 -0.396908 0.127229
142.000000 315.000000 -0.295854 0.127660
275.000000 315.000000 -0.079603 0.128687
431.000000 315.000000 0.176578 0.128284
487.000000 315.000000 0.267217 0.127775
571.000000 315.000000 0.401885 0.127152
146.000000 316.000000 -0.289414 0.129320
432.000000 317.000000 0.178188 0.131538
572.000000 317.000000 0.403481 0.130385
279.000000 318.000000 -0.073016 0.133610
82.000000 319.000000 -0.392076 0.133720
286.000000 319.000000 -0.061503 0.135271
278.000000 320.000000 -0.074652 0.136876
290.000000 320.000000 -0.054919 0.136920
293.000000 320.000000 -0.049983 0.136928
93.000000 321.000000 -0.374420 0.137017
149.000000 321.000000 -0.284542 0.137468
400.000000 321.000000 0.125943 0.138316
405.000000 321.000000 0.134120 0.138280
423.000000 321.000000 0.163499 0.138137
427.000000 321.000000 0.170015 0.138103
279.000000 322.000000 -0.073000 0.140150
294.000000 322.000000 -0.048332 0.140201
420.000000 322.000000 0.158601 0.139793
282.000000 323.000000 -0.068065 0.141796
288.000000 323.000000 -0.058200 0.141818
303.000000 323.000000 -0.033518 0.141857
311.000000 323.000000 -0.020347 0.141869
315.000000 323.000000 -0.013760 0.141873
318.000000 323.000000 -0.008820 0.141874
323.000000 323.000000 -0.000585 0.141875
326.000000 323.000000 0.004355 0.141874
331.000000 323.000000 0.012589 0.141871
334.000000 323.000000 0.017529 0.141868
359.000000 323.000000 0.058668 0.141806
342.000000 324.000000 0.030697 0.143489
346.000000 324.000000 0.037280 0.143480
351.000000 324.000000 0.045507 0.143467
356.000000 324.000000 0.053732 0.143451
367.000000 324.000000 0.071813 0.143408
372.000000 324.000000 0.080026 0.143384
376.000000 324.000000 0.086592 0.143364
383.000000 324.000000 0.098077 0.143325
385.000000 324.000000 0.101356 0.143313
390.000000 324.000000 0.109550 0.143281
278.000000 325.000000 -0.074631 0.145047
291.000000 325.000000 -0.053259 0.145096
397.000000 325.000000 0.121006 0.144866
410.000000 325.000000 0.142259 0.144768
417.000000 325.000000 0.153684 0.144710
423.000000 325.000000 0.163465 0.144658
429.000000 325.000000 0.173236 0.144604
288.000000 326.000000 -0.058189 0.146720
295.000000 326.000000 -0.046676 0.146742
300.000000 326.000000 -0.038449 0.146754
306.000000 326.000000 -0.028574 0.146766
313.000000 326.000000 -0.017051 0.146775
316.000000 326.000000 -0.012111 0.146777
321.000000 326.000000 -0.003879 0.146779
323.000000 326.000000 -0.000586 0.146779
325.000000 326.000000 0.002707 0.146778
331.000000 326.000000 0.012586 0.146774
337.000000 326.000000 0.022463 0.146767
342.000000 326.000000 0.030693 0.146758
346.000000 326.000000 0.037276 0.146749
350.000000 326.000000 0.043857 0.146738
278.000000 327.000000 -0.074622 0.148314
357.000000 327.000000 0.055365 0.148349
435.000000 327.000000 0.182977 0.147806
394.000000 328.000000 0.116074 0.149782
399.000000 328.000000 0.124256 0.149745
402.000000 328.000000 0.129163 0.149723
353.000000 329.000000 0.048781 0.151628
362.000000 329.000000 0.063576 0.151595
370.000000 329.000000 0.076717 0.151558
389.000000 329.000000 0.107879 0.151447
406.000000 329.000000 0.135693 0.151322
574.000000 329.000000 0.406644 0.149798
313.000000 330.000000 -0.017047 0.153309
318.000000 330.000000 -0.008817 0.153312
436.000000 330.000000 0.184573 0.152680
277.000000 331.000000 -0.076246 0.154839
282.000000 331.000000 -0.068033 0.154861
284.000000 331.000000 -0.064746 0.154869
294.000000 331.000000 -0.048307 0.154904
299.000000 331.000000 -0.040083 0.154918
305.000000 331.000000 -0.030211 0.154931
307.000000 331.000000 -0.026920 0.154934
338.000000 331.000000 0.024101 0.154932
344.000000 331.000000 0.033973 0.154919
407.000000 331.000000 0.137310 0.154573
417.000000 331.000000 0.153631 0.154487
426.000000 331.000000 0.168296 0.154404
428.000000 331.000000 0.171552 0.154385
370.000000 332.000000 0.076702 0.156454
388.000000 332.000000 0.106221 0.156346
125.000000 333.000000 -0.322996 0.156706
277.000000 333.000000 -0.076237 0.158102
319.000000 333.000000 -0.007170 0.158210
335.000000 333.000000 0.019161 0.158201
393.000000 333.000000 0.114402 0.157941
402.000000 333.000000 0.129123 0.157873
407.000000 333.000000 0.137294 0.157832
428.000000 333.000000 0.171533 0.157641
587.000000 333.000000 0.427538 0.156236
123.000000 334.000000 -0.326198 0.158308
362.000000 334.000000 0.063555 0.159754
369.000000 334.000000 0.075050 0.159721
420.000000 334.000000 0.158495 0.159345
437.000000 334.000000 0.186157 0.159177
121.000000 335.000000 -0.329399 0.159909
381.000000 335.000000 0.094730 0.161283
598.000000 335.000000 0.445287 0.159470
622.000000 335.000000 0.484283 0.159565
142.000000 336.000000 -0.295652 0.161737
281.000000 336.000000 -0.069654 0.163013
287.000000 336.000000 -0.059797 0.163038
294.000000 336.000000 -0.048291 0.163062
300.000000 336.000000 -0.038426 0.163079
304.000000 336.000000 -0.031847 0.163088
306.000000 336.000000 -0.028557 0.163092
387.000000 336.000000 0.104556 0.162873
438.000000 336.000000 0.187761 0.162419
319.000000 337.000000 -0.007168 0.164736
375.000000 337.000000 0.084880 0.164579
383.000000 337.000000 0.097996 0.164529
393.000000 337.000000 0.114372 0.164459
399.000000 337.000000 0.124187 0.164412
120.000000 338.000000 -0.330977 0.164760
329.000000 338.000000 0.009284 0.166365
333.000000 338.000000 0.015864 0.166360
427.000000 338.000000 0.169856 0.165785
311.000000 339.000000 -0.020328 0.167991
326.000000 339.000000 0.004348 0.167997
599.000000 339.000000 0.446909 0.165948
281.000000 340.000000 -0.069636 0.169532
317.000000 340.000000 -0.010457 0.169627
330.000000 340.000000 0.010927 0.169624
335.000000 340.000000 0.019151 0.169618
363.000000 340.000000 0.065170 0.169530
293.000000 341.000000 -0.049919 0.171209
299.000000 341.000000 -0.040057 0.171227
306.000000 341.000000 -0.028548 0.171243
311.000000 341.000000 -0.020325 0.171251
406.000000 341.000000 0.135592 0.170864
415.000000 341.000000 0.150278 0.170781
536.000000 341.000000 0.345631 0.169462
284.000000 342.000000 -0.064700 0.172804
325.000000 342.000000 0.002702 0.172887
330.000000 342.000000 0.010925 0.172883
333.000000 342.000000 0.015859 0.172880
363.000000 342.000000 0.065161 0.172788
365.000000 342.000000 0.068444 0.172779
534.000000 342.000000 0.342416 0.171098
279.000000 343.000000 -0.072905 0.174409
378.000000 343.000000 0.089762 0.174333
382.000000 343.000000 0.096317 0.174307
384.000000 343.000000 0.099593 0.174293
581.000000 343.000000 0.417856 0.172430
325.000000 344.000000 0.002701 0.176145
388.000000 344.000000 0.106136 0.175892
394.000000 344.000000 0.115954 0.175845
396.000000 344.000000 0.119225 0.175829
281.000000 345.000000 -0.069612 0.177675
317.000000 345.000000 -0.010455 0.177773
336.000000 345.000000 0.020787 0.177762
402.000000 345.000000 0.129023 0.177405
285.000000 346.000000 -0.063041 0.179321
299.000000 346.000000 -0.040044 0.179371
303.000000 346.000000 -0.033470 0.179381
305.000000 346.000000 -0.030182 0.179385
379.000000 346.000000 0.091382 0.179209
426.000000 346.000000 0.168146 0.178798
117.000000 347.000000 -0.335710 0.179305
312.000000 347.000000 -0.018674 0.181024
334.000000 347.000000 0.017496 0.181021
344.000000 347.000000 0.033932 0.181000
393.000000 347.000000 0.114295 0.180732
401.000000 347.000000 0.127372 0.180665
623.000000 347.000000 0.486019 0.179037
280.000000 348.000000 -0.071239 0.182552
379.000000 348.000000 0.091368 0.182462
396.000000 348.000000 0.119192 0.182334
336.000000 349.000000 0.020780 0.184273
276.000000 350.000000 -0.077790 0.185784
280.000000 350.000000 -0.071229 0.185805
292.000000 350.000000 -0.051531 0.185857
341.000000 350.000000 0.028995 0.185889
298.000000 351.000000 -0.041673 0.187504
303.000000 351.000000 -0.033458 0.187517
305.000000 351.000000 -0.030172 0.187521
338.000000 351.000000 0.024063 0.187522
344.000000 351.000000 0.033921 0.187508
362.000000 351.000000 0.063476 0.187439
394.000000 351.000000 0.115897 0.187226
438.000000 351.000000 0.187596 0.186781
601.000000 351.000000 0.450176 0.185388
276.000000 352.000000 -0.077780 0.189036
314.000000 352.000000 -0.015381 0.189161
375.000000 352.000000 0.084788 0.188991
419.000000 352.000000 0.156687 0.188614
422.000000 352.000000 0.161572 0.188582
279.000000 353.000000 -0.072854 0.190677
341.000000 353.000000 0.028988 0.190768
345.000000 354.000000 0.035555 0.192383
383.000000 354.000000 0.097877 0.192185
385.000000 354.000000 0.101151 0.192170
437.000000 354.000000 0.185938 0.191659
622.000000 354.000000 0.484447 0.190390
279.000000 355.000000 -0.072843 0.193927
286.000000 355.000000 -0.061360 0.193962
292.000000 355.000000 -0.051512 0.193986
298.000000 355.000000 -0.041661 0.194006
311.000000 355.000000 -0.020307 0.194035
392.000000 355.000000 0.112594 0.193739
395.000000 355.000000 0.117498 0.193714
275.000000 356.000000 -0.079397 0.195530
305.000000 356.000000 -0.030162 0.195649
360.000000 356.000000 0.060170 0.195574
367.000000 356.000000 0.071651 0.195538
404.000000 356.000000 0.132189 0.195255
416.000000 356.000000 0.151758 0.195136
427.000000 356.000000 0.169664 0.195017
441.000000 356.000000 0.192407 0.194854
179.000000 357.000000 -0.235752 0.196200
186.000000 357.000000 -0.224429 0.196286
345.000000 357.000000 0.035547 0.197257
226.000000 358.000000 -0.159470 0.198369
275.000000 358.000000 -0.079385 0.198778
341.000000 358.000000 0.028976 0.198893
372.000000 358.000000 0.079834 0.198756
175.000000 359.000000 -0.242193 0.199389
191.000000 359.000000 -0.216309 0.199587
347.000000 359.000000 0.038824 0.200499
358.000000 359.000000 0.056875 0.200456
360.000000 359.000000 0.060156 0.200446
393.000000 359.000000 0.114195 0.200222
402.000000 359.000000 0.128896 0.200142
404.000000 359.000000 0.132161 0.200123
167.000000 360.000000 -0.255099 0.200908
287.000000 360.000000 -0.059697 0.202086
292.000000 360.000000 -0.051493 0.202107
298.000000 360.000000 -0.041646 0.202128
302.000000 360.000000 -0.035079 0.202139
334.000000 360.000000 0.017476 0.202155
406.000000 360.000000 0.135414 0.201725
437.000000 360.000000 0.185867 0.201384
447.000000 360.000000 0.202088 0.201262
160.000000 361.000000 -0.266379 0.202439
201.000000 361.000000 -0.200075 0.202948
219.000000 361.000000 -0.170833 0.203157
305.000000 361.000000 -0.030151 0.203769
340.000000 361.000000 0.027326 0.203766
344.000000 361.000000 0.033893 0.203755
349.000000 361.000000 0.042100 0.203739
537.000000 361.000000 0.347055 0.201803
155.000000 362.000000 -0.274427 0.203996
204.000000 362.000000 -0.195195 0.204604
310.000000 362.000000 -0.021939 0.205402
387.000000 362.000000 0.104361 0.205139
439.000000 362.000000 0.189089 0.204599
449.000000 362.000000 0.205303 0.204475
153.000000 363.000000 -0.277638 0.205589
275.000000 363.000000 -0.079356 0.206892
309.000000 364.000000 -0.023578 0.208645
314.000000 364.000000 -0.015369 0.208652
316.000000 364.000000 -0.012085 0.208654
318.000000 364.000000 -0.008801 0.208655
350.000000 364.000000 0.043730 0.208603
360.000000 364.000000 0.060131 0.208560
438.000000 364.000000 0.187442 0.207850
445.000000 364.000000 0.198796 0.207764
245.000000 365.000000 -0.128414 0.209905
250.000000 365.000000 -0.120248 0.209950
275.000000 365.000000 -0.079344 0.210135
279.000000 365.000000 -0.072789 0.210158
284.000000 365.000000 -0.064593 0.210184
290.000000 365.000000 -0.054754 0.210212
292.000000 365.000000 -0.051474 0.210220
298.000000 365.000000 -0.041630 0.210241
302.000000 365.000000 -0.035066 0.210252
331.000000 365.000000 0.012543 0.210273
333.000000 365.000000 0.015826 0.210270
339.000000 365.000000 0.025675 0.210258
343.000000 365.000000 0.032240 0.210248
393.000000 365.000000 0.114143 0.209952
398.000000 365.000000 0.122310 0.209906
406.000000 365.000000 0.135365 0.209829
597.000000 365.000000 0.443731 0.208061
600.000000 365.000000 0.448606 0.208074
105.000000 366.000000 -0.354829 0.209938
259.000000 366.000000 -0.105528 0.211645
304.000000 366.000000 -0.031781 0.211879
372.000000 366.000000 0.079783 0.211733
378.000000 366.000000 0.089606 0.211692
385.000000 366.000000 0.101058 0.211639
426.000000 366.000000 0.167924 0.211232
249.000000 367.000000 -0.121864 0.213182
252.000000 367.000000 -0.116963 0.213208
311.000000 367.000000 -0.020290 0.213514
394.000000 367.000000 0.115759 0.213183
399.000000 367.000000 0.123924 0.213137
401.000000 367.000000 0.127188 0.213118
404.000000 367.000000 0.132083 0.213089
582.000000 367.000000 0.419436 0.211275
109.000000 368.000000 -0.348379 0.213205
323.000000 368.000000 -0.000592 0.215143
396.000000 368.000000 0.119017 0.214785
542.000000 368.000000 0.355025 0.213076
104.000000 369.000000 -0.356415 0.214782
247.000000 369.000000 -0.125112 0.216404
255.000000 369.000000 -0.112043 0.216474
274.000000 369.000000 -0.080957 0.216612
333.000000 369.000000 0.015820 0.216755
361.000000 369.000000 0.061745 0.216660
367.000000 369.000000 0.071575 0.216626
451.000000 369.000000 0.208454 0.215777
583.000000 369.000000 0.421053 0.214514
587.000000 369.000000 0.427526 0.214517
600.000000 369.000000 0.448626 0.214560
279.000000 370.000000 -0.072762 0.218262
282.000000 370.000000 -0.067846 0.218278
289.000000 370.000000 -0.056373 0.218312
291.000000 370.000000 -0.053094 0.218320
297.000000 370.000000 -0.043254 0.218343
316.000000 370.000000 -0.012080 0.218382
338.000000 370.000000 0.024023 0.218366
377.000000 370.000000 0.087941 0.218180
381.000000 370.000000 0.094485 0.218151
454.000000 370.000000 0.213298 0.217356
585.000000 370.000000 0.424290 0.216135
590.000000 370.000000 0.432389 0.216143
594.000000 370.000000 0.438878 0.216155
100.000000 371.000000 -0.362837 0.217988
273.000000 371.000000 -0.082582 0.219846
304.000000 371.000000 -0.031769 0.219983
360.000000 371.000000 0.060096 0.219905
367.000000 371.000000 0.071563 0.219866
283.000000 372.000000 -0.066197 0.221523
324.000000 372.000000 0.001048 0.221624
370.000000 372.000000 0.076470 0.221467
381.000000 372.000000 0.094469 0.221389
392.000000 372.000000 0.112448 0.221298
409.000000 372.000000 0.140184 0.221132
416.000000 372.000000 0.151586 0.221056
419.000000 372.000000 0.156469 0.221023
422.000000 372.000000 0.161350 0.220988
426.000000 372.000000 0.167854 0.220941
456.000000 372.000000 0.216508 0.220563
264.000000 373.000000 -0.097296 0.223022
310.000000 373.000000 -0.021922 0.223234
330.000000 373.000000 0.010892 0.223239
343.000000 373.000000 0.032217 0.223212
400.000000 373.000000 0.125498 0.222841
564.000000 373.000000 0.390381 0.221024
337.000000 374.000000 0.022374 0.224847
360.000000 374.000000 0.060080 0.224762
366.000000 374.000000 0.069908 0.224729
393.000000 374.000000 0.114063 0.224525
396.000000 374.000000 0.118961 0.224498
402.000000 374.000000 0.128751 0.224440
458.000000 374.000000 0.219717 0.223769
535.000000 374.000000 0.343726 0.222833
599.000000 374.000000 0.447026 0.222666
259.000000 375.000000 -0.105456 0.226220
277.000000 375.000000 -0.076008 0.226346
297.000000 375.000000 -0.043238 0.226440
314.000000 375.000000 -0.015357 0.226478
372.000000 375.000000 0.079724 0.226309
376.000000 375.000000 0.086269 0.226282
378.000000 375.000000 0.089540 0.226267
384.000000 375.000000 0.099351 0.226221
420.000000 375.000000 0.158062 0.225863
470.000000 375.000000 0.239097 0.225225
529.000000 375.000000 0.334074 0.224506
261.000000 376.000000 -0.102179 0.227854
303.000000 376.000000 -0.033397 0.228076
392.000000 376.000000 0.112412 0.227770
424.000000 376.000000 0.164555 0.227433
449.000000 376.000000 0.205124 0.227120
453.000000 376.000000 0.211600 0.227067
456.000000 376.000000 0.216455 0.227027
475.000000 376.000000 0.247155 0.226773
557.000000 376.000000 0.379093 0.225908
571.000000 376.000000 0.401660 0.225857
267.000000 377.000000 -0.092360 0.229516
340.000000 377.000000 0.027287 0.229695
368.000000 377.000000 0.073164 0.229571
372.000000 377.000000 0.079710 0.229545
376.000000 377.000000 0.086254 0.229517
395.000000 377.000000 0.117301 0.229359
400.000000 377.000000 0.125459 0.229311
407.000000 377.000000 0.136872 0.229240
417.000000 377.000000 0.153158 0.229131
523.000000 377.000000 0.324411 0.227797
95.000000 378.000000 -0.370847 0.229278
193.000000 378.000000 -0.212831 0.230350
265.000000 378.000000 -0.095624 0.231119
275.000000 378.000000 -0.079264 0.231188
384.000000 378.000000 0.099326 0.231073
404.000000 378.000000 0.131972 0.230888
413.000000 378.000000 0.146635 0.230792
527.000000 378.000000 0.330830 0.229372
537.000000 378.000000 0.346905 0.229279
40.000000 379.000000 -0.460078 0.230982
45.000000 379.000000 -0.451893 0.230934
189.000000 379.000000 -0.219295 0.231914
366.000000 379.000000 0.069878 0.232818
457.000000 379.000000 0.218033 0.231860
459.000000 379.000000 0.221268 0.231833
589.000000 379.000000 0.430793 0.230728
600.000000 379.000000 0.448688 0.230787
278.000000 380.000000 -0.074342 0.234440
283.000000 380.000000 -0.066156 0.234468
290.000000 380.000000 -0.054691 0.234502
343.000000 380.000000 0.032197 0.234539
370.000000 380.000000 0.076418 0.234410
378.000000 380.000000 0.089503 0.234354
55.000000 381.000000 -0.435590 0.234114
296.000000 381.000000 -0.044856 0.236142
301.000000 381.000000 -0.036662 0.236158
303.000000 381.000000 -0.033384 0.236164
361.000000 381.000000 0.061681 0.236080
391.000000 381.000000 0.110734 0.235862
394.000000 381.000000 0.115631 0.235835
602.000000 381.000000 0.451968 0.234050
108.000000 382.000000 -0.349877 0.235832
157.000000 382.000000 -0.270955 0.236347
176.000000 382.000000 -0.240283 0.236591
273.000000 382.000000 -0.082511 0.237642
340.000000 382.000000 0.027274 0.237781
403.000000 382.000000 0.130301 0.237362
406.000000 382.000000 0.135190 0.237331
415.000000 382.000000 0.149846 0.237233
427.000000 382.000000 0.169359 0.237092
247.000000 383.000000 -0.124982 0.239048
367.000000 383.000000 0.071490 0.239278
373.000000 383.000000 0.081305 0.239238
461.000000 383.000000 0.224448 0.238265
542.000000 383.000000 0.354907 0.237319
585.000000 383.000000 0.424314 0.237200
164.000000 384.000000 -0.259636 0.239665
273.000000 384.000000 -0.082498 0.240874
381.000000 384.000000 0.094376 0.240794
385.000000 384.000000 0.100911 0.240761
452.000000 384.000000 0.209876 0.240000
455.000000 384.000000 0.214731 0.239960
44.000000 385.000000 -0.453585 0.240696
171.000000 385.000000 -0.248322 0.241369
242.000000 385.000000 -0.133117 0.242230
267.000000 385.000000 -0.092302 0.242447
278.000000 385.000000 -0.074312 0.242521
284.000000 385.000000 -0.064492 0.242554
290.000000 385.000000 -0.054669 0.242583
392.000000 385.000000 0.112330 0.242315
397.000000 385.000000 0.120488 0.242267
403.000000 385.000000 0.130270 0.242207
548.000000 385.000000 0.364551 0.240511
157.000000 386.000000 -0.270905 0.242805
181.000000 386.000000 -0.232148 0.243113
223.000000 386.000000 -0.164043 0.243640
296.000000 386.000000 -0.044838 0.244222
303.000000 386.000000 -0.033371 0.244244
310.000000 386.000000 -0.021901 0.244259
406.000000 386.000000 0.135148 0.243791
412.000000 386.000000 0.144919 0.243725
418.000000 386.000000 0.154682 0.243657
459.000000 386.000000 0.221174 0.243134
108.000000 387.000000 -0.349840 0.243915
162.000000 387.000000 -0.262826 0.244482
205.000000 387.000000 -0.193265 0.245036
400.000000 387.000000 0.125360 0.245467
520.000000 387.000000 0.319483 0.243978
562.000000 387.000000 0.387108 0.243681
564.000000 387.000000 0.390336 0.243676
3.000000 388.000000 -0.521778 0.246439
15.000000 388.000000 -0.501596 0.246091
194.000000 388.000000 -0.211083 0.246510
343.000000 388.000000 0.032173 0.247465
530.000000 388.000000 0.335560 0.245496
547.000000 388.000000 0.362922 0.245367
10.000000 389.000000 -0.510005 0.247863
13.000000 389.000000 -0.504970 0.247780
35.000000 389.000000 -0.468423 0.247322
159.000000 389.000000 -0.267641 0.247672
202.000000 389.000000 -0.198106 0.248226
360.000000 389.000000 0.060001 0.249008
417.000000 389.000000 0.153020 0.248510
420.000000 389.000000 0.157899 0.248475
549.000000 389.000000 0.366138 0.246972
567.000000 389.000000 0.395178 0.246908
233.000000 390.000000 -0.147727 0.250207
240.000000 390.000000 -0.136326 0.250281
276.000000 390.000000 -0.077553 0.250581
280.000000 390.000000 -0.071011 0.250605
287.000000 390.000000 -0.059557 0.250642
290.000000 390.000000 -0.054647 0.250656
307.000000 390.000000 -0.026809 0.250711
314.000000 390.000000 -0.015341 0.250722
317.000000 390.000000 -0.010426 0.250725
409.000000 390.000000 0.139991 0.250213
167.000000 391.000000 -0.254704 0.251001
184.000000 391.000000 -0.227231 0.251221
295.000000 391.000000 -0.046457 0.252290
300.000000 391.000000 -0.038271 0.252307
302.000000 391.000000 -0.034995 0.252313
323.000000 391.000000 -0.000596 0.252340
328.000000 391.000000 0.007595 0.252337
529.000000 391.000000 0.333924 0.250350
101.000000 392.000000 -0.361095 0.251955
108.000000 392.000000 -0.349806 0.251997
175.000000 392.000000 -0.241769 0.252717
391.000000 392.000000 0.110635 0.253621
393.000000 392.000000 0.113897 0.253602
418.000000 392.000000 0.154612 0.253338
467.000000 392.000000 0.234023 0.252704
27.000000 393.000000 -0.481723 0.253990
169.000000 393.000000 -0.251449 0.254253
172.000000 393.000000 -0.246603 0.254292
283.000000 393.000000 -0.066087 0.255462
309.000000 393.000000 -0.023527 0.255556
403.000000 393.000000 0.130188 0.255116
422.000000 393.000000 0.161102 0.254903
426.000000 393.000000 0.167601 0.254854
469.000000 393.000000 0.237240 0.254290
525.000000 393.000000 0.327469 0.253616
64.000000 394.000000 -0.421004 0.255169
81.000000 394.000000 -0.393411 0.255132
158.000000 394.000000 -0.269193 0.255728
162.000000 394.000000 -0.262738 0.255778
266.000000 394.000000 -0.093870 0.256965
396.000000 394.000000 0.118770 0.256799
399.000000 394.000000 0.123660 0.256769
408.000000 394.000000 0.138319 0.256675
411.000000 394.000000 0.143202 0.256642
474.000000 394.000000 0.245300 0.255835
528.000000 394.000000 0.332288 0.255204
3.000000 395.000000 -0.522019 0.257939
275.000000 395.000000 -0.079157 0.258640
279.000000 395.000000 -0.072617 0.258665
281.000000 395.000000 -0.069347 0.258676
314.000000 395.000000 -0.015336 0.258788
359.000000 395.000000 0.058333 0.258692
416.000000 395.000000 0.151325 0.258198
525.000000 395.000000 0.327450 0.256846
97.000000 396.000000 -0.367533 0.258407
107.000000 396.000000 -0.351393 0.258458
153.000000 396.000000 -0.277235 0.258894
173.000000 396.000000 -0.244949 0.259143
287.000000 396.000000 -0.059528 0.260320
295.000000 396.000000 -0.046439 0.260355
300.000000 396.000000 -0.038255 0.260372
302.000000 396.000000 -0.034982 0.260378
361.000000 396.000000 0.061599 0.260294
391.000000 396.000000 0.110598 0.260070
398.000000 396.000000 0.122010 0.260003
421.000000 396.000000 0.159441 0.259751
426.000000 396.000000 0.167564 0.259690
3.000000 397.000000 -0.522093 0.261229
31.000000 397.000000 -0.475172 0.260442
82.000000 397.000000 -0.391790 0.259993
88.000000 397.000000 -0.382078 0.259999
127.000000 397.000000 -0.319139 0.260229
151.000000 397.000000 -0.280449 0.260484
179.000000 397.000000 -0.235239 0.260832
276.000000 397.000000 -0.077509 0.261871
279.000000 397.000000 -0.072605 0.261889
315.000000 397.000000 -0.013696 0.262014
396.000000 397.000000 0.118741 0.261635
412.000000 397.000000 0.144796 0.261467
465.000000 397.000000 0.230725 0.260792
476.000000 397.000000 0.248488 0.260645
531.000000 397.000000 0.337093 0.260024
97.000000 398.000000 -0.367526 0.261643
107.000000 398.000000 -0.351381 0.261691
184.000000 398.000000 -0.227140 0.262509
319.000000 398.000000 -0.007147 0.263628
399.000000 398.000000 0.123620 0.263216
519.000000 398.000000 0.317763 0.261746
535.000000 398.000000 0.343527 0.261608
152.000000 399.000000 -0.278812 0.263722
162.000000 399.000000 -0.262676 0.263842
167.000000 399.000000 -0.254603 0.263904
182.000000 399.000000 -0.230362 0.264095
265.000000 399.000000 -0.095465 0.265017
466.000000 399.000000 0.232314 0.264002
479.000000 399.000000 0.253303 0.263830
392.000000 400.000000 0.112192 0.266506
407.000000 400.000000 0.136627 0.266355
410.000000 400.000000 0.141509 0.266322
415.000000 400.000000 0.149641 0.266266
462.000000 400.000000 0.225836 0.265667
477.000000 400.000000 0.250062 0.265468
603.000000 400.000000 0.453813 0.264962
103.000000 401.000000 -0.357822 0.266521
175.000000 401.000000 -0.241654 0.267230
306.000000 401.000000 -0.028422 0.268445
308.000000 401.000000 -0.025149 0.268449
323.000000 401.000000 -0.000599 0.268462
418.000000 401.000000 0.154507 0.267842
436.000000 401.000000 0.183730 0.267621
482.000000 401.000000 0.258117 0.267015
542.000000 401.000000 0.354789 0.266411
82.000000 402.000000 -0.391792 0.268096
130.000000 402.000000 -0.314256 0.268330
171.000000 402.000000 -0.248105 0.268791
329.000000 402.000000 0.009221 0.270068
421.000000 402.000000 0.159370 0.269417
469.000000 402.000000 0.237120 0.268796
474.000000 402.000000 0.245194 0.268730
484.000000 402.000000 0.261330 0.268601
309.000000 403.000000 -0.023509 0.271672
321.000000 403.000000 -0.003872 0.271683
402.000000 403.000000 0.128455 0.271239
478.000000 403.000000 0.251637 0.270290
515.000000 403.000000 0.311272 0.269855
106.000000 404.000000 -0.352963 0.271388
306.000000 404.000000 -0.028416 0.273276
332.000000 404.000000 0.014128 0.273285
420.000000 404.000000 0.157722 0.272649
425.000000 404.000000 0.165843 0.272589
606.000000 404.000000 0.458805 0.271527
101.000000 405.000000 -0.361036 0.272984
149.000000 405.000000 -0.283583 0.273365
193.000000 405.000000 -0.212485 0.273904
321.000000 405.000000 -0.003872 0.274902
339.000000 405.000000 0.025578 0.274880
391.000000 405.000000 0.110515 0.274566
466.000000 405.000000 0.232234 0.273669
496.000000 405.000000 0.280640 0.273289
513.000000 405.000000 0.308031 0.273102
79.000000 406.000000 -0.396666 0.274587
162.000000 406.000000 -0.262591 0.275128
179.000000 406.000000 -0.235125 0.275338
307.000000 406.000000 -0.026775 0.276497
333.000000 406.000000 0.015760 0.276502
399.000000 406.000000 0.123540 0.276099
406.000000 406.000000 0.134935 0.276026
468.000000 406.000000 0.235452 0.275253
499.000000 406.000000 0.285463 0.274866
100.000000 407.000000 -0.362646 0.276217
313.000000 407.000000 -0.016959 0.278116
321.000000 407.000000 -0.003872 0.278121
326.000000 407.000000 0.004308 0.278119
357.000000 407.000000 0.055002 0.278030
409.000000 407.000000 0.139805 0.277603
412.000000 407.000000 0.144684 0.277570
425.000000 407.000000 0.165807 0.277418
37.000000 408.000000 -0.465458 0.278297
76.000000 408.000000 -0.401546 0.277842
331.000000 408.000000 0.012486 0.279723
342.000000 408.000000 0.030476 0.279699
535.000000 408.000000 0.343460 0.277765
27.000000 409.000000 -0.482100 0.280171
203.000000 409.000000 -0.196234 0.280471
272.000000 409.000000 -0.083965 0.281167
359.000000 409.000000 0.058259 0.281237
392.000000 409.000000 0.112108 0.280993
397.000000 409.000000 0.120253 0.280946
450.000000 409.000000 0.206307 0.280320
518.000000 409.000000 0.316049 0.279510
158.000000 410.000000 -0.269002 0.281529
208.000000 410.000000 -0.188114 0.282141
454.000000 410.000000 0.212767 0.281878
496.000000 410.000000 0.280582 0.281349
498.000000 410.000000 0.283806 0.281326
143.000000 411.000000 -0.293201 0.282980
146.000000 411.000000 -0.288360 0.283011
213.000000 411.000000 -0.179991 0.283811
223.000000 411.000000 -0.163755 0.283928
264.000000 411.000000 -0.097006 0.284326
307.000000 411.000000 -0.026765 0.284540
546.000000 411.000000 0.361199 0.282564
21.000000 412.000000 -0.492229 0.285274
52.000000 412.000000 -0.440791 0.284565
217.000000 412.000000 -0.173487 0.285467
316.000000 412.000000 -0.012047 0.286161
321.000000 412.000000 -0.003871 0.286163
326.000000 412.000000 0.004305 0.286161
330.000000 412.000000 0.010845 0.286157
504.000000 412.000000 0.293456 0.284486
528.000000 412.000000 0.332145 0.284274
535.000000 412.000000 0.343436 0.284230
34.000000 413.000000 -0.470547 0.286547
43.000000 413.000000 -0.455635 0.286350
194.000000 413.000000 -0.210766 0.286798
335.000000 413.000000 0.019018 0.287757
340.000000 413.000000 0.027192 0.287745
348.000000 413.000000 0.040267 0.287719
395.000000 413.000000 0.116957 0.287398
506.000000 413.000000 0.296670 0.286078
543.000000 413.000000 0.356346 0.285810
56.000000 414.000000 -0.434251 0.287770
118.000000 414.000000 -0.333528 0.287621
155.000000 414.000000 -0.273801 0.287944
179.000000 414.000000 -0.235026 0.288223
220.000000 414.000000 -0.168593 0.288720
353.000000 414.000000 0.048432 0.289306
359.000000 414.000000 0.058233 0.289276
365.000000 414.000000 0.068030 0.289242
398.000000 414.000000 0.121832 0.288976
401.000000 414.000000 0.126715 0.288946
541.000000 414.000000 0.353112 0.287435
67.000000 415.000000 -0.416256 0.289276
271.000000 415.000000 -0.085556 0.290808
302.000000 415.000000 -0.034929 0.290958
305.000000 415.000000 -0.030026 0.290966
313.000000 415.000000 -0.016949 0.290980
372.000000 415.000000 0.079448 0.290804
374.000000 415.000000 0.082710 0.290790
392.000000 415.000000 0.112052 0.290641
427.000000 415.000000 0.168956 0.290263
495.000000 415.000000 0.278913 0.289420
634.000000 415.000000 0.505759 0.290310
179.000000 416.000000 -0.235002 0.291444
208.000000 416.000000 -0.188042 0.291796
275.000000 416.000000 -0.079023 0.292442
278.000000 416.000000 -0.074126 0.292460
326.000000 416.000000 0.004302 0.292590
382.000000 416.000000 0.095749 0.292335
386.000000 416.000000 0.102268 0.292302
423.000000 416.000000 0.162452 0.291919
436.000000 416.000000 0.183541 0.291761
527.000000 416.000000 0.330505 0.290742
531.000000 416.000000 0.336959 0.290717
538.000000 416.000000 0.348259 0.290682
632.000000 416.000000 0.502419 0.291882
123.000000 417.000000 -0.325434 0.292499
157.000000 417.000000 -0.270539 0.292801
264.000000 417.000000 -0.096960 0.293972
284.000000 417.000000 -0.064325 0.294100
299.000000 417.000000 -0.039825 0.294163
339.000000 417.000000 0.025547 0.294175
341.000000 417.000000 0.028815 0.294170
348.000000 417.000000 0.040252 0.294147
400.000000 417.000000 0.125058 0.293778
425.000000 417.000000 0.165687 0.293503
461.000000 417.000000 0.223998 0.293053
463.000000 417.000000 0.227231 0.293027
535.000000 417.000000 0.343411 0.292313
541.000000 417.000000 0.353101 0.292288
147.000000 418.000000 -0.286676 0.294310
179.000000 418.000000 -0.234978 0.294664
311.000000 418.000000 -0.020214 0.295797
352.000000 418.000000 0.046781 0.295737
355.000000 418.000000 0.051681 0.295723
366.000000 418.000000 0.069637 0.295663
368.000000 418.000000 0.072901 0.295651
467.000000 418.000000 0.233683 0.294586
510.000000 418.000000 0.303071 0.294105
537.000000 418.000000 0.346636 0.293921
142.000000 419.000000 -0.294739 0.295876
165.000000 419.000000 -0.257595 0.296112
328.000000 419.000000 0.007568 0.297407
359.000000 419.000000 0.058206 0.297310
380.000000 419.000000 0.092465 0.297171
382.000000 419.000000 0.095725 0.297155
516.000000 419.000000 0.312739 0.295667
155.000000 420.000000 -0.273738 0.297615
188.000000 420.000000 -0.220394 0.297990
339.000000 420.000000 0.025540 0.298994
389.000000 420.000000 0.107121 0.298702
511.000000 420.000000 0.304666 0.297323
557.000000 420.000000 0.378990 0.297131
587.000000 420.000000 0.427846 0.297338
166.000000 421.000000 -0.255957 0.299345
355.000000 421.000000 0.051666 0.300541
392.000000 421.000000 0.111997 0.300281
396.000000 421.000000 0.118509 0.300244
560.000000 421.000000 0.383858 0.298759
77.000000 422.000000 -0.399995 0.300582
408.000000 422.000000 0.138018 0.301729
419.000000 422.000000 0.155889 0.301608
142.000000 423.000000 -0.294704 0.302330
152.000000 423.000000 -0.278553 0.302421
158.000000 423.000000 -0.268861 0.302481
177.000000 423.000000 -0.238154 0.302689
190.000000 423.000000 -0.217121 0.302841
265.000000 423.000000 -0.095285 0.303617
390.000000 423.000000 0.108723 0.303511
392.000000 423.000000 0.111979 0.303493
394.000000 423.000000 0.115235 0.303474
422.000000 423.000000 0.160748 0.303180
424.000000 423.000000 0.163994 0.303157
160.000000 424.000000 -0.265620 0.304113
165.000000 424.000000 -0.257541 0.304166
216.000000 424.000000 -0.174972 0.304752
563.000000 424.000000 0.388741 0.303640
624.000000 424.000000 0.489243 0.304770
411.000000 425.000000 0.142862 0.306515
413.000000 425.000000 0.146111 0.306494
420.000000 425.000000 0.157478 0.306416
434.000000 425.000000 0.180189 0.306253
580.000000 425.000000 0.416453 0.305401
583.000000 425.000000 0.421361 0.305438
627.000000 425.000000 0.494331 0.306534
74.000000 426.000000 -0.404924 0.307117
128.000000 426.000000 -0.317300 0.307072
195.000000 426.000000 -0.208991 0.307725
428.000000 426.000000 0.170448 0.307930
564.000000 426.000000 0.390376 0.306894
124.000000 427.000000 -0.323761 0.308666
151.000000 427.000000 -0.280131 0.308861
436.000000 428.000000 0.183395 0.311049
514.000000 428.000000 0.309444 0.310211
166.000000 429.000000 -0.255872 0.312230
197.000000 429.000000 -0.205717 0.312572
269.000000 429.000000 -0.088723 0.313276
282.000000 429.000000 -0.067527 0.313354
507.000000 429.000000 0.298137 0.311877
133.000000 430.000000 -0.309194 0.313564
191.000000 430.000000 -0.215422 0.314112
278.000000 430.000000 -0.074045 0.314936
284.000000 430.000000 -0.064260 0.314969
288.000000 430.000000 -0.057735 0.314988
292.000000 430.000000 -0.051208 0.315004
434.000000 430.000000 0.180130 0.314286
566.000000 430.000000 0.393657 0.313410
238.000000 431.000000 -0.139167 0.316227
280.000000 431.000000 -0.070778 0.316552
294.000000 431.000000 -0.047941 0.316616
299.000000 431.000000 -0.039782 0.316633
305.000000 431.000000 -0.029990 0.316648
307.000000 431.000000 -0.026725 0.316653
570.000000 431.000000 0.400185 0.315071
584.000000 431.000000 0.423084 0.315243
84.000000 432.000000 -0.388656 0.316798
86.000000 432.000000 -0.385397 0.316784
301.000000 432.000000 -0.036515 0.318242
309.000000 432.000000 -0.023459 0.318260
312.000000 432.000000 -0.018562 0.318264
315.000000 432.000000 -0.013665 0.318267
320.000000 432.000000 -0.005503 0.318269
512.000000 432.000000 0.306187 0.316683
587.000000 432.000000 0.428027 0.316926
231.000000 433.000000 -0.150522 0.319368
236.000000 433.000000 -0.142398 0.319418
273.000000 433.000000 -0.082177 0.319718
303.000000 433.000000 -0.033249 0.319850
325.000000 433.000000 0.002658 0.319872
328.000000 433.000000 0.007555 0.319869
331.000000 433.000000 0.012451 0.319866
132.000000 434.000000 -0.310788 0.320021
223.000000 434.000000 -0.163503 0.320892
265.000000 434.000000 -0.095205 0.321269
283.000000 434.000000 -0.065870 0.321378
322.000000 434.000000 -0.002239 0.321476
333.000000 434.000000 0.015714 0.321466
336.000000 434.000000 0.020609 0.321460
341.000000 434.000000 0.028768 0.321448
344.000000 434.000000 0.033663 0.321439
347.000000 434.000000 0.038557 0.321429
352.000000 434.000000 0.046713 0.321410
435.000000 434.000000 0.181704 0.320699
452.000000 434.000000 0.209233 0.320502
516.000000 434.000000 0.312636 0.319888
619.000000 434.000000 0.481213 0.321084
232.000000 435.000000 -0.148878 0.322589
293.000000 435.000000 -0.049558 0.323025
310.000000 435.000000 -0.021822 0.323070
355.000000 435.000000 0.051601 0.323000
358.000000 435.000000 0.056493 0.322985
363.000000 435.000000 0.064644 0.322959
431.000000 435.000000 0.175209 0.322351
591.000000 435.000000 0.434668 0.321912
622.000000 435.000000 0.486303 0.322857
135.000000 436.000000 -0.305925 0.323269
229.000000 436.000000 -0.153741 0.324164
245.000000 436.000000 -0.127739 0.324316
275.000000 436.000000 -0.078900 0.324541
303.000000 436.000000 -0.033242 0.324659
314.000000 436.000000 -0.015294 0.324678
366.000000 436.000000 0.069528 0.324545
369.000000 436.000000 0.074417 0.324526
374.000000 436.000000 0.082563 0.324494
488.000000 436.000000 0.267400 0.323331
498.000000 436.000000 0.283549 0.323243
625.000000 436.000000 0.491413 0.324642
131.000000 437.000000 -0.312391 0.324865
142.000000 437.000000 -0.294599 0.324925
235.000000 437.000000 -0.143985 0.325828
279.000000 437.000000 -0.072375 0.326167
325.000000 437.000000 0.002656 0.326282
377.000000 437.000000 0.087442 0.326076
380.000000 437.000000 0.092326 0.326054
386.000000 437.000000 0.102093 0.326007
389.000000 437.000000 0.106974 0.325982
468.000000 437.000000 0.235076 0.325146
513.000000 437.000000 0.307772 0.324752
49.000000 438.000000 -0.446275 0.327185
90.000000 438.000000 -0.378920 0.326518
133.000000 438.000000 -0.309151 0.326491
224.000000 438.000000 -0.161839 0.327324
266.000000 438.000000 -0.093548 0.327690
290.000000 438.000000 -0.054438 0.327822
296.000000 438.000000 -0.044654 0.327844
336.000000 438.000000 0.020601 0.327870
391.000000 438.000000 0.110220 0.327569
397.000000 438.000000 0.119977 0.327516
400.000000 438.000000 0.124854 0.327488
403.000000 438.000000 0.129730 0.327460
409.000000 438.000000 0.139478 0.327401
511.000000 438.000000 0.304534 0.326379
521.000000 438.000000 0.320698 0.326330
606.000000 438.000000 0.459599 0.327228
88.000000 439.000000 -0.382189 0.328161
283.000000 439.000000 -0.065846 0.329393
300.000000 439.000000 -0.038127 0.329459
311.000000 439.000000 -0.020185 0.329481
347.000000 439.000000 0.038540 0.329442
370.000000 439.000000 0.076027 0.329329
414.000000 439.000000 0.147587 0.328955
452.000000 439.000000 0.209177 0.328538
458.000000 439.000000 0.218884 0.328472
506.000000 439.000000 0.296449 0.328024
509.000000 439.000000 0.301297 0.328006
609.000000 439.000000 0.464637 0.328974
212.000000 440.000000 -0.181287 0.330412
241.000000 440.000000 -0.134206 0.330697
243.000000 440.000000 -0.130955 0.330715
274.000000 440.000000 -0.080506 0.330947
305.000000 440.000000 -0.029970 0.331073
322.000000 440.000000 -0.002240 0.331090
358.000000 440.000000 0.056469 0.330998
411.000000 440.000000 0.142706 0.330589
607.000000 440.000000 0.461331 0.330556
612.000000 440.000000 0.469692 0.330731
622.000000 440.000000 0.486518 0.331139
33.000000 441.000000 -0.473104 0.332664
316.000000 441.000000 -0.012027 0.332690
328.000000 441.000000 0.007547 0.332688
333.000000 441.000000 0.015702 0.332682
381.000000 441.000000 0.093924 0.332458
421.000000 441.000000 0.158927 0.332091
493.000000 441.000000 0.275432 0.331347
599.000000 441.000000 0.448047 0.331956
630.000000 441.000000 0.500149 0.333190
632.000000 441.000000 0.503563 0.333297
43.000000 442.000000 -0.456383 0.333952
82.000000 442.000000 -0.392017 0.333110
268.000000 442.000000 -0.090265 0.334115
283.000000 442.000000 -0.065831 0.334200
289.000000 442.000000 -0.056052 0.334227
295.000000 442.000000 -0.046271 0.334250
339.000000 442.000000 0.025485 0.334272
344.000000 442.000000 0.033638 0.334258
392.000000 442.000000 0.111812 0.333973
586.000000 442.000000 0.426573 0.333277
634.000000 442.000000 0.507042 0.335077
36.000000 443.000000 -0.468140 0.335855
299.000000 443.000000 -0.039747 0.335864
317.000000 443.000000 -0.010395 0.335894
350.000000 443.000000 0.043416 0.335839
367.000000 443.000000 0.071116 0.335756
404.000000 443.000000 0.131308 0.335469
485.000000 443.000000 0.262490 0.334638
599.000000 443.000000 0.448105 0.335248
609.000000 443.000000 0.464778 0.335577
275.000000 444.000000 -0.078853 0.337363
305.000000 444.000000 -0.029962 0.337480
310.000000 444.000000 -0.021809 0.337489
322.000000 444.000000 -0.002240 0.337497
361.000000 444.000000 0.061337 0.337391
373.000000 444.000000 0.080881 0.337321
379.000000 444.000000 0.090647 0.337280
385.000000 444.000000 0.100410 0.337235
414.000000 444.000000 0.147537 0.336976
635.000000 444.000000 0.508876 0.338476
273.000000 445.000000 -0.082105 0.338953
286.000000 445.000000 -0.060929 0.339020
316.000000 445.000000 -0.012024 0.339097
328.000000 445.000000 0.007543 0.339095
333.000000 445.000000 0.015696 0.339088
397.000000 445.000000 0.119915 0.338739
403.000000 445.000000 0.129664 0.338685
569.000000 445.000000 0.398712 0.337890
597.000000 445.000000 0.444842 0.338482
603.000000 445.000000 0.454825 0.338670
619.000000 445.000000 0.481674 0.339299
268.000000 446.000000 -0.090239 0.340525
297.000000 446.000000 -0.042998 0.340663
336.000000 446.000000 0.020585 0.340684
339.000000 446.000000 0.025476 0.340677
345.000000 446.000000 0.035256 0.340661
351.000000 446.000000 0.045034 0.340640
363.000000 446.000000 0.064585 0.340584
599.000000 446.000000 0.448196 0.340190
77.000000 447.000000 -0.400276 0.341347
79.000000 447.000000 -0.396996 0.341316
226.000000 447.000000 -0.158505 0.341789
276.000000 447.000000 -0.077208 0.342175
301.000000 447.000000 -0.036476 0.342275
308.000000 447.000000 -0.025065 0.342290
348.000000 447.000000 0.040142 0.342252
356.000000 447.000000 0.053177 0.342220
396.000000 447.000000 0.118272 0.341954
287.000000 448.000000 -0.059286 0.343830
292.000000 448.000000 -0.051140 0.343849
313.000000 448.000000 -0.016913 0.343898
319.000000 448.000000 -0.007132 0.343901
325.000000 448.000000 0.002650 0.343900
331.000000 448.000000 0.012431 0.343895
362.000000 448.000000 0.062945 0.343793
367.000000 448.000000 0.071087 0.343765
374.000000 448.000000 0.082483 0.343723
392.000000 448.000000 0.111762 0.343590
408.000000 448.000000 0.137757 0.343449
632.000000 448.000000 0.503964 0.344984
279.000000 449.000000 -0.072312 0.345394
290.000000 449.000000 -0.054395 0.345443
295.000000 449.000000 -0.046248 0.345461
336.000000 449.000000 0.020579 0.345487
343.000000 449.000000 0.031987 0.345470
386.000000 449.000000 0.101999 0.345240
568.000000 449.000000 0.397132 0.344413
579.000000 449.000000 0.415191 0.344608
76.000000 450.000000 -0.401969 0.346274
347.000000 450.000000 0.038502 0.347059
565.000000 450.000000 0.392235 0.346004
577.000000 450.000000 0.411921 0.346207
633.000000 450.000000 0.505806 0.348395
104.000000 451.000000 -0.356203 0.347579
273.000000 451.000000 -0.082070 0.348565
281.000000 451.000000 -0.069046 0.348607
341.000000 451.000000 0.028723 0.348677
354.000000 451.000000 0.049902 0.348634
397.000000 451.000000 0.119863 0.348356
68.000000 452.000000 -0.415181 0.349716
289.000000 452.000000 -0.056013 0.350243
295.000000 452.000000 -0.046239 0.350264
366.000000 452.000000 0.069437 0.350177
378.000000 452.000000 0.088965 0.350103
411.000000 452.000000 0.142590 0.349836
636.000000 452.000000 0.511112 0.351949
96.000000 453.000000 -0.369262 0.350903
356.000000 453.000000 0.053151 0.351827
381.000000 453.000000 0.093838 0.351684
390.000000 453.000000 0.108471 0.351618
91.000000 454.000000 -0.377443 0.352591
352.000000 454.000000 0.046632 0.353444
369.000000 454.000000 0.074309 0.353362
417.000000 454.000000 0.152308 0.352987
576.000000 454.000000 0.410358 0.352748
359.000000 455.000000 0.058026 0.355015
367.000000 455.000000 0.071048 0.354975
392.000000 455.000000 0.111706 0.354807
570.000000 455.000000 0.400513 0.354268
630.000000 455.000000 0.500964 0.356589
348.000000 456.000000 0.040111 0.356660
361.000000 456.000000 0.061277 0.356607
376.000000 456.000000 0.085685 0.356523
380.000000 456.000000 0.092191 0.356496
408.000000 456.000000 0.137685 0.356277
412.000000 456.000000 0.144177 0.356241
416.000000 456.000000 0.150667 0.356205
564.000000 456.000000 0.390688 0.355802
572.000000 456.000000 0.403818 0.355947
580.000000 456.000000 0.416997 0.356126
635.000000 456.000000 0.509659 0.358609
350.000000 457.000000 0.043364 0.358254
354.000000 457.000000 0.049877 0.358239
363.000000 457.000000 0.064528 0.358198
366.000000 457.000000 0.069410 0.358182
373.000000 457.000000 0.080799 0.358143
392.000000 457.000000 0.111691 0.358012
395.000000 457.000000 0.116565 0.357988
397.000000 457.000000 0.119814 0.357972
400.000000 457.000000 0.124687 0.357948
7.000000 458.000000 -0.518638 0.362616
97.000000 458.000000 -0.367683 0.359052
100.000000 458.000000 -0.362783 0.359019
184.000000 458.000000 -0.226485 0.359092
369.000000 458.000000 0.074286 0.359767
375.000000 458.000000 0.084046 0.359732
405.000000 458.000000 0.132798 0.359509
566.000000 458.000000 0.394001 0.359112
572.000000 458.000000 0.403860 0.359230
630.000000 458.000000 0.501161 0.361629
381.000000 459.000000 0.093797 0.361295
387.000000 459.000000 0.103550 0.361253
393.000000 459.000000 0.113300 0.361209
569.000000 459.000000 0.398947 0.360809
6.000000 460.000000 -0.520555 0.366089
400.000000 460.000000 0.124663 0.362757
109.000000 461.000000 -0.348130 0.363829
112.000000 461.000000 -0.343242 0.363807
192.000000 461.000000 -0.213505 0.363982
406.000000 461.000000 0.134396 0.364311
413.000000 461.000000 0.145756 0.364252
198.000000 462.000000 -0.203775 0.365638
99.000000 463.000000 -0.364474 0.367198
102.000000 463.000000 -0.359571 0.367161
202.000000 463.000000 -0.197285 0.367277
223.000000 464.000000 -0.163226 0.369049
229.000000 464.000000 -0.153491 0.369096
3.000000 465.000000 -0.526290 0.374869
45.000000 465.000000 -0.453939 0.371996
99.000000 465.000000 -0.364500 0.370468
116.000000 465.000000 -0.336755 0.370295
194.000000 465.000000 -0.210235 0.370436
226.000000 465.000000 -0.158351 0.370678
235.000000 465.000000 -0.143745 0.370746
241.000000 465.000000 -0.134003 0.370790
189.000000 466.000000 -0.218329 0.372012
201.000000 466.000000 -0.198884 0.372096
222.000000 466.000000 -0.164833 0.372253
237.000000 466.000000 -0.140490 0.372365
248.000000 466.000000 -0.122627 0.372442
254.000000 466.000000 -0.112879 0.372481
94.000000 467.000000 -0.372719 0.373819
104.000000 467.000000 -0.356351 0.373674
216.000000 467.000000 -0.174558 0.373815
219.000000 467.000000 -0.169692 0.373837
250.000000 467.000000 -0.119371 0.374058
260.000000 467.000000 -0.103122 0.374121
274.000000 467.000000 -0.080360 0.374195
96.000000 468.000000 -0.369457 0.375425
102.000000 468.000000 -0.359634 0.375336
213.000000 468.000000 -0.179415 0.375400
226.000000 468.000000 -0.158329 0.375495
231.000000 468.000000 -0.150215 0.375531
247.000000 468.000000 -0.124238 0.375642
263.000000 468.000000 -0.098240 0.375740
270.000000 468.000000 -0.086860 0.375777
287.000000 468.000000 -0.059209 0.375851
39.000000 469.000000 -0.464287 0.378986
106.000000 469.000000 -0.353107 0.376920
120.000000 469.000000 -0.330269 0.376784
187.000000 469.000000 -0.221551 0.376834
239.000000 469.000000 -0.137222 0.377192
244.000000 469.000000 -0.129104 0.377226
260.000000 469.000000 -0.103110 0.377326
283.000000 469.000000 -0.065713 0.377437
300.000000 469.000000 -0.038053 0.377488
198.000000 470.000000 -0.203719 0.378513
252.000000 470.000000 -0.116103 0.378881
257.000000 470.000000 -0.107980 0.378911
263.000000 470.000000 -0.098229 0.378945
280.000000 470.000000 -0.070588 0.379027
296.000000 470.000000 -0.044559 0.379080
307.000000 470.000000 -0.026659 0.379101
313.000000 470.000000 -0.016894 0.379108
483.000000 470.000000 0.259082 0.378217
195.000000 471.000000 -0.208575 0.380105
211.000000 471.000000 -0.182637 0.380209
276.000000 471.000000 -0.077089 0.380611
294.000000 471.000000 -0.047811 0.380675
310.000000 471.000000 -0.021775 0.380705
320.000000 471.000000 -0.005501 0.380711
186.000000 472.000000 -0.223155 0.381665
188.000000 472.000000 -0.219914 0.381676
307.000000 472.000000 -0.026656 0.382302
323.000000 472.000000 -0.000619 0.382311
333.000000 472.000000 0.015655 0.382302
340.000000 472.000000 0.027045 0.382289
106.000000 473.000000 -0.353159 0.383465
116.000000 473.000000 -0.336823 0.383345
213.000000 473.000000 -0.179381 0.383440
220.000000 473.000000 -0.168028 0.383486
271.000000 473.000000 -0.085210 0.383793
288.000000 473.000000 -0.057566 0.383860
290.000000 473.000000 -0.054312 0.383866
303.000000 473.000000 -0.033163 0.383897
330.000000 473.000000 0.010772 0.383906
344.000000 473.000000 0.033550 0.383880
347.000000 473.000000 0.038431 0.383872
354.000000 473.000000 0.049817 0.383850
186.000000 474.000000 -0.223145 0.384892
201.000000 474.000000 -0.198831 0.384973
226.000000 474.000000 -0.158287 0.385133
233.000000 474.000000 -0.146929 0.385178
240.000000 474.000000 -0.135566 0.385223
262.000000 474.000000 -0.099833 0.385351
301.000000 474.000000 -0.036415 0.385494
93.000000 475.000000 -0.374511 0.386974
97.000000 475.000000 -0.367940 0.386894
118.000000 475.000000 -0.333581 0.386591
244.000000 475.000000 -0.129066 0.386853
246.000000 475.000000 -0.125818 0.386865
312.000000 475.000000 -0.018517 0.387110
358.000000 475.000000 0.056314 0.387038
368.000000 475.000000 0.072572 0.386995
376.000000 475.000000 0.085574 0.386955
95.000000 476.000000 -0.371244 0.388578
178.000000 476.000000 -0.236104 0.388087
204.000000 476.000000 -0.193955 0.388212
212.000000 476.000000 -0.180983 0.388260
218.000000 476.000000 -0.171252 0.388297
230.000000 476.000000 -0.151784 0.388372
252.000000 476.000000 -0.116068 0.388504
323.000000 476.000000 -0.000620 0.388713
372.000000 476.000000 0.079069 0.388578
383.000000 476.000000 0.096941 0.388519
395.000000 476.000000 0.116429 0.388446
