531.000000 28.000000 0.336068 -0.336558
547.000000 64.000000 0.362109 -0.278557
554.000000 64.000000 0.373398 -0.278510
532.000000 65.000000 0.337964 -0.277088
208.000000 66.000000 -0.187785 -0.276898
44.000000 71.000000 -0.452916 -0.267393
603.000000 74.000000 0.452937 -0.262381
600.000000 77.000000 0.448011 -0.257506
557.000000 82.000000 0.378361 -0.249522
545.000000 85.000000 0.359084 -0.244809
529.000000 86.000000 0.333391 -0.243391
214.000000 88.000000 -0.178376 -0.241709
201.000000 92.000000 -0.199497 -0.235094
593.000000 95.000000 0.436575 -0.228409
159.000000 96.000000 -0.267363 -0.228015
578.000000 97.000000 0.412311 -0.225228
572.000000 98.000000 0.402640 -0.223652
555.000000 100.000000 0.375308 -0.220575
549.000000 101.000000 0.365683 -0.219029
530.000000 102.000000 0.335209 -0.217655
513.000000 103.000000 0.307949 -0.216290
519.000000 103.000000 0.317577 -0.216202
533.000000 103.000000 0.340034 -0.216007
547.000000 103.000000 0.362495 -0.215833
542.000000 104.000000 0.354484 -0.214283
539.000000 105.000000 0.349684 -0.212711
538.000000 107.000000 0.348106 -0.209505
576.000000 107.000000 0.409144 -0.209126
579.000000 107.000000 0.413979 -0.209107
127.000000 110.000000 -0.319023 -0.205008
531.000000 110.000000 0.336921 -0.204769
554.000000 110.000000 0.373807 -0.204488
565.000000 110.000000 0.391470 -0.204379
215.000000 111.000000 -0.177069 -0.204700
598.000000 112.000000 0.444704 -0.200970
158.000000 113.000000 -0.269236 -0.200636
622.000000 113.000000 0.483813 -0.199396
626.000000 113.000000 0.490382 -0.199421
564.000000 114.000000 0.389900 -0.197945
567.000000 114.000000 0.394719 -0.197918
615.000000 114.000000 0.472353 -0.197749
362.000000 115.000000 0.063350 -0.198901
512.000000 115.000000 0.306523 -0.196991
580.000000 115.000000 0.415640 -0.196208
586.000000 115.000000 0.425312 -0.196173
573.000000 116.000000 0.404381 -0.194646
494.000000 117.000000 0.277652 -0.194042
593.000000 117.000000 0.436625 -0.192917
597.000000 117.000000 0.443095 -0.192904
472.000000 118.000000 0.242258 -0.192770
461.000000 119.000000 0.224523 -0.191324
447.000000 120.000000 0.201901 -0.189915
452.000000 120.000000 0.209992 -0.189843
543.000000 120.000000 0.356284 -0.188511
553.000000 120.000000 0.372312 -0.188394
21.000000 122.000000 -0.490326 -0.184975
160.000000 122.000000 -0.266151 -0.186154
491.000000 122.000000 0.272906 -0.186027
541.000000 122.000000 0.353104 -0.185314
550.000000 122.000000 0.367526 -0.185206
595.000000 122.000000 0.439876 -0.184845
7.000000 123.000000 -0.513454 -0.183468
14.000000 123.000000 -0.501857 -0.183403
481.000000 123.000000 0.256833 -0.184566
48.000000 124.000000 -0.446270 -0.181708
195.000000 124.000000 -0.209674 -0.183435
213.000000 124.000000 -0.180487 -0.183676
219.000000 124.000000 -0.170738 -0.183752
535.000000 124.000000 0.343517 -0.182168
50.000000 125.000000 -0.443033 -0.180099
198.000000 125.000000 -0.204829 -0.181860
228.000000 125.000000 -0.156109 -0.182242
447.000000 125.000000 0.201971 -0.181837
533.000000 125.000000 0.340327 -0.180583
364.000000 126.000000 0.066690 -0.181082
551.000000 126.000000 0.369174 -0.178749
197.000000 127.000000 -0.206476 -0.178613
198.000000 129.000000 -0.204883 -0.175391
631.000000 129.000000 0.498504 -0.173564
626.000000 130.000000 0.490292 -0.171923
616.000000 131.000000 0.473954 -0.170285
193.000000 132.000000 -0.213021 -0.170470
276.000000 132.000000 -0.077742 -0.171327
251.000000 133.000000 -0.118672 -0.169517
594.000000 133.000000 0.438307 -0.167105
600.000000 133.000000 0.447998 -0.167080
585.000000 134.000000 0.423812 -0.165543
221.000000 135.000000 -0.167617 -0.165965
548.000000 135.000000 0.364472 -0.164275
546.000000 136.000000 0.361282 -0.162685
563.000000 137.000000 0.388519 -0.160888
203.000000 138.000000 -0.196895 -0.160885
250.000000 138.000000 -0.120350 -0.161394
275.000000 139.000000 -0.079423 -0.159953
281.000000 139.000000 -0.069582 -0.159986
598.000000 139.000000 0.444790 -0.157407
214.000000 140.000000 -0.179058 -0.157776
219.000000 140.000000 -0.170928 -0.157834
261.000000 140.000000 -0.102370 -0.158234
590.000000 140.000000 0.431897 -0.155835
636.000000 140.000000 0.506673 -0.155796
577.000000 141.000000 0.411007 -0.154312
625.000000 141.000000 0.488625 -0.154141
575.000000 142.000000 0.407805 -0.152715
621.000000 142.000000 0.482095 -0.152521
190.000000 143.000000 -0.218022 -0.152616
213.000000 143.000000 -0.180718 -0.152897
256.000000 143.000000 -0.110578 -0.153320
614.000000 143.000000 0.470704 -0.150907
279.000000 144.000000 -0.072890 -0.151845
282.000000 144.000000 -0.067966 -0.151860
604.000000 144.000000 0.454503 -0.149316
262.000000 145.000000 -0.100769 -0.150112
267.000000 145.000000 -0.092576 -0.150146
589.000000 145.000000 0.430318 -0.147775
573.000000 147.000000 0.404639 -0.144667
285.000000 149.000000 -0.063063 -0.143733
554.000000 149.000000 0.374231 -0.141621
212.000000 150.000000 -0.182423 -0.141520
267.000000 150.000000 -0.092608 -0.142008
269.000000 150.000000 -0.089329 -0.142020
613.000000 150.000000 0.469092 -0.139607
618.000000 150.000000 0.477211 -0.139600
258.000000 151.000000 -0.107364 -0.140319
548.000000 151.000000 0.364653 -0.138457
608.000000 151.000000 0.460995 -0.138005
218.000000 152.000000 -0.172686 -0.138334
226.000000 152.000000 -0.159658 -0.138416
249.000000 154.000000 -0.122118 -0.135365
288.000000 154.000000 -0.058155 -0.135597
578.000000 154.000000 0.412713 -0.133331
228.000000 155.000000 -0.156427 -0.133554
231.000000 155.000000 -0.151534 -0.133583
258.000000 156.000000 -0.107399 -0.132173
268.000000 156.000000 -0.091005 -0.132237
561.000000 156.000000 0.385502 -0.130251
613.000000 157.000000 0.469107 -0.128305
229.000000 158.000000 -0.154824 -0.128680
609.000000 158.000000 0.462634 -0.126702
257.000000 159.000000 -0.109057 -0.127275
260.000000 159.000000 -0.104141 -0.127295
619.000000 159.000000 0.478847 -0.125065
624.000000 159.000000 0.486981 -0.125060
610.000000 160.000000 0.464258 -0.123470
236.000000 161.000000 -0.143426 -0.123855
594.000000 161.000000 0.438456 -0.121926
617.000000 161.000000 0.475602 -0.121838
214.000000 162.000000 -0.179295 -0.122025
610.000000 162.000000 0.464264 -0.120241
614.000000 162.000000 0.470740 -0.120230
242.000000 164.000000 -0.133645 -0.119012
550.000000 164.000000 0.367987 -0.117436
568.000000 164.000000 0.396776 -0.117270
216.000000 165.000000 -0.176070 -0.117158
218.000000 165.000000 -0.172814 -0.117177
233.000000 165.000000 -0.148358 -0.117309
561.000000 165.000000 0.385585 -0.115716
551.000000 167.000000 0.369615 -0.112578
613.000000 171.000000 0.469145 -0.105700
623.000000 171.000000 0.485365 -0.105678
628.000000 171.000000 0.493506 -0.105673
205.000000 173.000000 -0.194031 -0.104021
562.000000 173.000000 0.387255 -0.102781
567.000000 173.000000 0.395251 -0.102739
601.000000 173.000000 0.449784 -0.102517
242.000000 174.000000 -0.133718 -0.102688
612.000000 174.000000 0.467537 -0.100859
634.000000 174.000000 0.503306 -0.100826
599.000000 175.000000 0.446574 -0.099298
615.000000 175.000000 0.472394 -0.099235
624.000000 175.000000 0.486996 -0.099216
549.000000 176.000000 0.366502 -0.098044
554.000000 176.000000 0.374493 -0.098000
584.000000 177.000000 0.422497 -0.096153
233.000000 178.000000 -0.148458 -0.096090
571.000000 178.000000 0.401688 -0.094629
218.000000 179.000000 -0.172934 -0.094345
564.000000 179.000000 0.390501 -0.093066
562.000000 180.000000 0.387312 -0.091465
574.000000 180.000000 0.406502 -0.091375
580.000000 180.000000 0.416108 -0.091333
214.000000 181.000000 -0.179463 -0.091048
220.000000 181.000000 -0.169691 -0.091094
224.000000 181.000000 -0.163170 -0.091124
566.000000 181.000000 0.393714 -0.089817
601.000000 181.000000 0.449821 -0.089599
552.000000 183.000000 0.371356 -0.086694
229.000000 184.000000 -0.155032 -0.086257
595.000000 184.000000 0.440188 -0.084783
624.000000 184.000000 0.487011 -0.084678
219.000000 185.000000 -0.171350 -0.084553
551.000000 185.000000 0.369775 -0.083466
553.000000 185.000000 0.372970 -0.083450
569.000000 186.000000 0.398547 -0.081712
618.000000 186.000000 0.477282 -0.081461
596.000000 187.000000 0.441810 -0.079932
612.000000 187.000000 0.467580 -0.079864
562.000000 188.000000 0.387373 -0.078528
579.000000 188.000000 0.414558 -0.078412
617.000000 188.000000 0.475669 -0.078233
625.000000 188.000000 0.488644 -0.078214
566.000000 189.000000 0.393772 -0.076882
234.000000 190.000000 -0.146902 -0.076475
231.000000 191.000000 -0.151810 -0.074821
553.000000 191.000000 0.373016 -0.073739
624.000000 191.000000 0.487026 -0.073370
551.000000 192.000000 0.369829 -0.072135
601.000000 192.000000 0.449871 -0.071831
220.000000 194.000000 -0.169780 -0.069846
234.000000 194.000000 -0.146924 -0.069928
554.000000 194.000000 0.374635 -0.068876
565.000000 194.000000 0.392208 -0.068801
217.000000 195.000000 -0.174676 -0.068192
561.000000 195.000000 0.385824 -0.067209
624.000000 195.000000 0.487034 -0.066907
631.000000 195.000000 0.498422 -0.066894
228.000000 197.000000 -0.156744 -0.064984
562.000000 197.000000 0.387434 -0.063966
565.000000 197.000000 0.392228 -0.063947
551.000000 200.000000 0.369884 -0.059181
553.000000 200.000000 0.373078 -0.059168
228.000000 201.000000 -0.156765 -0.058434
578.000000 201.000000 0.413034 -0.057401
585.000000 201.000000 0.424238 -0.057364
624.000000 201.000000 0.487048 -0.057214
562.000000 202.000000 0.387465 -0.055874
572.000000 202.000000 0.403444 -0.055816
552.000000 203.000000 0.371500 -0.054315
554.000000 203.000000 0.374694 -0.054303
602.000000 203.000000 0.451525 -0.054054
214.000000 204.000000 -0.179614 -0.053451
575.000000 204.000000 0.408251 -0.052564
602.000000 206.000000 0.451537 -0.049206
215.000000 208.000000 -0.178004 -0.046908
601.000000 208.000000 0.449937 -0.045978
581.000000 209.000000 0.417874 -0.044447
64.000000 210.000000 -0.420938 -0.042844
217.000000 210.000000 -0.174754 -0.043642
221.000000 210.000000 -0.168232 -0.043659
229.000000 210.000000 -0.155171 -0.043692
571.000000 210.000000 0.401888 -0.042877
614.000000 210.000000 0.470886 -0.042700
624.000000 210.000000 0.487071 -0.042671
47.000000 211.000000 -0.448245 -0.041156
215.000000 211.000000 -0.178018 -0.041996
72.000000 212.000000 -0.408130 -0.039643
554.000000 212.000000 0.374744 -0.039724
618.000000 212.000000 0.477357 -0.039456
52.000000 213.000000 -0.440210 -0.037941
67.000000 213.000000 -0.416143 -0.038002
563.000000 213.000000 0.389122 -0.038059
570.000000 213.000000 0.400304 -0.038026
612.000000 213.000000 0.467668 -0.037858
70.000000 214.000000 -0.411342 -0.036396
226.000000 214.000000 -0.160087 -0.037124
614.000000 214.000000 0.470899 -0.036236
616.000000 214.000000 0.474129 -0.036230
627.000000 214.000000 0.491952 -0.036200
629.000000 214.000000 0.495203 -0.036195
77.000000 215.000000 -0.400140 -0.034807
79.000000 215.000000 -0.396940 -0.034816
52.000000 216.000000 -0.440222 -0.033088
601.000000 216.000000 0.449967 -0.033047
62.000000 217.000000 -0.424174 -0.031507
227.000000 217.000000 -0.158464 -0.032209
553.000000 217.000000 0.373171 -0.031626
581.000000 217.000000 0.417908 -0.031506
625.000000 217.000000 0.488712 -0.031357
64.000000 218.000000 -0.420971 -0.029897
66.000000 218.000000 -0.417766 -0.029905
77.000000 218.000000 -0.400153 -0.029948
571.000000 218.000000 0.401924 -0.029929
62.000000 219.000000 -0.424181 -0.028271
74.000000 219.000000 -0.404958 -0.028317
562.000000 219.000000 0.387551 -0.028347
598.000000 219.000000 0.445158 -0.028208
78.000000 220.000000 -0.398560 -0.026713
571.000000 220.000000 0.401932 -0.026691
552.000000 222.000000 0.371595 -0.023526
74.000000 223.000000 -0.404973 -0.021839
79.000000 223.000000 -0.396972 -0.021857
231.000000 223.000000 -0.151945 -0.022379
215.000000 224.000000 -0.178063 -0.020698
57.000000 225.000000 -0.432223 -0.018543
75.000000 225.000000 -0.403379 -0.018603
78.000000 225.000000 -0.398579 -0.018613
588.000000 225.000000 0.429143 -0.018539
593.000000 225.000000 0.437156 -0.018523
600.000000 225.000000 0.448390 -0.018500
602.000000 225.000000 0.451604 -0.018494
217.000000 226.000000 -0.174808 -0.017425
233.000000 226.000000 -0.148681 -0.017461
239.000000 226.000000 -0.138863 -0.017473
571.000000 226.000000 0.401954 -0.016977
616.000000 226.000000 0.474165 -0.016836
53.000000 227.000000 -0.438652 -0.015294
75.000000 227.000000 -0.403386 -0.015363
221.000000 227.000000 -0.168286 -0.015795
553.000000 227.000000 0.373210 -0.015417
563.000000 227.000000 0.389178 -0.015384
619.000000 227.000000 0.479018 -0.015211
625.000000 227.000000 0.488738 -0.015194
581.000000 228.000000 0.417947 -0.013708
24.000000 229.000000 -0.485468 -0.011974
564.000000 229.000000 0.390781 -0.012141
613.000000 229.000000 0.469329 -0.011995
619.000000 229.000000 0.479023 -0.011978
52.000000 230.000000 -0.440268 -0.010436
57.000000 230.000000 -0.432238 -0.010451
79.000000 230.000000 -0.396995 -0.010515
75.000000 231.000000 -0.403398 -0.008883
551.000000 231.000000 0.370029 -0.008938
555.000000 231.000000 0.376416 -0.008926
618.000000 231.000000 0.477411 -0.008748
625.000000 231.000000 0.488749 -0.008729
53.000000 232.000000 -0.438667 -0.007203
68.000000 232.000000 -0.414608 -0.007244
73.000000 232.000000 -0.406602 -0.007258
56.000000 233.000000 -0.433852 -0.005592
230.000000 233.000000 -0.153598 -0.005967
563.000000 233.000000 0.389195 -0.005663
586.000000 233.000000 0.425964 -0.005603
601.000000 233.000000 0.450020 -0.005562
603.000000 233.000000 0.453235 -0.005556
63.000000 234.000000 -0.422625 -0.003992
68.000000 234.000000 -0.414613 -0.004005
73.000000 234.000000 -0.406607 -0.004018
77.000000 234.000000 -0.400205 -0.004028
79.000000 234.000000 -0.397005 -0.004033
563.000000 235.000000 0.389200 -0.002423
62.000000 236.000000 -0.424234 -0.000751
65.000000 236.000000 -0.419425 -0.000759
231.000000 236.000000 -0.151967 -0.001044
597.000000 236.000000 0.443604 -0.000721
46.000000 237.000000 -0.449936 0.000907
57.000000 237.000000 -0.432257 0.000880
73.000000 237.000000 -0.406614 0.000842
55.000000 238.000000 -0.435470 0.002503
553.000000 238.000000 0.373239 0.002418
57.000000 239.000000 -0.432262 0.004117
71.000000 239.000000 -0.409821 0.004086
75.000000 239.000000 -0.403417 0.004078
78.000000 239.000000 -0.398617 0.004072
227.000000 239.000000 -0.158507 0.003882
53.000000 240.000000 -0.438687 0.005745
216.000000 240.000000 -0.176459 0.005530
553.000000 240.000000 0.373242 0.005661
625.000000 240.000000 0.488775 0.005821
68.000000 241.000000 -0.414629 0.007332
76.000000 241.000000 -0.401821 0.007317
583.000000 241.000000 0.421181 0.007336
600.000000 241.000000 0.448434 0.007373
603.000000 241.000000 0.453255 0.007380
613.000000 241.000000 0.469362 0.007405
55.000000 242.000000 -0.435479 0.008978
71.000000 242.000000 -0.409827 0.008946
74.000000 242.000000 -0.405024 0.008941
216.000000 242.000000 -0.176460 0.008809
233.000000 242.000000 -0.148700 0.008804
619.000000 242.000000 0.479059 0.009038
563.000000 243.000000 0.389216 0.010540
44.000000 244.000000 -0.453173 0.012239
54.000000 244.000000 -0.437089 0.012217
68.000000 244.000000 -0.414635 0.012191
77.000000 244.000000 -0.400226 0.012177
80.000000 244.000000 -0.395426 0.012172
82.000000 244.000000 -0.392226 0.012169
575.000000 244.000000 0.408391 0.012178
592.000000 244.000000 0.435602 0.012209
598.000000 244.000000 0.445228 0.012221
617.000000 244.000000 0.475830 0.012266
625.000000 244.000000 0.488786 0.012288
629.000000 244.000000 0.495284 0.012300
36.000000 245.000000 -0.466079 0.013876
56.000000 245.000000 -0.433879 0.013832
70.000000 245.000000 -0.411433 0.013808
45.000000 246.000000 -0.451567 0.015473
50.000000 246.000000 -0.443521 0.015463
75.000000 246.000000 -0.403429 0.015420
219.000000 246.000000 -0.171568 0.015369
231.000000 246.000000 -0.151971 0.015371
73.000000 247.000000 -0.406632 0.017043
553.000000 247.000000 0.373251 0.017013
57.000000 248.000000 -0.432279 0.018687
60.000000 248.000000 -0.427465 0.018682
62.000000 248.000000 -0.424258 0.018679
39.000000 249.000000 -0.461245 0.020341
235.000000 249.000000 -0.145427 0.020297
564.000000 249.000000 0.390820 0.020264
594.000000 249.000000 0.438818 0.020302
69.000000 250.000000 -0.413042 0.021909
77.000000 250.000000 -0.400233 0.021900
81.000000 250.000000 -0.393833 0.021897
83.000000 250.000000 -0.390633 0.021895
567.000000 250.000000 0.395613 0.021887
36.000000 251.000000 -0.466093 0.023584
49.000000 251.000000 -0.445139 0.023557
55.000000 251.000000 -0.435496 0.023547
63.000000 251.000000 -0.422658 0.023536
44.000000 252.000000 -0.453190 0.025185
567.000000 252.000000 0.395615 0.025127
575.000000 252.000000 0.408400 0.025133
582.000000 252.000000 0.419597 0.025140
596.000000 252.000000 0.442033 0.025158
41.000000 253.000000 -0.458027 0.026809
54.000000 253.000000 -0.437105 0.026786
60.000000 253.000000 -0.427472 0.026778
71.000000 253.000000 -0.409841 0.026767
217.000000 253.000000 -0.174826 0.026847
65.000000 254.000000 -0.419455 0.028392
552.000000 254.000000 0.371657 0.028365
554.000000 254.000000 0.374851 0.028365
230.000000 255.000000 -0.153599 0.030143
35.000000 256.000000 -0.467721 0.031677
49.000000 256.000000 -0.445147 0.031650
60.000000 256.000000 -0.427476 0.031636
616.000000 256.000000 0.474244 0.031668
628.000000 256.000000 0.493695 0.031702
635.000000 256.000000 0.505100 0.031726
588.000000 257.000000 0.429210 0.033238
601.000000 257.000000 0.450072 0.033255
37.000000 258.000000 -0.464493 0.034909
41.000000 258.000000 -0.458037 0.034901
65.000000 258.000000 -0.419459 0.034871
69.000000 258.000000 -0.413048 0.034868
218.000000 258.000000 -0.173188 0.035047
229.000000 258.000000 -0.155230 0.035065
553.000000 258.000000 0.373253 0.034852
555.000000 258.000000 0.376447 0.034851
567.000000 258.000000 0.395616 0.034848
563.000000 259.000000 0.389225 0.036469
29.000000 260.000000 -0.477442 0.038165
43.000000 260.000000 -0.454816 0.038134
60.000000 260.000000 -0.427479 0.038113
69.000000 260.000000 -0.413049 0.038108
597.000000 260.000000 0.443649 0.038102
39.000000 261.000000 -0.461270 0.039760
67.000000 262.000000 -0.416255 0.041349
226.000000 262.000000 -0.160124 0.041622
70.000000 263.000000 -0.411447 0.042968
616.000000 264.000000 0.474263 0.044606
618.000000 264.000000 0.477499 0.044611
626.000000 264.000000 0.490470 0.044634
65.000000 265.000000 -0.419461 0.046209
567.000000 265.000000 0.395614 0.046189
596.000000 266.000000 0.442050 0.047809
603.000000 266.000000 0.453301 0.047817
563.000000 267.000000 0.389220 0.049433
619.000000 267.000000 0.479125 0.049466
22.000000 268.000000 -0.488834 0.051132
230.000000 268.000000 -0.153574 0.051474
616.000000 268.000000 0.474273 0.051076
626.000000 268.000000 0.490483 0.051104
24.000000 271.000000 -0.485590 0.055982
220.000000 271.000000 -0.169895 0.056364
564.000000 272.000000 0.390811 0.057534
569.000000 272.000000 0.398804 0.057527
232.000000 275.000000 -0.150284 0.062962
617.000000 275.000000 0.475908 0.062401
635.000000 276.000000 0.505183 0.064083
223.000000 277.000000 -0.164979 0.066208
564.000000 277.000000 0.390803 0.065636
593.000000 278.000000 0.437238 0.067225
599.000000 278.000000 0.446879 0.067227
562.000000 279.000000 0.387601 0.068881
605.000000 279.000000 0.456538 0.068850
580.000000 280.000000 0.416394 0.070469
234.000000 281.000000 -0.146991 0.072807
535.000000 281.000000 0.344440 0.072210
538.000000 281.000000 0.349236 0.072199
596.000000 281.000000 0.442058 0.072079
193.000000 284.000000 -0.213760 0.077527
240.000000 284.000000 -0.137162 0.077750
565.000000 285.000000 0.392383 0.078594
573.000000 286.000000 0.405178 0.080195
590.000000 286.000000 0.432421 0.080172
597.000000 286.000000 0.443666 0.080170
225.000000 287.000000 -0.161670 0.082599
235.000000 287.000000 -0.145330 0.082646
605.000000 287.000000 0.456547 0.081793
207.000000 289.000000 -0.190992 0.085777
595.000000 289.000000 0.440451 0.085024
597.000000 290.000000 0.443667 0.086643
208.000000 291.000000 -0.189354 0.089054
224.000000 291.000000 -0.163282 0.089143
231.000000 291.000000 -0.151851 0.089179
220.000000 294.000000 -0.169791 0.094030
235.000000 294.000000 -0.145296 0.094113
554.000000 294.000000 0.374763 0.093215
565.000000 294.000000 0.392355 0.093173
624.000000 294.000000 0.487325 0.093166
598.000000 295.000000 0.445276 0.094733
604.000000 295.000000 0.454942 0.094736
565.000000 296.000000 0.392348 0.096412
567.000000 296.000000 0.395549 0.096405
207.000000 297.000000 -0.190944 0.098855
595.000000 297.000000 0.440449 0.097970
555.000000 298.000000 0.376344 0.099692
233.000000 299.000000 -0.148539 0.102287
219.000000 300.000000 -0.171385 0.103837
625.000000 300.000000 0.488979 0.102883
197.000000 301.000000 -0.207164 0.105319
207.000000 302.000000 -0.190910 0.107024
209.000000 302.000000 -0.187657 0.107038
231.000000 302.000000 -0.151789 0.107183
237.000000 302.000000 -0.141982 0.107219
246.000000 302.000000 -0.127252 0.107269
252.000000 302.000000 -0.117420 0.107301
548.000000 302.000000 0.365129 0.106209
595.000000 302.000000 0.440447 0.106061
536.000000 303.000000 0.345926 0.107900
599.000000 303.000000 0.446887 0.107679
478.000000 306.000000 0.252795 0.113216
487.000000 306.000000 0.267296 0.113141
529.000000 306.000000 0.334702 0.112812
540.000000 306.000000 0.352307 0.112739
205.000000 307.000000 -0.194125 0.115173
494.000000 307.000000 0.278551 0.114709
500.000000 307.000000 0.288194 0.114659
506.000000 307.000000 0.297829 0.114610
510.000000 307.000000 0.304248 0.114578
515.000000 307.000000 0.312266 0.114539
522.000000 307.000000 0.323484 0.114485
202.000000 308.000000 -0.198992 0.116781
540.000000 308.000000 0.352295 0.115981
198.000000 310.000000 -0.205471 0.120012
542.000000 311.000000 0.355475 0.120830
296.000000 312.000000 -0.045065 0.123844
538.000000 312.000000 0.349067 0.122478
160.000000 313.000000 -0.266901 0.124569
166.000000 313.000000 -0.257226 0.124622
363.000000 313.000000 0.065282 0.125436
534.000000 313.000000 0.342657 0.124128
378.000000 314.000000 0.089926 0.127008
129.000000 315.000000 -0.316734 0.127550
362.000000 315.000000 0.063631 0.128713
562.000000 315.000000 0.387465 0.127192
568.000000 315.000000 0.397077 0.127164
282.000000 317.000000 -0.068088 0.131986
570.000000 317.000000 0.400274 0.130393
129.000000 318.000000 -0.316709 0.132418
441.000000 318.000000 0.192810 0.133089
146.000000 319.000000 -0.289387 0.134192
491.000000 319.000000 0.273617 0.134237
570.000000 319.000000 0.400266 0.133630
607.000000 319.000000 0.459821 0.133582
612.000000 319.000000 0.467923 0.133594
437.000000 320.000000 0.186293 0.136384
493.000000 320.000000 0.276825 0.135842
616.000000 320.000000 0.474421 0.135228
631.000000 320.000000 0.498903 0.135316
439.000000 321.000000 0.189534 0.137995
635.000000 321.000000 0.505479 0.136971
496.000000 322.000000 0.281630 0.139060
584.000000 322.000000 0.422731 0.138440
283.000000 323.000000 -0.066421 0.141800
440.000000 323.000000 0.191139 0.141244
633.000000 323.000000 0.502210 0.140196
290.000000 324.000000 -0.054907 0.143459
347.000000 324.000000 0.038926 0.143478
93.000000 325.000000 -0.374396 0.143496
283.000000 325.000000 -0.066413 0.145068
298.000000 325.000000 -0.041743 0.145115
284.000000 327.000000 -0.064762 0.148339
408.000000 327.000000 0.138976 0.148045
413.000000 327.000000 0.147140 0.148004
437.000000 327.000000 0.186227 0.147786
308.000000 328.000000 -0.025279 0.150036
433.000000 328.000000 0.179715 0.149453
287.000000 329.000000 -0.059823 0.151616
337.000000 329.000000 0.022459 0.151668
353.000000 329.000000 0.048781 0.151628
297.000000 330.000000 -0.043375 0.153280
362.000000 330.000000 0.063572 0.153227
374.000000 330.000000 0.083278 0.153169
384.000000 330.000000 0.099680 0.153111
391.000000 330.000000 0.111148 0.153065
291.000000 331.000000 -0.053240 0.154895
293.000000 331.000000 -0.049951 0.154901
306.000000 331.000000 -0.028566 0.154932
317.000000 331.000000 -0.010462 0.154945
405.000000 331.000000 0.134043 0.154590
283.000000 332.000000 -0.066385 0.156497
337.000000 332.000000 0.022454 0.156566
358.000000 332.000000 0.056990 0.156507
363.000000 332.000000 0.065206 0.156487
426.000000 332.000000 0.168287 0.156032
437.000000 332.000000 0.186178 0.155924
398.000000 333.000000 0.122583 0.157904
401.000000 334.000000 0.127481 0.159510
411.000000 334.000000 0.143816 0.159426
443.000000 334.000000 0.195900 0.159115
132.000000 335.000000 -0.311735 0.160014
359.000000 335.000000 0.058622 0.161398
368.000000 335.000000 0.073403 0.161356
375.000000 335.000000 0.084891 0.161319
378.000000 335.000000 0.089812 0.161301
128.000000 336.000000 -0.318150 0.161596
282.000000 336.000000 -0.068011 0.163017
286.000000 336.000000 -0.061440 0.163034
290.000000 336.000000 -0.054867 0.163049
318.000000 336.000000 -0.008814 0.163105
325.000000 336.000000 0.002704 0.163105
339.000000 336.000000 0.025737 0.163089
397.000000 336.000000 0.120924 0.162799
298.000000 337.000000 -0.041712 0.164705
305.000000 337.000000 -0.030200 0.164721
309.000000 337.000000 -0.023620 0.164727
312.000000 337.000000 -0.018685 0.164731
344.000000 337.000000 0.033958 0.164709
416.000000 337.000000 0.151946 0.164265
426.000000 337.000000 0.168238 0.164168
436.000000 337.000000 0.184502 0.164066
587.000000 337.000000 0.427532 0.162710
325.000000 338.000000 0.002703 0.166367
371.000000 338.000000 0.078312 0.166231
396.000000 338.000000 0.119273 0.166064
281.000000 339.000000 -0.069640 0.167903
335.000000 339.000000 0.019152 0.167988
341.000000 339.000000 0.029020 0.167977
378.000000 339.000000 0.089787 0.167819
401.000000 339.000000 0.127440 0.167652
369.000000 340.000000 0.075019 0.169500
376.000000 340.000000 0.086502 0.169461
410.000000 340.000000 0.142131 0.169201
416.000000 340.000000 0.151918 0.169146
429.000000 340.000000 0.173090 0.169016
437.000000 340.000000 0.186094 0.168932
284.000000 341.000000 -0.064705 0.171175
286.000000 341.000000 -0.061420 0.171183
292.000000 341.000000 -0.051562 0.171206
298.000000 341.000000 -0.041701 0.171225
120.000000 342.000000 -0.330940 0.171238
305.000000 342.000000 -0.030190 0.172871
309.000000 342.000000 -0.023613 0.172878
312.000000 342.000000 -0.018680 0.172882
325.000000 343.000000 0.002701 0.174516
384.000000 343.000000 0.099593 0.174293
446.000000 343.000000 0.200669 0.173706
323.000000 344.000000 -0.000588 0.176145
335.000000 344.000000 0.019145 0.176135
339.000000 344.000000 0.025721 0.176128
401.000000 344.000000 0.127398 0.175787
408.000000 344.000000 0.138830 0.175725
610.000000 344.000000 0.464770 0.174081
282.000000 345.000000 -0.067971 0.177680
317.000000 345.000000 -0.010455 0.177773
331.000000 345.000000 0.012566 0.177769
394.000000 345.000000 0.115946 0.177472
286.000000 346.000000 -0.061399 0.179325
291.000000 346.000000 -0.053188 0.179345
297.000000 346.000000 -0.043330 0.179365
335.000000 346.000000 0.019142 0.179392
369.000000 346.000000 0.074986 0.179269
392.000000 346.000000 0.112667 0.179114
304.000000 347.000000 -0.031824 0.181011
309.000000 347.000000 -0.023605 0.181020
311.000000 347.000000 -0.020318 0.181023
342.000000 347.000000 0.030645 0.181005
290.000000 348.000000 -0.054822 0.182596
336.000000 348.000000 0.020782 0.182646
339.000000 348.000000 0.025713 0.182640
414.000000 348.000000 0.148580 0.182169
423.000000 348.000000 0.163242 0.182078
614.000000 348.000000 0.471309 0.180588
546.000000 349.000000 0.361600 0.182321
322.000000 350.000000 -0.002233 0.185912
331.000000 350.000000 0.012561 0.185907
386.000000 350.000000 0.102818 0.185664
284.000000 351.000000 -0.064660 0.187451
296.000000 351.000000 -0.044958 0.187498
298.000000 351.000000 -0.041673 0.187504
339.000000 351.000000 0.025706 0.187520
395.000000 351.000000 0.117532 0.187217
402.000000 351.000000 0.128970 0.187156
304.000000 352.000000 -0.031813 0.189145
308.000000 352.000000 -0.025241 0.189153
311.000000 352.000000 -0.020311 0.189158
322.000000 352.000000 -0.002233 0.189165
369.000000 352.000000 0.074953 0.189027
389.000000 352.000000 0.107712 0.188891
411.000000 352.000000 0.143649 0.188695
340.000000 353.000000 0.027345 0.190770
350.000000 353.000000 0.043770 0.190741
434.000000 353.000000 0.181077 0.190072
436.000000 353.000000 0.184325 0.190049
117.000000 354.000000 -0.335645 0.190633
398.000000 354.000000 0.122409 0.192064
401.000000 354.000000 0.127310 0.192037
409.000000 354.000000 0.140367 0.191961
340.000000 355.000000 0.027340 0.194021
351.000000 355.000000 0.045404 0.193988
386.000000 355.000000 0.102780 0.193787
388.000000 355.000000 0.106052 0.193771
280.000000 356.000000 -0.071198 0.195557
285.000000 356.000000 -0.062996 0.195582
292.000000 356.000000 -0.051508 0.195611
297.000000 356.000000 -0.043300 0.195628
303.000000 357.000000 -0.033444 0.197270
308.000000 357.000000 -0.025232 0.197280
311.000000 357.000000 -0.020304 0.197285
344.000000 357.000000 0.033905 0.197260
348.000000 357.000000 0.040472 0.197248
280.000000 358.000000 -0.071188 0.198805
317.000000 358.000000 -0.010447 0.198915
320.000000 358.000000 -0.005519 0.198916
401.000000 358.000000 0.127273 0.198529
417.000000 358.000000 0.153366 0.198369
446.000000 358.000000 0.200491 0.198034
348.000000 359.000000 0.040465 0.200496
350.000000 359.000000 0.043748 0.200489
382.000000 359.000000 0.096204 0.200310
386.000000 359.000000 0.102749 0.200280
427.000000 359.000000 0.169631 0.199880
431.000000 359.000000 0.176133 0.199834
284.000000 361.000000 -0.064613 0.203695
288.000000 361.000000 -0.058052 0.203714
291.000000 361.000000 -0.053130 0.203726
297.000000 361.000000 -0.043284 0.203748
347.000000 361.000000 0.038817 0.203746
352.000000 361.000000 0.047023 0.203728
393.000000 361.000000 0.114178 0.203467
184.000000 362.000000 -0.227604 0.204358
186.000000 362.000000 -0.224367 0.204383
304.000000 362.000000 -0.031790 0.205390
308.000000 362.000000 -0.025223 0.205399
310.000000 362.000000 -0.021939 0.205402
412.000000 362.000000 0.145178 0.204906
444.000000 362.000000 0.197200 0.204538
447.000000 362.000000 0.202063 0.204501
353.000000 363.000000 0.048655 0.206969
375.000000 363.000000 0.084716 0.206849
414.000000 363.000000 0.148426 0.206506
425.000000 363.000000 0.166333 0.206385
178.000000 364.000000 -0.237282 0.207520
192.000000 364.000000 -0.214628 0.207696
194.000000 364.000000 -0.211388 0.207721
228.000000 364.000000 -0.156149 0.208116
280.000000 364.000000 -0.071156 0.208542
317.000000 364.000000 -0.010443 0.208655
351.000000 364.000000 0.045370 0.208599
450.000000 364.000000 0.206898 0.207700
161.000000 365.000000 -0.264717 0.208923
169.000000 365.000000 -0.251808 0.209024
347.000000 365.000000 0.038804 0.210236
379.000000 365.000000 0.091250 0.210064
163.000000 366.000000 -0.261478 0.210566
216.000000 366.000000 -0.175655 0.211223
284.000000 366.000000 -0.064589 0.211806
293.000000 366.000000 -0.049830 0.211845
297.000000 366.000000 -0.043268 0.211859
368.000000 366.000000 0.073231 0.211758
400.000000 366.000000 0.125566 0.211508
159.000000 367.000000 -0.267917 0.212133
307.000000 367.000000 -0.026855 0.213507
310.000000 367.000000 -0.021931 0.213512
376.000000 367.000000 0.086325 0.213327
415.000000 367.000000 0.150013 0.212975
446.000000 367.000000 0.200379 0.212606
155.000000 368.000000 -0.274353 0.213700
349.000000 368.000000 0.042075 0.215093
351.000000 368.000000 0.045355 0.215085
356.000000 368.000000 0.053554 0.215064
456.000000 368.000000 0.216560 0.214095
312.000000 369.000000 -0.018646 0.216757
316.000000 369.000000 -0.012081 0.216761
322.000000 369.000000 -0.002233 0.216764
394.000000 369.000000 0.115741 0.216423
396.000000 369.000000 0.119007 0.216405
551.000000 370.000000 0.369474 0.216242
105.000000 371.000000 -0.354790 0.218024
253.000000 371.000000 -0.115295 0.219696
283.000000 371.000000 -0.066202 0.219903
290.000000 371.000000 -0.054729 0.219936
317.000000 371.000000 -0.010439 0.220003
321.000000 371.000000 -0.003875 0.220004
325.000000 371.000000 0.002690 0.220004
357.000000 371.000000 0.055179 0.219920
367.000000 371.000000 0.071563 0.219866
372.000000 371.000000 0.079750 0.219834
445.000000 371.000000 0.198707 0.219089
262.000000 372.000000 -0.100575 0.221388
295.000000 372.000000 -0.046527 0.221576
302.000000 372.000000 -0.035047 0.221598
307.000000 372.000000 -0.026845 0.221609
309.000000 372.000000 -0.023564 0.221613
315.000000 372.000000 -0.013720 0.221621
337.000000 372.000000 0.022378 0.221608
339.000000 372.000000 0.025659 0.221604
345.000000 372.000000 0.035500 0.221587
350.000000 372.000000 0.043699 0.221569
401.000000 372.000000 0.127140 0.221213
407.000000 372.000000 0.136924 0.221153
449.000000 372.000000 0.205176 0.220655
455.000000 372.000000 0.214890 0.220576
256.000000 373.000000 -0.110376 0.222959
377.000000 373.000000 0.087919 0.223038
380.000000 373.000000 0.092826 0.223015
386.000000 373.000000 0.102636 0.222968
397.000000 373.000000 0.120603 0.222870
415.000000 373.000000 0.149947 0.222685
104.000000 374.000000 -0.356377 0.222868
316.000000 374.000000 -0.012077 0.224861
394.000000 374.000000 0.115696 0.224516
434.000000 374.000000 0.180826 0.224079
436.000000 374.000000 0.184072 0.224054
456.000000 374.000000 0.216482 0.223796
610.000000 374.000000 0.464983 0.222752
614.000000 374.000000 0.471538 0.222795
279.000000 375.000000 -0.072733 0.226358
328.000000 375.000000 0.007609 0.226479
402.000000 375.000000 0.128741 0.226057
409.000000 375.000000 0.140152 0.225985
250.000000 376.000000 -0.120150 0.227761
260.000000 376.000000 -0.103814 0.227846
283.000000 376.000000 -0.066177 0.227998
323.000000 376.000000 -0.000593 0.228100
326.000000 376.000000 0.004328 0.228099
367.000000 376.000000 0.071533 0.227960
374.000000 376.000000 0.082990 0.227914
595.000000 376.000000 0.440528 0.225888
294.000000 377.000000 -0.048148 0.229666
296.000000 377.000000 -0.044870 0.229673
302.000000 377.000000 -0.035034 0.229692
307.000000 377.000000 -0.026835 0.229704
310.000000 377.000000 -0.021915 0.229709
385.000000 377.000000 0.100969 0.229448
460.000000 377.000000 0.222912 0.228590
463.000000 377.000000 0.227762 0.228549
555.000000 377.000000 0.375867 0.227536
607.000000 377.000000 0.460103 0.227597
288.000000 378.000000 -0.057976 0.231258
346.000000 378.000000 0.037120 0.231295
596.000000 378.000000 0.442166 0.229138
598.000000 378.000000 0.445422 0.229150
615.000000 378.000000 0.473229 0.229312
267.000000 379.000000 -0.092346 0.232751
281.000000 379.000000 -0.069436 0.232840
375.000000 379.000000 0.084604 0.232759
379.000000 379.000000 0.091146 0.232729
401.000000 379.000000 0.127070 0.232535
418.000000 379.000000 0.154762 0.232352
602.000000 379.000000 0.451951 0.230802
351.000000 380.000000 0.045307 0.234511
424.000000 380.000000 0.164508 0.233897
428.000000 380.000000 0.171008 0.233849
436.000000 380.000000 0.183997 0.233750
607.000000 380.000000 0.460132 0.232471
282.000000 381.000000 -0.067788 0.236079
285.000000 381.000000 -0.062875 0.236095
389.000000 381.000000 0.107469 0.235880
401.000000 381.000000 0.127051 0.235767
605.000000 381.000000 0.456870 0.234077
264.000000 382.000000 -0.097229 0.237578
294.000000 382.000000 -0.048129 0.237751
302.000000 382.000000 -0.035020 0.237778
306.000000 382.000000 -0.028464 0.237788
309.000000 382.000000 -0.023547 0.237794
379.000000 382.000000 0.091123 0.237578
385.000000 382.000000 0.100927 0.237530
405.000000 382.000000 0.133561 0.237342
411.000000 382.000000 0.143335 0.237277
577.000000 382.000000 0.411351 0.235567
603.000000 382.000000 0.453610 0.235683
41.000000 383.000000 -0.458481 0.237476
281.000000 383.000000 -0.069414 0.239307
393.000000 383.000000 0.113981 0.239075
433.000000 383.000000 0.179091 0.238632
458.000000 383.000000 0.219597 0.238305
462.000000 383.000000 0.226065 0.238251
474.000000 383.000000 0.245447 0.238090
479.000000 383.000000 0.253514 0.238022
481.000000 383.000000 0.256740 0.237996
531.000000 383.000000 0.337214 0.237411
546.000000 383.000000 0.361344 0.237291
548.000000 383.000000 0.364563 0.237278
36.000000 384.000000 -0.466706 0.239164
39.000000 384.000000 -0.461775 0.239125
45.000000 384.000000 -0.451938 0.239061
196.000000 384.000000 -0.207894 0.240079
271.000000 384.000000 -0.085769 0.240860
278.000000 384.000000 -0.074318 0.240905
399.000000 384.000000 0.123759 0.240633
413.000000 384.000000 0.146569 0.240485
452.000000 384.000000 0.209876 0.240000
466.000000 384.000000 0.232516 0.239812
540.000000 384.000000 0.351682 0.238950
56.000000 385.000000 -0.433983 0.240601
191.000000 385.000000 -0.215980 0.241629
393.000000 385.000000 0.113962 0.242305
409.000000 385.000000 0.140045 0.242144
416.000000 385.000000 0.151440 0.242066
426.000000 385.000000 0.167698 0.241948
444.000000 385.000000 0.196905 0.241720
570.000000 385.000000 0.400031 0.240428
585.000000 385.000000 0.424320 0.240443
279.000000 386.000000 -0.072670 0.244142
282.000000 386.000000 -0.067761 0.244159
287.000000 386.000000 -0.059576 0.244184
289.000000 386.000000 -0.056302 0.244194
423.000000 386.000000 0.162811 0.243598
535.000000 386.000000 0.343621 0.242222
295.000000 387.000000 -0.046472 0.245833
349.000000 387.000000 0.042003 0.245830
367.000000 387.000000 0.071465 0.245738
374.000000 387.000000 0.082912 0.245692
377.000000 387.000000 0.087816 0.245670
461.000000 387.000000 0.224394 0.244720
467.000000 387.000000 0.234091 0.244639
550.000000 387.000000 0.367760 0.243733
158.000000 388.000000 -0.269267 0.246046
170.000000 388.000000 -0.249898 0.246198
179.000000 388.000000 -0.235356 0.246315
306.000000 388.000000 -0.028451 0.247481
309.000000 388.000000 -0.023536 0.247487
386.000000 388.000000 0.102510 0.247211
603.000000 388.000000 0.453668 0.245434
607.000000 388.000000 0.460221 0.245479
45.000000 389.000000 -0.451989 0.247192
181.000000 389.000000 -0.232109 0.247955
250.000000 389.000000 -0.120032 0.248765
277.000000 389.000000 -0.075924 0.248973
401.000000 389.000000 0.126970 0.248684
462.000000 389.000000 0.225984 0.247933
470.000000 389.000000 0.238909 0.247825
605.000000 389.000000 0.456954 0.247082
166.000000 390.000000 -0.256332 0.249375
415.000000 390.000000 0.149756 0.250146
425.000000 390.000000 0.166013 0.250028
465.000000 390.000000 0.230819 0.249506
38.000000 391.000000 -0.463511 0.250536
173.000000 391.000000 -0.245014 0.251078
277.000000 391.000000 -0.075912 0.252201
374.000000 391.000000 0.082884 0.252147
383.000000 391.000000 0.097586 0.252078
617.000000 391.000000 0.476721 0.250514
109.000000 392.000000 -0.348193 0.252004
282.000000 392.000000 -0.067728 0.253843
290.000000 392.000000 -0.054638 0.253883
295.000000 392.000000 -0.046454 0.253904
394.000000 392.000000 0.115528 0.253593
470.000000 392.000000 0.238869 0.252664
556.000000 392.000000 0.377410 0.251791
16.000000 393.000000 -0.500053 0.254249
183.000000 393.000000 -0.228822 0.254434
208.000000 393.000000 -0.188324 0.254754
301.000000 393.000000 -0.036627 0.255537
305.000000 393.000000 -0.030077 0.255547
309.000000 393.000000 -0.023527 0.255556
315.000000 393.000000 -0.013700 0.255564
317.000000 393.000000 -0.010424 0.255566
400.000000 393.000000 0.125300 0.255147
465.000000 393.000000 0.230778 0.254344
197.000000 394.000000 -0.206146 0.256228
427.000000 394.000000 0.169213 0.256454
469.000000 394.000000 0.237227 0.255902
106.000000 395.000000 -0.353012 0.256835
160.000000 395.000000 -0.265953 0.257366
238.000000 396.000000 -0.139522 0.259937
366.000000 396.000000 0.069774 0.260264
576.000000 396.000000 0.409750 0.258253
109.000000 397.000000 -0.348160 0.260087
168.000000 397.000000 -0.253013 0.260692
170.000000 397.000000 -0.249783 0.260717
244.000000 397.000000 -0.129738 0.261610
280.000000 397.000000 -0.070970 0.261895
286.000000 397.000000 -0.061159 0.261927
312.000000 397.000000 -0.018608 0.262010
319.000000 397.000000 -0.007147 0.262016
368.000000 397.000000 0.073037 0.261863
420.000000 397.000000 0.157804 0.261374
428.000000 397.000000 0.170799 0.261277
475.000000 397.000000 0.246874 0.260659
532.000000 397.000000 0.338703 0.260015
541.000000 397.000000 0.353201 0.259951
25.000000 398.000000 -0.485156 0.262207
174.000000 398.000000 -0.243308 0.262381
178.000000 398.000000 -0.236843 0.262432
186.000000 398.000000 -0.223905 0.262535
293.000000 398.000000 -0.049704 0.263571
305.000000 398.000000 -0.030066 0.263609
308.000000 398.000000 -0.025155 0.263615
322.000000 398.000000 -0.002235 0.263629
335.000000 398.000000 0.019048 0.263615
171.000000 399.000000 -0.248142 0.263955
280.000000 399.000000 -0.070959 0.265118
418.000000 399.000000 0.154530 0.264620
541.000000 399.000000 0.353188 0.263184
160.000000 400.000000 -0.265892 0.265430
269.000000 400.000000 -0.088926 0.266658
288.000000 400.000000 -0.057873 0.266771
314.000000 400.000000 -0.015331 0.266847
399.000000 400.000000 0.123600 0.266439
401.000000 400.000000 0.126858 0.266418
532.000000 400.000000 0.338680 0.264861
98.000000 401.000000 -0.365899 0.266501
164.000000 401.000000 -0.259423 0.267092
430.000000 401.000000 0.173996 0.267697
477.000000 401.000000 0.250049 0.267080
541.000000 401.000000 0.353176 0.266416
28.000000 402.000000 -0.480259 0.268681
30.000000 402.000000 -0.476936 0.268635
86.000000 402.000000 -0.385310 0.268096
157.000000 402.000000 -0.270710 0.268619
171.000000 402.000000 -0.248105 0.268791
270.000000 402.000000 -0.087279 0.269887
279.000000 402.000000 -0.072576 0.269945
285.000000 402.000000 -0.062769 0.269978
398.000000 402.000000 0.121951 0.269670
436.000000 402.000000 0.183717 0.269231
479.000000 402.000000 0.253264 0.268665
88.000000 403.000000 -0.382070 0.269717
175.000000 403.000000 -0.241629 0.270453
292.000000 403.000000 -0.051319 0.271621
300.000000 403.000000 -0.038234 0.271650
305.000000 403.000000 -0.030054 0.271663
366.000000 403.000000 0.069730 0.271541
369.000000 403.000000 0.074631 0.271522
420.000000 403.000000 0.157734 0.271039
484.000000 403.000000 0.261317 0.270212
82.000000 404.000000 -0.391794 0.271339
108.000000 404.000000 -0.349733 0.271398
129.000000 404.000000 -0.315851 0.271550
186.000000 404.000000 -0.223828 0.272204
307.000000 404.000000 -0.026780 0.273278
399.000000 404.000000 0.123560 0.272880
426.000000 404.000000 0.167466 0.272577
432.000000 404.000000 0.177204 0.272503
436.000000 404.000000 0.183691 0.272452
169.000000 405.000000 -0.251298 0.273602
282.000000 405.000000 -0.067656 0.274792
285.000000 405.000000 -0.062754 0.274808
322.000000 405.000000 -0.002236 0.274902
325.000000 405.000000 0.002673 0.274901
404.000000 405.000000 0.131691 0.274438
421.000000 405.000000 0.159335 0.274247
545.000000 405.000000 0.359608 0.272863
401.000000 406.000000 0.126796 0.276079
407.000000 406.000000 0.136562 0.276016
488.000000 406.000000 0.267731 0.274997
543.000000 407.000000 0.356371 0.276106
400.000000 408.000000 0.125148 0.279307
476.000000 408.000000 0.248345 0.278371
489.000000 408.000000 0.269319 0.278208
529.000000 408.000000 0.333786 0.277806
172.000000 409.000000 -0.246402 0.280084
329.000000 409.000000 0.009213 0.281334
419.000000 409.000000 0.156038 0.280708
424.000000 409.000000 0.164159 0.280649
428.000000 409.000000 0.170652 0.280600
487.000000 409.000000 0.266081 0.279844
335.000000 410.000000 0.019024 0.282933
408.000000 410.000000 0.138146 0.282441
493.000000 410.000000 0.275745 0.281384
556.000000 410.000000 0.377367 0.280925
103.000000 411.000000 -0.357782 0.282700
315.000000 411.000000 -0.013683 0.284552
327.000000 411.000000 0.005940 0.284553
486.000000 411.000000 0.264444 0.283079
27.000000 412.000000 -0.482183 0.285092
196.000000 412.000000 -0.207539 0.285213
313.000000 412.000000 -0.016953 0.286158
338.000000 412.000000 0.023925 0.286143
412.000000 412.000000 0.144628 0.285613
478.000000 412.000000 0.251523 0.284788
618.000000 412.000000 0.478835 0.284861
36.000000 413.000000 -0.467225 0.286500
345.000000 413.000000 0.035364 0.287730
430.000000 413.000000 0.173848 0.287010
527.000000 413.000000 0.330525 0.285896
26.000000 414.000000 -0.483912 0.288405
312.000000 414.000000 -0.018585 0.289371
348.000000 414.000000 0.040263 0.289326
400.000000 414.000000 0.125088 0.288956
408.000000 414.000000 0.138103 0.288873
436.000000 414.000000 0.183565 0.288545
475.000000 414.000000 0.246654 0.288047
621.000000 414.000000 0.483891 0.288225
74.000000 415.000000 -0.404837 0.289222
318.000000 415.000000 -0.008776 0.290984
327.000000 415.000000 0.005937 0.290982
332.000000 415.000000 0.014111 0.290976
414.000000 415.000000 0.147846 0.290415
420.000000 415.000000 0.157593 0.290346
505.000000 415.000000 0.295038 0.289314
510.000000 415.000000 0.303099 0.289265
524.000000 415.000000 0.325673 0.289148
30.000000 416.000000 -0.477287 0.291572
69.000000 416.000000 -0.412999 0.290885
207.000000 416.000000 -0.189664 0.291784
277.000000 416.000000 -0.075758 0.292454
339.000000 416.000000 0.025550 0.292569
431.000000 416.000000 0.175433 0.291823
434.000000 416.000000 0.180298 0.291786
436.000000 416.000000 0.183541 0.291761
52.000000 417.000000 -0.440868 0.292724
63.000000 417.000000 -0.422817 0.292573
145.000000 417.000000 -0.289914 0.292678
147.000000 417.000000 -0.286685 0.292697
159.000000 417.000000 -0.267309 0.292823
196.000000 417.000000 -0.207478 0.293260
212.000000 417.000000 -0.181543 0.293452
349.000000 417.000000 0.041885 0.294143
400.000000 417.000000 0.125058 0.293778
55.000000 418.000000 -0.435951 0.294309
227.000000 418.000000 -0.157178 0.295230
366.000000 418.000000 0.069637 0.295663
368.000000 418.000000 0.072901 0.295651
406.000000 418.000000 0.134808 0.295324
31.000000 419.000000 -0.475704 0.296470
44.000000 419.000000 -0.454104 0.296144
268.000000 419.000000 -0.090422 0.297215
312.000000 419.000000 -0.018579 0.297404
462.000000 419.000000 0.225589 0.296258
465.000000 419.000000 0.230438 0.296221
507.000000 419.000000 0.298224 0.295745
119.000000 420.000000 -0.331879 0.297325
122.000000 420.000000 -0.327031 0.297341
197.000000 420.000000 -0.205822 0.298098
239.000000 420.000000 -0.137649 0.298570
323.000000 420.000000 -0.000603 0.299016
328.000000 420.000000 0.007567 0.299013
331.000000 420.000000 0.012469 0.299009
482.000000 420.000000 0.257882 0.297623
513.000000 420.000000 0.307892 0.297305
154.000000 421.000000 -0.275342 0.299217
181.000000 421.000000 -0.231708 0.299517
223.000000 421.000000 -0.163643 0.300008
270.000000 421.000000 -0.087147 0.300441
337.000000 421.000000 0.022270 0.300604
342.000000 421.000000 0.030437 0.300591
347.000000 421.000000 0.038604 0.300575
480.000000 421.000000 0.254642 0.299257
275.000000 422.000000 -0.078985 0.302079
354.000000 422.000000 0.050029 0.302151
360.000000 422.000000 0.059823 0.302121
516.000000 422.000000 0.312716 0.300510
211.000000 423.000000 -0.183095 0.303087
310.000000 423.000000 -0.021840 0.303824
318.000000 423.000000 -0.008772 0.303832
366.000000 423.000000 0.069607 0.303692
373.000000 423.000000 0.081023 0.303646
435.000000 423.000000 0.181834 0.303027
482.000000 423.000000 0.257848 0.302455
149.000000 424.000000 -0.283389 0.304005
158.000000 424.000000 -0.268851 0.304093
268.000000 424.000000 -0.090387 0.305244
280.000000 424.000000 -0.070816 0.305320
283.000000 424.000000 -0.065921 0.305336
289.000000 424.000000 -0.056129 0.305365
379.000000 424.000000 0.090796 0.305207
382.000000 424.000000 0.095684 0.305184
390.000000 424.000000 0.108714 0.305116
400.000000 424.000000 0.124988 0.305023
411.000000 424.000000 0.142872 0.304909
180.000000 425.000000 -0.233279 0.305943
305.000000 425.000000 -0.030003 0.307024
345.000000 425.000000 0.035324 0.307002
348.000000 425.000000 0.040222 0.306991
394.000000 425.000000 0.115216 0.306685
432.000000 425.000000 0.176947 0.306277
437.000000 425.000000 0.185051 0.306217
506.000000 425.000000 0.296557 0.305433
553.000000 425.000000 0.372513 0.305233
317.000000 426.000000 -0.010404 0.308645
358.000000 426.000000 0.056538 0.308552
362.000000 426.000000 0.063064 0.308530
409.000000 426.000000 0.139601 0.308142
539.000000 426.000000 0.349843 0.306858
543.000000 426.000000 0.356315 0.306852
77.000000 427.000000 -0.400034 0.308718
145.000000 427.000000 -0.289824 0.308809
147.000000 427.000000 -0.286593 0.308826
320.000000 427.000000 -0.005504 0.310251
367.000000 427.000000 0.071213 0.310105
373.000000 427.000000 0.080995 0.310066
376.000000 427.000000 0.085885 0.310045
444.000000 427.000000 0.196367 0.309346
472.000000 427.000000 0.241652 0.309010
479.000000 427.000000 0.252959 0.308929
168.000000 428.000000 -0.252649 0.310641
335.000000 428.000000 0.018989 0.311841
345.000000 428.000000 0.035314 0.311815
348.000000 428.000000 0.040211 0.311804
387.000000 428.000000 0.103795 0.311563
554.000000 428.000000 0.374141 0.310102
143.000000 429.000000 -0.293039 0.312019
153.000000 429.000000 -0.276881 0.312104
391.000000 429.000000 0.110298 0.313133
528.000000 429.000000 0.332050 0.311747
160.000000 430.000000 -0.265560 0.313782
193.000000 430.000000 -0.212183 0.314135
362.000000 430.000000 0.063042 0.314947
400.000000 430.000000 0.124930 0.314654
572.000000 430.000000 0.403439 0.313461
602.000000 430.000000 0.452730 0.313967
167.000000 431.000000 -0.254235 0.315462
207.000000 431.000000 -0.189490 0.315900
416.000000 431.000000 0.150918 0.316095
430.000000 431.000000 0.173634 0.315938
153.000000 432.000000 -0.276854 0.316941
217.000000 432.000000 -0.173262 0.317616
271.000000 432.000000 -0.085443 0.318102
399.000000 432.000000 0.123285 0.317873
573.000000 432.000000 0.405092 0.316730
575.000000 432.000000 0.408360 0.316752
128.000000 433.000000 -0.317263 0.318385
135.000000 433.000000 -0.305942 0.318422
199.000000 433.000000 -0.202432 0.319025
404.000000 433.000000 0.131404 0.319429
433.000000 433.000000 0.178474 0.319116
153.000000 434.000000 -0.276837 0.320166
158.000000 434.000000 -0.268755 0.320210
445.000000 434.000000 0.197903 0.320583
206.000000 435.000000 -0.191067 0.322316
430.000000 435.000000 0.173588 0.322362
439.000000 435.000000 0.188174 0.322259
578.000000 435.000000 0.413308 0.321686
202.000000 436.000000 -0.197539 0.323880
593.000000 436.000000 0.437989 0.323594
598.000000 436.000000 0.446255 0.323713
134.000000 437.000000 -0.307538 0.324879
274.000000 437.000000 -0.080523 0.326138
590.000000 437.000000 0.433061 0.325167
84.000000 438.000000 -0.388707 0.326568
86.000000 438.000000 -0.385443 0.326549
189.000000 438.000000 -0.218573 0.326956
283.000000 438.000000 -0.065850 0.327790
241.000000 439.000000 -0.134215 0.329093
272.000000 439.000000 -0.083770 0.329332
289.000000 439.000000 -0.056065 0.329420
294.000000 439.000000 -0.047912 0.329440
308.000000 439.000000 -0.025079 0.329477
276.000000 440.000000 -0.077247 0.330959
284.000000 440.000000 -0.064211 0.331000
299.000000 440.000000 -0.039755 0.331058
305.000000 440.000000 -0.029970 0.331073
311.000000 440.000000 -0.020183 0.331084
445.000000 440.000000 0.197835 0.330224
447.000000 440.000000 0.201073 0.330201
133.000000 441.000000 -0.309138 0.331341
228.000000 441.000000 -0.155315 0.332179
235.000000 441.000000 -0.143947 0.332246
279.000000 441.000000 -0.072354 0.332578
295.000000 441.000000 -0.046275 0.332648
309.000000 441.000000 -0.023444 0.332683
321.000000 441.000000 -0.003871 0.332692
327.000000 441.000000 0.005916 0.332689
581.000000 441.000000 0.418326 0.331541
136.000000 442.000000 -0.304278 0.332970
288.000000 442.000000 -0.057682 0.334223
317.000000 442.000000 -0.010395 0.334293
332.000000 442.000000 0.014070 0.334285
585.000000 442.000000 0.424926 0.333256
598.000000 442.000000 0.446416 0.333573
235.000000 443.000000 -0.143928 0.335455
253.000000 443.000000 -0.114669 0.335610
270.000000 443.000000 -0.087002 0.335730
300.000000 443.000000 -0.038116 0.335867
328.000000 443.000000 0.007545 0.335892
343.000000 443.000000 0.032005 0.335863
349.000000 443.000000 0.041786 0.335843
524.000000 443.000000 0.325536 0.334411
48.000000 444.000000 -0.448111 0.337089
132.000000 444.000000 -0.310746 0.336189
278.000000 444.000000 -0.073967 0.337379
296.000000 444.000000 -0.044635 0.337457
321.000000 444.000000 -0.003871 0.337497
339.000000 444.000000 0.025480 0.337475
354.000000 444.000000 0.049931 0.337424
359.000000 444.000000 0.058079 0.337401
445.000000 444.000000 0.197791 0.336650
602.000000 444.000000 0.453126 0.336988
88.000000 445.000000 -0.382244 0.337937
145.000000 445.000000 -0.289699 0.337862
223.000000 445.000000 -0.163393 0.338551
250.000000 445.000000 -0.119532 0.338792
308.000000 445.000000 -0.025068 0.339087
332.000000 445.000000 0.014065 0.339090
350.000000 445.000000 0.043408 0.339042
365.000000 445.000000 0.067847 0.338972
371.000000 445.000000 0.077618 0.338936
441.000000 445.000000 0.191303 0.338299
465.000000 445.000000 0.230142 0.338048
159.000000 446.000000 -0.267041 0.339565
228.000000 446.000000 -0.155268 0.340203
279.000000 446.000000 -0.072328 0.340589
284.000000 446.000000 -0.064183 0.340613
291.000000 446.000000 -0.052777 0.340642
302.000000 446.000000 -0.034848 0.340677
319.000000 446.000000 -0.007132 0.340699
321.000000 446.000000 -0.003871 0.340699
373.000000 446.000000 0.080868 0.340525
376.000000 446.000000 0.085751 0.340505
383.000000 446.000000 0.097141 0.340456
529.000000 446.000000 0.333630 0.339265
607.000000 446.000000 0.461541 0.340461
272.000000 447.000000 -0.083721 0.342152
274.000000 447.000000 -0.080465 0.342163
295.000000 447.000000 -0.046255 0.342258
313.000000 447.000000 -0.016914 0.342297
331.000000 447.000000 0.012432 0.342294
356.000000 447.000000 0.053177 0.342220
385.000000 447.000000 0.100387 0.342043
388.000000 447.000000 0.105266 0.342020
474.000000 447.000000 0.244675 0.341180
506.000000 447.000000 0.296403 0.340946
37.000000 448.000000 -0.466659 0.344095
43.000000 448.000000 -0.456592 0.343861
217.000000 448.000000 -0.173098 0.343309
245.000000 448.000000 -0.127636 0.343561
247.000000 448.000000 -0.124386 0.343578
291.000000 448.000000 -0.052769 0.343845
318.000000 448.000000 -0.008762 0.343901
324.000000 448.000000 0.001019 0.343901
342.000000 448.000000 0.030360 0.343872
368.000000 448.000000 0.072716 0.343760
406.000000 448.000000 0.134510 0.343468
480.000000 448.000000 0.254366 0.342738
524.000000 448.000000 0.325529 0.342509
535.000000 448.000000 0.343361 0.342516
299.000000 449.000000 -0.039730 0.345473
309.000000 449.000000 -0.023432 0.345494
336.000000 449.000000 0.020579 0.345487
353.000000 449.000000 0.048281 0.345436
408.000000 449.000000 0.137748 0.345053
418.000000 449.000000 0.153978 0.344957
461.000000 449.000000 0.223633 0.344522
31.000000 450.000000 -0.476872 0.347683
35.000000 450.000000 -0.470113 0.347499
283.000000 450.000000 -0.065793 0.347015
287.000000 450.000000 -0.059278 0.347032
290.000000 450.000000 -0.054391 0.347044
302.000000 450.000000 -0.034839 0.347081
347.000000 450.000000 0.038502 0.347059
365.000000 450.000000 0.067820 0.346979
378.000000 450.000000 0.088978 0.346900
389.000000 450.000000 0.106869 0.346819
421.000000 450.000000 0.158835 0.346532
424.000000 450.000000 0.163701 0.346502
431.000000 450.000000 0.175049 0.346432
468.000000 450.000000 0.234946 0.346065
517.000000 450.000000 0.314190 0.345758
521.000000 450.000000 0.320668 0.345752
621.000000 450.000000 0.485303 0.347710
272.000000 451.000000 -0.083698 0.348559
280.000000 451.000000 -0.070674 0.348602
295.000000 451.000000 -0.046242 0.348663
314.000000 451.000000 -0.015280 0.348701
321.000000 451.000000 -0.003871 0.348704
333.000000 451.000000 0.015686 0.348694
352.000000 451.000000 0.046644 0.348642
359.000000 451.000000 0.058045 0.348611
376.000000 451.000000 0.085718 0.348515
491.000000 451.000000 0.272126 0.347492
629.000000 451.000000 0.499000 0.349823
287.000000 452.000000 -0.059270 0.350235
305.000000 452.000000 -0.029946 0.350289
325.000000 452.000000 0.002647 0.350303
345.000000 452.000000 0.035237 0.350267
371.000000 452.000000 0.077575 0.350148
388.000000 452.000000 0.105228 0.350031
394.000000 452.000000 0.114980 0.349984
398.000000 452.000000 0.121480 0.349951
400.000000 452.000000 0.124729 0.349934
402.000000 452.000000 0.127978 0.349916
494.000000 452.000000 0.276971 0.349087
506.000000 452.000000 0.296381 0.349027
636.000000 452.000000 0.511112 0.351949
281.000000 453.000000 -0.069036 0.351810
298.000000 453.000000 -0.041349 0.351874
337.000000 453.000000 0.022201 0.351888
356.000000 453.000000 0.053151 0.351827
382.000000 453.000000 0.095464 0.351677
616.000000 453.000000 0.476979 0.352456
79.000000 454.000000 -0.397111 0.352773
292.000000 454.000000 -0.051119 0.353456
310.000000 454.000000 -0.021795 0.353499
322.000000 454.000000 -0.002242 0.353506
328.000000 454.000000 0.007535 0.353502
335.000000 454.000000 0.018940 0.353493
368.000000 454.000000 0.072681 0.353368
394.000000 454.000000 0.114964 0.353189
413.000000 454.000000 0.145818 0.353025
425.000000 454.000000 0.165283 0.352912
601.000000 454.000000 0.451803 0.353472
230.000000 455.000000 -0.151941 0.354661
271.000000 455.000000 -0.085303 0.354961
303.000000 455.000000 -0.033198 0.355087
347.000000 455.000000 0.038486 0.355063
360.000000 455.000000 0.059654 0.355011
380.000000 455.000000 0.092198 0.354895
626.000000 455.000000 0.494102 0.356340
282.000000 456.000000 -0.067394 0.356618
287.000000 456.000000 -0.059254 0.356639
315.000000 456.000000 -0.013647 0.356705
372.000000 456.000000 0.079178 0.356547
392.000000 456.000000 0.111699 0.356409
419.000000 456.000000 0.155534 0.356177
76.000000 457.000000 -0.402103 0.357752
299.000000 457.000000 -0.039709 0.358279
319.000000 457.000000 -0.007130 0.358307
326.000000 457.000000 0.004274 0.358305
355.000000 457.000000 0.051505 0.358234
364.000000 457.000000 0.066155 0.358193
384.000000 457.000000 0.098688 0.358071
606.000000 457.000000 0.460303 0.358647
610.000000 457.000000 0.467036 0.358827
617.000000 457.000000 0.478877 0.359175
284.000000 458.000000 -0.064130 0.359829
301.000000 458.000000 -0.036449 0.359885
312.000000 458.000000 -0.018532 0.359903
332.000000 458.000000 0.014046 0.359899
339.000000 458.000000 0.025448 0.359886
351.000000 458.000000 0.044989 0.359851
419.000000 458.000000 0.155516 0.359386
536.000000 458.000000 0.345023 0.358771
588.000000 458.000000 0.430291 0.359641
98.000000 459.000000 -0.366060 0.360674
292.000000 459.000000 -0.051102 0.361460
324.000000 459.000000 0.001015 0.361507
343.000000 459.000000 0.031959 0.361477
369.000000 459.000000 0.074280 0.361368
396.000000 459.000000 0.118174 0.361186
540.000000 459.000000 0.351537 0.360425
96.000000 460.000000 -0.369342 0.362332
275.000000 460.000000 -0.078768 0.362990
279.000000 460.000000 -0.072259 0.363009
336.000000 460.000000 0.020558 0.363093
356.000000 460.000000 0.053121 0.363032
362.000000 460.000000 0.062886 0.363006
381.000000 460.000000 0.093790 0.362897
92.000000 461.000000 -0.375902 0.364023
287.000000 461.000000 -0.059235 0.364644
290.000000 461.000000 -0.054351 0.364655
295.000000 461.000000 -0.046211 0.364671
302.000000 461.000000 -0.034814 0.364688
348.000000 461.000000 0.040095 0.364663
375.000000 461.000000 0.084028 0.364536
393.000000 461.000000 0.113285 0.364414
580.000000 461.000000 0.417126 0.364357
584.000000 461.000000 0.423748 0.364471
387.000000 462.000000 0.103529 0.366059
406.000000 462.000000 0.134388 0.365914
363.000000 463.000000 0.064498 0.367803
365.000000 463.000000 0.067752 0.367794
372.000000 463.000000 0.079138 0.367756
376.000000 463.000000 0.085642 0.367733
401.000000 463.000000 0.126263 0.367558
422.000000 463.000000 0.160337 0.367383
385.000000 464.000000 0.100265 0.369277
390.000000 464.000000 0.108390 0.369243
362.000000 465.000000 0.062862 0.371010
396.000000 465.000000 0.118128 0.370802
427.000000 465.000000 0.168426 0.370552
592.000000 465.000000 0.437186 0.371358
4.000000 466.000000 -0.524614 0.376482
100.000000 466.000000 -0.362878 0.372091
188.000000 466.000000 -0.219950 0.372005
355.000000 466.000000 0.051469 0.372640
371.000000 466.000000 0.077495 0.372566
389.000000 466.000000 0.106751 0.372455
402.000000 466.000000 0.127863 0.372360
423.000000 466.000000 0.161933 0.372191
361.000000 467.000000 0.061226 0.374216
404.000000 467.000000 0.131102 0.373948
585.000000 467.000000 0.425599 0.374421
587.000000 467.000000 0.428926 0.374490
371.000000 468.000000 0.077484 0.375769
377.000000 468.000000 0.087238 0.375735
381.000000 468.000000 0.093739 0.375711
385.000000 468.000000 0.100239 0.375686
401.000000 468.000000 0.126225 0.375574
407.000000 468.000000 0.135963 0.375529
410.000000 468.000000 0.140831 0.375506
425.000000 468.000000 0.165159 0.375386
591.000000 468.000000 0.435632 0.376298
594.000000 468.000000 0.440646 0.376419
113.000000 469.000000 -0.341678 0.376843
383.000000 469.000000 0.096983 0.377301
391.000000 469.000000 0.109980 0.377249
413.000000 469.000000 0.145691 0.377087
415.000000 469.000000 0.148935 0.377071
599.000000 469.000000 0.449075 0.378303
104.000000 470.000000 -0.356389 0.378582
108.000000 470.000000 -0.349851 0.378530
195.000000 470.000000 -0.208581 0.378494
376.000000 470.000000 0.085601 0.378944
397.000000 470.000000 0.119716 0.378810
403.000000 470.000000 0.129456 0.378767
587.000000 470.000000 0.429035 0.379465
99.000000 471.000000 -0.364589 0.380294
115.000000 471.000000 -0.338435 0.380089
201.000000 471.000000 -0.198849 0.380143
410.000000 471.000000 0.140808 0.380319
583.000000 471.000000 0.422412 0.380978
205.000000 472.000000 -0.192359 0.381778
424.000000 472.000000 0.163506 0.381819
43.000000 473.000000 -0.457724 0.385469
116.000000 473.000000 -0.336823 0.383345
226.000000 473.000000 -0.158294 0.383526
99.000000 474.000000 -0.364640 0.385215
106.000000 474.000000 -0.353174 0.385103
110.000000 474.000000 -0.346632 0.385048
216.000000 474.000000 -0.174509 0.385067
229.000000 474.000000 -0.153420 0.385152
238.000000 474.000000 -0.138813 0.385210
191.000000 475.000000 -0.215035 0.386529
203.000000 475.000000 -0.195583 0.386596
242.000000 475.000000 -0.132313 0.386840
246.000000 475.000000 -0.125818 0.386865
38.000000 476.000000 -0.466400 0.390805
94.000000 476.000000 -0.372888 0.388598
98.000000 476.000000 -0.366317 0.388518
101.000000 476.000000 -0.361396 0.388463
120.000000 476.000000 -0.330328 0.388205
222.000000 476.000000 -0.164764 0.388322
227.000000 476.000000 -0.156652 0.388353
252.000000 476.000000 -0.116068 0.388504
254.000000 476.000000 -0.112820 0.388515
256.000000 476.000000 -0.109571 0.388526
260.000000 476.000000 -0.103072 0.388547
265.000000 476.000000 -0.094948 0.388572
