 0 1682347927.532717 0.361718 -0.204270 0.100127 0.361718 -0.204270 0.100127 0.904200 0.024373 -0.007527 -0.426348 0.904200 0.024373 -0.007527 -0.426348 -1 0.000000 0.000000 0.000000 0.000000 0.000000 0.000000 0.000000 0.000000 730 2348
 1 1682347928.035562 0.364380 -0.227349 0.094341 0.364380 -0.227349 0.094341 0.889459 0.023070 -0.004270 -0.456411 0.889459 0.023070 -0.004270 -0.456411 -1 0.000000 0.000000 0.000000 0.000000 0.000000 0.000000 0.000000 0.000000 980 2324
 2 1682347928.504663 0.365414 -0.249601 0.089047 0.365414 -0.249601 0.089047 0.872922 0.024428 -0.001327 -0.487246 0.872922 0.024428 -0.001327 -0.487246 -1 0.000000 0.000000 0.000000 0.000000 0.000000 0.000000 0.000000 0.000000 1067 2287
 3 1682347928.973904 0.369260 -0.272597 0.082026 0.369260 -0.272597 0.082026 0.855026 0.019277 0.002742 -0.518219 0.855026 0.019277 0.002742 -0.518219 -1 0.000000 0.000000 0.000000 0.000000 0.000000 0.000000 0.000000 0.000000 1321 2288
 4 1682347929.510097 0.369903 -0.302171 0.083424 0.369903 -0.302171 0.083424 0.826123 0.017133 0.006376 -0.563193 0.826123 0.017133 0.006376 -0.563193 -1 0.000000 0.000000 0.000000 0.000000 0.000000 0.000000 0.000000 0.000000 1555 2250
 5 1682347929.979719 0.375618 -0.320397 0.078417 0.375618 -0.320397 0.078417 0.811280 0.012130 0.006678 -0.584493 0.811280 0.012130 0.006678 -0.584493 -1 0.000000 0.000000 0.000000 0.000000 0.000000 0.000000 0.000000 0.000000 1558 2221
 6 1682347930.450211 0.380863 -0.347576 0.076659 0.380863 -0.347576 0.076659 0.792298 0.010361 0.005511 -0.610022 0.792298 0.010361 0.005511 -0.610022 -1 0.000000 0.000000 0.000000 0.000000 0.000000 0.000000 0.000000 0.000000 1733 2277
 7 1682347931.021291 0.389283 -0.386189 0.074482 0.389283 -0.386189 0.074482 0.773021 0.004890 0.005538 -0.634338 0.773021 0.004890 0.005538 -0.634338 -1 0.000000 0.000000 0.000000 0.000000 0.000000 0.000000 0.000000 0.000000 1849 2341
 8 1682347931.424124 0.397509 -0.412427 0.072715 0.397509 -0.412427 0.072715 0.757940 0.000803 0.000797 -0.652323 0.757940 0.000803 0.000797 -0.652323 -1 0.000000 0.000000 0.000000 0.000000 0.000000 0.000000 0.000000 0.000000 1979 2381
 9 1682347931.860431 0.407457 -0.443283 0.071525 0.407457 -0.443283 0.071525 0.760021 -0.002327 -0.000325 -0.649894 0.760021 -0.002327 -0.000325 -0.649894 -1 0.000000 0.000000 0.000000 0.000000 0.000000 0.000000 0.000000 0.000000 1523 2415
 10 1682347932.363024 0.436345 -0.478625 0.071004 0.436345 -0.478625 0.071004 0.786015 -0.006189 -0.004657 -0.618160 0.786015 -0.006189 -0.004657 -0.618160 -1 0.000000 0.000000 0.000000 0.000000 0.000000 0.000000 0.000000 0.000000 1187 2433
 11 1682347932.831995 0.474515 -0.504300 0.075453 0.474515 -0.504300 0.075453 0.814468 -0.008170 -0.010944 -0.580047 0.814468 -0.008170 -0.010944 -0.580047 -1 0.000000 0.000000 0.000000 0.000000 0.000000 0.000000 0.000000 0.000000 979 2390
 12 1682347933.368404 0.516196 -0.517646 0.072711 0.516196 -0.517646 0.072711 0.846579 -0.004333 -0.004781 -0.532224 0.846579 -0.004333 -0.004781 -0.532224 -1 0.000000 0.000000 0.000000 0.000000 0.000000 0.000000 0.000000 0.000000 847 2330
 13 1682347933.904709 0.564344 -0.513806 0.052870 0.564344 -0.513806 0.052870 0.888406 -0.009390 -0.001812 -0.458959 0.888406 -0.009390 -0.001812 -0.458959 -1 0.000000 0.000000 0.000000 0.000000 0.000000 0.000000 0.000000 0.000000 502 2390
 14 1682347934.440831 0.578374 -0.552164 0.046405 0.578374 -0.552164 0.046405 0.931081 -0.000839 -0.017879 -0.364374 0.931081 -0.000839 -0.017879 -0.364374 -1 0.000000 0.000000 0.000000 0.000000 0.000000 0.000000 0.000000 0.000000 256 2482
 15 1682347934.943992 0.625469 -0.567716 0.073343 0.625469 -0.567716 0.073343 0.957471 0.005998 -0.008360 -0.288347 0.957471 0.005998 -0.008360 -0.288347 -1 0.000000 0.000000 0.000000 0.000000 0.000000 0.000000 0.000000 0.000000 167 2453
 16 1682347935.449894 0.686704 -0.546824 0.056781 0.686704 -0.546824 0.056781 0.967627 0.008860 0.001315 -0.252227 0.967627 0.008860 0.001315 -0.252227 -1 0.000000 0.000000 0.000000 0.000000 0.000000 0.000000 0.000000 0.000000 180 2372
 17 1682347935.921746 0.666259 -0.615914 0.085356 0.666259 -0.615914 0.085356 0.985133 0.005331 -0.015473 -0.171011 0.985133 0.005331 -0.015473 -0.171011 -1 0.000000 0.000000 0.000000 0.000000 0.000000 0.000000 0.000000 0.000000 92 2672
 18 1682347936.390638 0.686088 -0.635637 0.151216 0.686088 -0.635637 0.151216 0.993134 0.014222 0.003923 -0.116049 0.993134 0.014222 0.003923 -0.116049 -1 0.000000 0.000000 0.000000 0.000000 0.000000 0.000000 0.000000 0.000000 53 2726
 19 1682347936.859392 0.697365 -0.624506 0.173112 0.697365 -0.624506 0.173112 0.997787 0.020490 0.004118 -0.063116 0.997787 0.020490 0.004118 -0.063116 -1 0.000000 0.000000 0.000000 0.000000 0.000000 0.000000 0.000000 0.000000 50 2763
 20 1682347937.328260 0.696235 -0.618584 0.200100 0.696235 -0.618584 0.200100 0.999495 0.028981 0.009257 -0.009163 0.999495 0.028981 0.009257 -0.009163 -1 0.000000 0.000000 0.000000 0.000000 0.000000 0.000000 0.000000 0.000000 8 2760
 21 1682347937.796954 0.693295 -0.596033 0.238139 0.693295 -0.596033 0.238139 0.998730 0.028017 0.012666 0.039924 0.998730 0.028017 0.012666 0.039924 -1 0.000000 0.000000 0.000000 0.000000 0.000000 0.000000 0.000000 0.000000 0 2734
 22 1682347938.268328 0.681864 -0.569584 0.269205 0.681864 -0.569584 0.269205 0.995943 0.031295 0.004724 0.084231 0.995943 0.031295 0.004724 0.084231 -1 0.000000 0.000000 0.000000 0.000000 0.000000 0.000000 0.000000 0.000000 5 2706
 23 1682347938.740618 0.688148 -0.535841 0.304523 0.688148 -0.535841 0.304523 0.991792 0.023980 -0.006023 0.125446 0.991792 0.023980 -0.006023 0.125446 -1 0.000000 0.000000 0.000000 0.000000 0.000000 0.000000 0.000000 0.000000 68 2827
 24 1682347939.244343 0.685162 -0.519828 0.362048 0.685162 -0.519828 0.362048 0.983567 0.033922 -0.005682 0.177237 0.983567 0.033922 -0.005682 0.177237 -1 0.000000 0.000000 0.000000 0.000000 0.000000 0.000000 0.000000 0.000000 106 2847
 25 1682347939.746196 0.670390 -0.507429 0.371908 0.670390 -0.507429 0.371908 0.973755 0.029282 -0.013197 0.225323 0.973755 0.029282 -0.013197 0.225323 -1 0.000000 0.000000 0.000000 0.000000 0.000000 0.000000 0.000000 0.000000 237 2846
 26 1682347940.181145 0.644629 -0.474901 0.388145 0.644629 -0.474901 0.388145 0.965679 0.035658 -0.019449 0.256544 0.965679 0.035658 -0.019449 0.256544 -1 0.000000 0.000000 0.000000 0.000000 0.000000 0.000000 0.000000 0.000000 253 2843
 27 1682347940.683006 0.622376 -0.442672 0.410249 0.622376 -0.442672 0.410249 0.950926 0.042085 -0.020518 0.305854 0.950926 0.042085 -0.020518 0.305854 -1 0.000000 0.000000 0.000000 0.000000 0.000000 0.000000 0.000000 0.000000 318 2841
 28 1682347941.185935 0.600579 -0.409157 0.423729 0.600579 -0.409157 0.423729 0.935500 0.048350 -0.026361 0.349009 0.935500 0.048350 -0.026361 0.349009 -1 0.000000 0.000000 0.000000 0.000000 0.000000 0.000000 0.000000 0.000000 353 2835
 29 1682347941.654069 0.580390 -0.384829 0.430474 0.580390 -0.384829 0.430474 0.922017 0.052793 -0.027197 0.382568 0.922017 0.052793 -0.027197 0.382568 -1 0.000000 0.000000 0.000000 0.000000 0.000000 0.000000 0.000000 0.000000 388 2834
 30 1682347942.122434 0.556768 -0.354795 0.429088 0.556768 -0.354795 0.429088 0.907739 0.056949 -0.026525 0.414804 0.907739 0.056949 -0.026525 0.414804 -1 0.000000 0.000000 0.000000 0.000000 0.000000 0.000000 0.000000 0.000000 419 2808
 31 1682347942.627486 0.533958 -0.327274 0.426672 0.533958 -0.327274 0.426672 0.892382 0.061311 -0.028554 0.446184 0.892382 0.061311 -0.028554 0.446184 -1 0.000000 0.000000 0.000000 0.000000 0.000000 0.000000 0.000000 0.000000 360 2770
 32 1682347943.132679 0.505729 -0.297164 0.422659 0.505729 -0.297164 0.422659 0.876386 0.063727 -0.027564 0.476578 0.876386 0.063727 -0.027564 0.476578 -1 0.000000 0.000000 0.000000 0.000000 0.000000 0.000000 0.000000 0.000000 294 2709
 33 1682347943.669472 0.482607 -0.269816 0.415154 0.482607 -0.269816 0.415154 0.855848 0.063462 -0.027909 0.512560 0.855848 0.063462 -0.027909 0.512560 -1 0.000000 0.000000 0.000000 0.000000 0.000000 0.000000 0.000000 0.000000 282 2549
 34 1682347944.172642 0.463530 -0.243608 0.407337 0.463530 -0.243608 0.407337 0.835452 0.059324 -0.028666 0.545599 0.835452 0.059324 -0.028666 0.545599 -1 0.000000 0.000000 0.000000 0.000000 0.000000 0.000000 0.000000 0.000000 164 2428
 35 1682347944.642188 0.439578 -0.216517 0.400730 0.439578 -0.216517 0.400730 0.809547 0.058852 -0.024634 0.583579 0.809547 0.058852 -0.024634 0.583579 -1 0.000000 0.000000 0.000000 0.000000 0.000000 0.000000 0.000000 0.000000 162 2469
 36 1682347945.178774 0.412822 -0.196269 0.396678 0.412822 -0.196269 0.396678 0.778749 0.058591 -0.029469 0.623898 0.778749 0.058591 -0.029469 0.623898 -1 0.000000 0.000000 0.000000 0.000000 0.000000 0.000000 0.000000 0.000000 129 2432
 37 1682347945.648283 0.378615 -0.187046 0.393390 0.378615 -0.187046 0.393390 0.747070 0.050322 -0.027894 0.662251 0.747070 0.050322 -0.027894 0.662251 -1 0.000000 0.000000 0.000000 0.000000 0.000000 0.000000 0.000000 0.000000 94 2371
 38 1682347946.117981 0.379112 -0.187239 0.399946 0.379112 -0.187239 0.399946 0.707768 0.043506 -0.015571 0.704932 0.707768 0.043506 -0.015571 0.704932 -1 0.000000 0.000000 0.000000 0.000000 0.000000 0.000000 0.000000 0.000000 79 2283
 39 1682347946.585359 0.330315 -0.170563 0.375462 0.330315 -0.170563 0.375462 0.702663 0.045697 -0.027565 0.709518 0.702663 0.045697 -0.027565 0.709518 -1 0.000000 0.000000 0.000000 0.000000 0.000000 0.000000 0.000000 0.000000 107 2277
 40 1682347947.055116 0.311376 -0.161477 0.367449 0.311376 -0.161477 0.367449 0.678896 0.046490 -0.030652 0.732119 0.678896 0.046490 -0.030652 0.732119 -1 0.000000 0.000000 0.000000 0.000000 0.000000 0.000000 0.000000 0.000000 67 2199
 41 1682347947.558756 0.274965 -0.153415 0.354339 0.274965 -0.153415 0.354339 0.641078 0.044138 -0.033598 0.765468 0.641078 0.044138 -0.033598 0.765468 -1 0.000000 0.000000 0.000000 0.000000 0.000000 0.000000 0.000000 0.000000 36 2273
 42 1682347948.062340 0.256578 -0.153894 0.356704 0.256578 -0.153894 0.356704 0.607740 0.047652 -0.042452 0.791568 0.607740 0.047652 -0.042452 0.791568 -1 0.000000 0.000000 0.000000 0.000000 0.000000 0.000000 0.000000 0.000000 30 2279
 43 1682347948.599252 0.224880 -0.150683 0.347515 0.224880 -0.150683 0.347515 0.565046 0.053528 -0.044746 0.822104 0.565046 0.053528 -0.044746 0.822104 -1 0.000000 0.000000 0.000000 0.000000 0.000000 0.000000 0.000000 0.000000 16 2350
 44 1682347949.068992 0.178442 -0.276273 0.401122 0.178442 -0.276273 0.401122 0.558903 0.022355 -0.049859 0.827431 0.558903 0.022355 -0.049859 0.827431 -1 0.000000 0.000000 0.000000 0.000000 0.000000 0.000000 0.000000 0.000000 3 2625
 45 1682347949.570107 -0.222784 -0.391056 0.044205 -0.222784 -0.391056 0.044205 0.650279 0.172144 -0.097690 0.733458 0.650279 0.172144 -0.097690 0.733458 -1 0.000000 0.000000 0.000000 0.000000 0.000000 0.000000 0.000000 0.000000 0 2852
 46 1682347950.069745 -0.176478 -0.477326 0.030106 -0.176478 -0.477326 0.030106 0.620278 0.170226 -0.082279 0.761255 0.620278 0.170226 -0.082279 0.761255 -1 0.000000 0.000000 0.000000 0.000000 0.000000 0.000000 0.000000 0.000000 12 2852
 47 1682347950.569463 -0.136610 -0.367092 -0.081836 -0.136610 -0.367092 -0.081836 0.520994 0.203408 -0.148396 0.815579 0.520994 0.203408 -0.148396 0.815579 -1 0.000000 0.000000 0.000000 0.000000 0.000000 0.000000 0.000000 0.000000 5 2852
 48 1682347951.036151 -0.113476 -0.170501 0.090785 -0.113476 -0.170501 0.090785 0.389436 0.129900 -0.215352 0.886053 0.389436 0.129900 -0.215352 0.886053 -1 0.000000 0.000000 0.000000 0.000000 0.000000 0.000000 0.000000 0.000000 9 2852
 49 1682347951.537701 -0.162525 -0.145456 0.098793 -0.162525 -0.145456 0.098793 0.341303 0.133231 -0.217300 0.904733 0.341303 0.133231 -0.217300 0.904733 -1 0.000000 0.000000 0.000000 0.000000 0.000000 0.000000 0.000000 0.000000 16 2851
 50 1682347952.039160 -0.209357 -0.145545 0.108853 -0.209357 -0.145545 0.108853 0.313414 0.128181 -0.219037 0.915076 0.313414 0.128181 -0.219037 0.915076 -1 0.000000 0.000000 0.000000 0.000000 0.000000 0.000000 0.000000 0.000000 25 2843
 51 1682347952.506066 -0.247381 -0.137742 0.099289 -0.247381 -0.137742 0.099289 0.291819 0.132117 -0.216006 0.922349 0.291819 0.132117 -0.216006 0.922349 -1 0.000000 0.000000 0.000000 0.000000 0.000000 0.000000 0.000000 0.000000 18 2833
 52 1682347953.006281 -0.285117 -0.131125 0.095043 -0.285117 -0.131125 0.095043 0.265249 0.139372 -0.215037 0.929504 0.265249 0.139372 -0.215037 0.929504 -1 0.000000 0.000000 0.000000 0.000000 0.000000 0.000000 0.000000 0.000000 22 2691
 53 1682347953.472986 -0.320935 -0.109369 0.078027 -0.320935 -0.109369 0.078027 0.250161 0.148964 -0.218622 0.931361 0.250161 0.148964 -0.218622 0.931361 -1 0.000000 0.000000 0.000000 0.000000 0.000000 0.000000 0.000000 0.000000 31 2178
 54 1682347954.006579 -0.354935 -0.076202 0.063402 -0.354935 -0.076202 0.063402 0.253439 0.161422 -0.216578 0.928873 0.253439 0.161422 -0.216578 0.928873 -1 0.000000 0.000000 0.000000 0.000000 0.000000 0.000000 0.000000 0.000000 21 1590
 55 1682347954.508694 -0.386099 -0.053295 0.042879 -0.386099 -0.053295 0.042879 0.256680 0.182328 -0.215683 0.924312 0.256680 0.182328 -0.215683 0.924312 -1 0.000000 0.000000 0.000000 0.000000 0.000000 0.000000 0.000000 0.000000 18 1229
 56 1682347954.977482 -0.413333 -0.032597 0.021184 -0.413333 -0.032597 0.021184 0.257931 0.191097 -0.207705 0.924020 0.257931 0.191097 -0.207705 0.924020 -1 0.000000 0.000000 0.000000 0.000000 0.000000 0.000000 0.000000 0.000000 10 1028
 57 1682347955.477765 -0.442394 -0.014436 -0.001130 -0.442394 -0.014436 -0.001130 0.289805 0.200028 -0.205439 0.913125 0.289805 0.200028 -0.205439 0.913125 -1 0.000000 0.000000 0.000000 0.000000 0.000000 0.000000 0.000000 0.000000 2 1021
 58 1682347955.944688 -0.464349 0.007374 -0.022908 -0.464349 0.007374 -0.022908 0.316143 0.198592 -0.203581 0.905080 0.316143 0.198592 -0.203581 0.905080 -1 0.000000 0.000000 0.000000 0.000000 0.000000 0.000000 0.000000 0.000000 7 1060
 59 1682347956.411626 -0.488637 0.020205 -0.040730 -0.488637 0.020205 -0.040730 0.327216 0.209359 -0.200173 0.899460 0.327216 0.209359 -0.200173 0.899460 -1 0.000000 0.000000 0.000000 0.000000 0.000000 0.000000 0.000000 0.000000 8 957
 60 1682347956.911910 -0.505479 0.037101 -0.055034 -0.505479 0.037101 -0.055034 0.341415 0.212408 -0.189347 0.895805 0.341415 0.212408 -0.189347 0.895805 -1 0.000000 0.000000 0.000000 0.000000 0.000000 0.000000 0.000000 0.000000 16 1014
 61 1682347957.372404 -0.517960 0.061769 -0.066478 -0.517960 0.061769 -0.066478 0.335858 0.204143 -0.173384 0.903030 0.335858 0.204143 -0.173384 0.903030 -1 0.000000 0.000000 0.000000 0.000000 0.000000 0.000000 0.000000 0.000000 10 1032
 62 1682347957.854459 -0.524521 0.080888 -0.073843 -0.524521 0.080888 -0.073843 0.330217 0.193782 -0.166021 0.908759 0.330217 0.193782 -0.166021 0.908759 -1 0.000000 0.000000 0.000000 0.000000 0.000000 0.000000 0.000000 0.000000 12 933
 63 1682347958.664610 -0.529022 0.073937 -0.068922 -0.529022 0.073937 -0.068922 0.338711 0.184901 -0.163686 0.907906 0.338711 0.184901 -0.163686 0.907906 -1 0.000000 0.000000 0.000000 0.000000 0.000000 0.000000 0.000000 0.000000 35 702
 64 1682347959.200201 -0.529367 0.075416 -0.073294 -0.529367 0.075416 -0.073294 0.337990 0.186946 -0.164468 0.907614 0.337990 0.186946 -0.164468 0.907614 -1 0.000000 0.000000 0.000000 0.000000 0.000000 0.000000 0.000000 0.000000 58 375
 65 1682347959.668819 -0.530376 0.069519 -0.067834 -0.530376 0.069519 -0.067834 0.342957 0.181125 -0.163033 0.907191 0.342957 0.181125 -0.163033 0.907191 -1 0.000000 0.000000 0.000000 0.000000 0.000000 0.000000 0.000000 0.000000 50 318
 66 1682347976.434205 -0.520208 0.061400 -0.052720 -0.520208 0.061400 -0.052720 0.345709 0.161394 -0.163101 0.909854 0.345709 0.161394 -0.163101 0.909854 -1 0.000000 0.000000 0.000000 0.000000 0.000000 0.000000 0.000000 0.000000 43 857
 67 1682347984.800737 -0.520696 0.062575 -0.054356 -0.520696 0.062575 -0.054356 0.344689 0.163517 -0.162795 0.909917 0.344689 0.163517 -0.162795 0.909917 -1 0.000000 0.000000 0.000000 0.000000 0.000000 0.000000 0.000000 0.000000 39 449
